Time,Center,Metric,Value
400.0,XRay,TimeTotal,52.481150360405955
400.0,XRay,NumTotal,7.0
400.0,XRay,SystemResponseTime_Success,197.44256050021696
400.0,XRay,BusyServers,6.0
400.0,XRay,TimeQueue,2.402325310809033
400.0,XRay,TimeService,50.593414188733945
400.0,XRay,NumQueue,1.0
400.0,FastTrack,TimeTotal,51.18058157436352
400.0,FastTrack,NumTotal,1.0
400.0,FastTrack,SystemResponseTime_Success,197.44256050021696
400.0,FastTrack,BusyServers,1.0
400.0,FastTrack,TimeQueue,0.8869371636063619
400.0,FastTrack,TimeService,49.99799868955504
400.0,FastTrack,NumQueue,0.0
400.0,CheckIn,TimeTotal,124.79687269632132
400.0,CheckIn,NumTotal,5.0
400.0,CheckIn,SystemResponseTime_Success,197.44256050021696
400.0,CheckIn,BusyServers,5.0
400.0,CheckIn,TimeQueue,4.248476876966407
400.0,CheckIn,TimeService,123.44852020618526
400.0,CheckIn,NumQueue,0.0
400.0,Varchi,TimeTotal,19.187037177209824
400.0,Varchi,NumTotal,5.0
400.0,Varchi,SystemResponseTime_Success,197.44256050021696
400.0,Varchi,BusyServers,4.0
400.0,Varchi,TimeQueue,0.49972561220802875
400.0,Varchi,TimeService,18.882385685959743
400.0,Varchi,NumQueue,1.0
400.0,TraceDetection,TimeTotal,0.0
400.0,TraceDetection,NumTotal,1.0
400.0,TraceDetection,SystemResponseTime_Success,197.44256050021696
400.0,TraceDetection,BusyServers,1.0
400.0,TraceDetection,TimeQueue,0.0
400.0,TraceDetection,TimeService,0.0
400.0,TraceDetection,NumQueue,0.0
400.0,Recupero,TimeTotal,122.73671913305942
400.0,Recupero,NumTotal,15.0
400.0,Recupero,SystemResponseTime_Success,197.44256050021696
400.0,Recupero,BusyServers,15.0
400.0,Recupero,TimeQueue,0.0
400.0,Recupero,TimeService,122.73671913305942
400.0,Recupero,NumQueue,0.0
800.0,Varchi,TimeTotal,20.449045639452542
800.0,Varchi,NumTotal,2.0
800.0,Varchi,SystemResponseTime_Success,257.1000169789765
800.0,Varchi,BusyServers,2.0
800.0,Varchi,TimeQueue,1.5183498508097995
800.0,Varchi,TimeService,18.89873052862571
800.0,Varchi,NumQueue,0.0
800.0,CheckIn,TimeTotal,125.93355661572755
800.0,CheckIn,NumTotal,6.0
800.0,CheckIn,SystemResponseTime_Success,257.1000169789765
800.0,CheckIn,BusyServers,6.0
800.0,CheckIn,TimeQueue,2.2505922581228868
800.0,CheckIn,TimeService,123.21732458006196
800.0,CheckIn,NumQueue,0.0
800.0,XRay,TimeTotal,82.70802599135429
800.0,XRay,NumTotal,14.0
800.0,XRay,SystemResponseTime_Success,257.1000169789765
800.0,XRay,BusyServers,6.0
800.0,XRay,TimeQueue,34.36140061437778
800.0,XRay,TimeService,51.77112641432103
800.0,XRay,NumQueue,8.0
800.0,FastTrack,TimeTotal,62.12061570852805
800.0,FastTrack,NumTotal,1.0
800.0,FastTrack,SystemResponseTime_Success,257.1000169789765
800.0,FastTrack,BusyServers,1.0
800.0,FastTrack,TimeQueue,19.35524978993891
800.0,FastTrack,TimeService,51.1658982809983
800.0,FastTrack,NumQueue,0.0
800.0,TraceDetection,TimeTotal,118.27271001350535
800.0,TraceDetection,NumTotal,1.0
800.0,TraceDetection,SystemResponseTime_Success,257.1000169789765
800.0,TraceDetection,BusyServers,1.0
800.0,TraceDetection,TimeQueue,63.52421635867737
800.0,TraceDetection,TimeService,51.462580418036445
800.0,TraceDetection,NumQueue,0.0
800.0,Recupero,TimeTotal,120.28850440872553
800.0,Recupero,NumTotal,16.0
800.0,Recupero,SystemResponseTime_Success,257.1000169789765
800.0,Recupero,BusyServers,16.0
800.0,Recupero,TimeQueue,0.0
800.0,Recupero,TimeService,120.28850440872553
800.0,Recupero,NumQueue,0.0
1200.0,FastTrack,TimeTotal,63.29194573981122
1200.0,FastTrack,NumTotal,2.0
1200.0,FastTrack,SystemResponseTime_Success,286.0481237990955
1200.0,FastTrack,BusyServers,1.0
1200.0,FastTrack,TimeQueue,14.458812300061364
1200.0,FastTrack,TimeService,48.38752253719591
1200.0,FastTrack,NumQueue,1.0
1200.0,Recupero,TimeTotal,124.15766039711754
1200.0,Recupero,NumTotal,16.0
1200.0,Recupero,SystemResponseTime_Success,286.0481237990955
1200.0,Recupero,BusyServers,16.0
1200.0,Recupero,TimeQueue,0.0
1200.0,Recupero,TimeService,124.15766039711754
1200.0,Recupero,NumQueue,0.0
1200.0,TraceDetection,TimeTotal,102.45708946393901
1200.0,TraceDetection,NumTotal,3.0
1200.0,TraceDetection,SystemResponseTime_Success,286.0481237990955
1200.0,TraceDetection,BusyServers,1.0
1200.0,TraceDetection,TimeQueue,46.19943007903809
1200.0,TraceDetection,TimeService,51.637716376997105
1200.0,TraceDetection,NumQueue,2.0
1200.0,XRay,TimeTotal,99.91363468799608
1200.0,XRay,NumTotal,17.0
1200.0,XRay,SystemResponseTime_Success,286.0481237990955
1200.0,XRay,BusyServers,6.0
1200.0,XRay,TimeQueue,49.38210376535656
1200.0,XRay,TimeService,51.709118597351775
1200.0,XRay,NumQueue,11.0
1200.0,CheckIn,TimeTotal,123.18898422298656
1200.0,CheckIn,NumTotal,5.0
1200.0,CheckIn,SystemResponseTime_Success,286.0481237990955
1200.0,CheckIn,BusyServers,5.0
1200.0,CheckIn,TimeQueue,2.425165488478381
1200.0,CheckIn,TimeService,121.15041055299614
1200.0,CheckIn,NumQueue,0.0
1200.0,Varchi,TimeTotal,21.447209678206594
1200.0,Varchi,NumTotal,3.0
1200.0,Varchi,SystemResponseTime_Success,286.0481237990955
1200.0,Varchi,BusyServers,3.0
1200.0,Varchi,TimeQueue,2.0460584611434025
1200.0,Varchi,TimeService,19.360501048961012
1200.0,Varchi,NumQueue,0.0
1600.0,Varchi,TimeTotal,23.290608841593535
1600.0,Varchi,NumTotal,7.0
1600.0,Varchi,SystemResponseTime_Success,300.3699985886872
1600.0,Varchi,BusyServers,4.0
1600.0,Varchi,TimeQueue,4.2764846275411035
1600.0,Varchi,TimeService,19.339408756920662
1600.0,Varchi,NumQueue,3.0
1600.0,CheckIn,TimeTotal,120.82506032953336
1600.0,CheckIn,NumTotal,3.0
1600.0,CheckIn,SystemResponseTime_Success,300.3699985886872
1600.0,CheckIn,BusyServers,3.0
1600.0,CheckIn,TimeQueue,2.328657255552193
1600.0,CheckIn,TimeService,118.70239879762757
1600.0,CheckIn,NumQueue,0.0
1600.0,XRay,TimeTotal,110.17029232754786
1600.0,XRay,NumTotal,24.0
1600.0,XRay,SystemResponseTime_Success,300.3699985886872
1600.0,XRay,BusyServers,6.0
1600.0,XRay,TimeQueue,59.656755817380855
1600.0,XRay,TimeService,52.05469511240895
1600.0,XRay,NumQueue,18.0
1600.0,FastTrack,TimeTotal,63.429339371221246
1600.0,FastTrack,NumTotal,2.0
1600.0,FastTrack,SystemResponseTime_Success,300.3699985886872
1600.0,FastTrack,BusyServers,1.0
1600.0,FastTrack,TimeQueue,17.884735439398977
1600.0,FastTrack,TimeService,47.663034205654654
1600.0,FastTrack,NumQueue,1.0
1600.0,TraceDetection,TimeTotal,103.58984820794602
1600.0,TraceDetection,NumTotal,3.0
1600.0,TraceDetection,SystemResponseTime_Success,300.3699985886872
1600.0,TraceDetection,BusyServers,1.0
1600.0,TraceDetection,TimeQueue,52.739184025118654
1600.0,TraceDetection,TimeService,52.24076391474409
1600.0,TraceDetection,NumQueue,2.0
1600.0,Recupero,TimeTotal,123.70697331043718
1600.0,Recupero,NumTotal,15.0
1600.0,Recupero,SystemResponseTime_Success,300.3699985886872
1600.0,Recupero,BusyServers,15.0
1600.0,Recupero,TimeQueue,0.0
1600.0,Recupero,TimeService,123.70697331043718
1600.0,Recupero,NumQueue,0.0
2000.0,CheckIn,TimeTotal,124.68501787341891
2000.0,CheckIn,NumTotal,4.0
2000.0,CheckIn,SystemResponseTime_Success,318.31665960688514
2000.0,CheckIn,BusyServers,4.0
2000.0,CheckIn,TimeQueue,4.89430469965514
2000.0,CheckIn,TimeService,119.76319882996087
2000.0,CheckIn,NumQueue,0.0
2000.0,Varchi,TimeTotal,23.968549820160383
2000.0,Varchi,NumTotal,4.0
2000.0,Varchi,SystemResponseTime_Success,318.31665960688514
2000.0,Varchi,BusyServers,4.0
2000.0,Varchi,TimeQueue,4.58132988174311
2000.0,Varchi,TimeService,19.321842730341295
2000.0,Varchi,NumQueue,0.0
2000.0,XRay,TimeTotal,134.3413044134031
2000.0,XRay,NumTotal,41.0
2000.0,XRay,SystemResponseTime_Success,318.31665960688514
2000.0,XRay,BusyServers,6.0
2000.0,XRay,TimeQueue,85.9310177732258
2000.0,XRay,TimeService,52.01464227270752
2000.0,XRay,NumQueue,35.0
2000.0,FastTrack,TimeTotal,65.81800110830599
2000.0,FastTrack,NumTotal,0.0
2000.0,FastTrack,SystemResponseTime_Success,318.31665960688514
2000.0,FastTrack,BusyServers,0.0
2000.0,FastTrack,TimeQueue,18.341112885373846
2000.0,FastTrack,TimeService,47.47688822293215
2000.0,FastTrack,NumQueue,0.0
2000.0,TraceDetection,TimeTotal,123.88148634267714
2000.0,TraceDetection,NumTotal,1.0
2000.0,TraceDetection,SystemResponseTime_Success,318.31665960688514
2000.0,TraceDetection,BusyServers,1.0
2000.0,TraceDetection,TimeQueue,70.27806512523378
2000.0,TraceDetection,TimeService,55.14902627440213
2000.0,TraceDetection,NumQueue,0.0
2000.0,Recupero,TimeTotal,123.51153007145228
2000.0,Recupero,NumTotal,17.0
2000.0,Recupero,SystemResponseTime_Success,318.31665960688514
2000.0,Recupero,BusyServers,17.0
2000.0,Recupero,TimeQueue,0.0
2000.0,Recupero,TimeService,123.51153007145228
2000.0,Recupero,NumQueue,0.0
2400.0,CheckIn,TimeTotal,121.15589911218841
2400.0,CheckIn,NumTotal,5.0
2400.0,CheckIn,SystemResponseTime_Success,349.4015332291374
2400.0,CheckIn,BusyServers,5.0
2400.0,CheckIn,TimeQueue,4.2330629059801135
2400.0,CheckIn,TimeService,116.85330963693674
2400.0,CheckIn,NumQueue,0.0
2400.0,XRay,TimeTotal,166.5309096051164
2400.0,XRay,NumTotal,36.0
2400.0,XRay,SystemResponseTime_Success,349.4015332291374
2400.0,XRay,BusyServers,6.0
2400.0,XRay,TimeQueue,118.99262921916355
2400.0,XRay,TimeService,51.74691151387124
2400.0,XRay,NumQueue,30.0
2400.0,FastTrack,TimeTotal,67.99797608182128
2400.0,FastTrack,NumTotal,2.0
2400.0,FastTrack,SystemResponseTime_Success,349.4015332291374
2400.0,FastTrack,BusyServers,1.0
2400.0,FastTrack,TimeQueue,23.084274694044524
2400.0,FastTrack,TimeService,48.385825572309834
2400.0,FastTrack,NumQueue,1.0
2400.0,TraceDetection,TimeTotal,122.04099720101868
2400.0,TraceDetection,NumTotal,2.0
2400.0,TraceDetection,SystemResponseTime_Success,349.4015332291374
2400.0,TraceDetection,BusyServers,1.0
2400.0,TraceDetection,TimeQueue,64.66138693832424
2400.0,TraceDetection,TimeService,56.96871467765407
2400.0,TraceDetection,NumQueue,1.0
2400.0,Recupero,TimeTotal,122.79384281040943
2400.0,Recupero,NumTotal,13.0
2400.0,Recupero,SystemResponseTime_Success,349.4015332291374
2400.0,Recupero,BusyServers,13.0
2400.0,Recupero,TimeQueue,0.0
2400.0,Recupero,TimeService,122.79384281040943
2400.0,Recupero,NumQueue,0.0
2400.0,Varchi,TimeTotal,23.347935293434283
2400.0,Varchi,NumTotal,2.0
2400.0,Varchi,SystemResponseTime_Success,349.4015332291374
2400.0,Varchi,BusyServers,2.0
2400.0,Varchi,TimeQueue,4.116263605733924
2400.0,Varchi,TimeService,19.205701570314005
2400.0,Varchi,NumQueue,0.0
2800.0,Varchi,TimeTotal,23.098494729932202
2800.0,Varchi,NumTotal,4.0
2800.0,Varchi,SystemResponseTime_Success,374.308590592872
2800.0,Varchi,BusyServers,4.0
2800.0,Varchi,TimeQueue,3.7578812768541754
2800.0,Varchi,TimeService,19.328354048791784
2800.0,Varchi,NumQueue,0.0
2800.0,CheckIn,TimeTotal,120.4995189695042
2800.0,CheckIn,NumTotal,4.0
2800.0,CheckIn,SystemResponseTime_Success,374.308590592872
2800.0,CheckIn,BusyServers,4.0
2800.0,CheckIn,TimeQueue,3.8146619475701335
2800.0,CheckIn,TimeService,116.56837879452735
2800.0,CheckIn,NumQueue,0.0
2800.0,TraceDetection,TimeTotal,118.02434584782972
2800.0,TraceDetection,NumTotal,1.0
2800.0,TraceDetection,SystemResponseTime_Success,374.308590592872
2800.0,TraceDetection,BusyServers,1.0
2800.0,TraceDetection,TimeQueue,59.94059903408419
2800.0,TraceDetection,TimeService,57.62470285025456
2800.0,TraceDetection,NumQueue,0.0
2800.0,Recupero,TimeTotal,122.17839254823564
2800.0,Recupero,NumTotal,16.0
2800.0,Recupero,SystemResponseTime_Success,374.308590592872
2800.0,Recupero,BusyServers,16.0
2800.0,Recupero,TimeQueue,0.0
2800.0,Recupero,TimeService,122.17839254823564
2800.0,Recupero,NumQueue,0.0
2800.0,FastTrack,TimeTotal,73.76772862111861
2800.0,FastTrack,NumTotal,0.0
2800.0,FastTrack,SystemResponseTime_Success,374.308590592872
2800.0,FastTrack,BusyServers,0.0
2800.0,FastTrack,TimeQueue,25.14616668258708
2800.0,FastTrack,TimeService,48.62156193853152
2800.0,FastTrack,NumQueue,0.0
2800.0,XRay,TimeTotal,187.91369390575917
2800.0,XRay,NumTotal,36.0
2800.0,XRay,SystemResponseTime_Success,374.308590592872
2800.0,XRay,BusyServers,6.0
2800.0,XRay,TimeQueue,137.78779524158924
2800.0,XRay,TimeService,51.92988364706409
2800.0,XRay,NumQueue,30.0
3200.0,Varchi,TimeTotal,22.501166123207913
3200.0,Varchi,NumTotal,2.0
3200.0,Varchi,SystemResponseTime_Success,386.4662050106488
3200.0,Varchi,BusyServers,2.0
3200.0,Varchi,TimeQueue,3.4697730811083938
3200.0,Varchi,TimeService,19.014909559528917
3200.0,Varchi,NumQueue,0.0
3200.0,CheckIn,TimeTotal,120.3527669095922
3200.0,CheckIn,NumTotal,10.0
3200.0,CheckIn,SystemResponseTime_Success,386.4662050106488
3200.0,CheckIn,BusyServers,8.0
3200.0,CheckIn,TimeQueue,4.958074195203409
3200.0,CheckIn,TimeService,116.13446869652599
3200.0,CheckIn,NumQueue,2.0
3200.0,XRay,TimeTotal,202.26869056436482
3200.0,XRay,NumTotal,38.0
3200.0,XRay,SystemResponseTime_Success,386.4662050106488
3200.0,XRay,BusyServers,6.0
3200.0,XRay,TimeQueue,152.20520715283328
3200.0,XRay,TimeService,51.96289242119462
3200.0,XRay,NumQueue,32.0
3200.0,FastTrack,TimeTotal,77.48979824013324
3200.0,FastTrack,NumTotal,2.0
3200.0,FastTrack,SystemResponseTime_Success,386.4662050106488
3200.0,FastTrack,BusyServers,1.0
3200.0,FastTrack,TimeQueue,31.157501210439126
3200.0,FastTrack,TimeService,50.33305505613274
3200.0,FastTrack,NumQueue,1.0
3200.0,TraceDetection,TimeTotal,115.2653364194503
3200.0,TraceDetection,NumTotal,1.0
3200.0,TraceDetection,SystemResponseTime_Success,386.4662050106488
3200.0,TraceDetection,BusyServers,1.0
3200.0,TraceDetection,TimeQueue,55.54803788194347
3200.0,TraceDetection,TimeService,58.202467579301874
3200.0,TraceDetection,NumQueue,0.0
3200.0,Recupero,TimeTotal,121.6756994815736
3200.0,Recupero,NumTotal,16.0
3200.0,Recupero,SystemResponseTime_Success,386.4662050106488
3200.0,Recupero,BusyServers,16.0
3200.0,Recupero,TimeQueue,0.0
3200.0,Recupero,TimeService,121.6756994815736
3200.0,Recupero,NumQueue,0.0
3600.0,CheckIn,TimeTotal,120.53513406515927
3600.0,CheckIn,NumTotal,8.0
3600.0,CheckIn,SystemResponseTime_Success,397.1042817901921
3600.0,CheckIn,BusyServers,8.0
3600.0,CheckIn,TimeQueue,4.800704329762638
3600.0,CheckIn,TimeService,115.84453447840649
3600.0,CheckIn,NumQueue,0.0
3600.0,Varchi,TimeTotal,22.680625212390925
3600.0,Varchi,NumTotal,7.0
3600.0,Varchi,SystemResponseTime_Success,397.1042817901921
3600.0,Varchi,BusyServers,4.0
3600.0,Varchi,TimeQueue,3.6390809776639226
3600.0,Varchi,TimeService,19.03164245876596
3600.0,Varchi,NumQueue,3.0
3600.0,XRay,TimeTotal,215.17859022163495
3600.0,XRay,NumTotal,38.0
3600.0,XRay,SystemResponseTime_Success,397.1042817901921
3600.0,XRay,BusyServers,6.0
3600.0,XRay,TimeQueue,164.8202054218027
3600.0,XRay,TimeService,51.786455470762654
3600.0,XRay,NumQueue,32.0
3600.0,FastTrack,TimeTotal,84.45171316539904
3600.0,FastTrack,NumTotal,0.0
3600.0,FastTrack,SystemResponseTime_Success,397.1042817901921
3600.0,FastTrack,BusyServers,0.0
3600.0,FastTrack,TimeQueue,33.944384460084784
3600.0,FastTrack,TimeService,50.50732870531425
3600.0,FastTrack,NumQueue,0.0
3600.0,TraceDetection,TimeTotal,110.82558345112216
3600.0,TraceDetection,NumTotal,1.0
3600.0,TraceDetection,SystemResponseTime_Success,397.1042817901921
3600.0,TraceDetection,BusyServers,1.0
3600.0,TraceDetection,TimeQueue,50.333873349341424
3600.0,TraceDetection,TimeService,59.44364841032448
3600.0,TraceDetection,NumQueue,0.0
3600.0,Recupero,TimeTotal,121.37372407262423
3600.0,Recupero,NumTotal,13.0
3600.0,Recupero,SystemResponseTime_Success,397.1042817901921
3600.0,Recupero,BusyServers,13.0
3600.0,Recupero,TimeQueue,0.0
3600.0,Recupero,TimeService,121.37372407262423
3600.0,Recupero,NumQueue,0.0
4000.0,CheckIn,TimeTotal,121.27937980008426
4000.0,CheckIn,NumTotal,8.0
4000.0,CheckIn,SystemResponseTime_Success,409.51722968725153
4000.0,CheckIn,BusyServers,8.0
4000.0,CheckIn,TimeQueue,5.021763345071148
4000.0,CheckIn,TimeService,116.24041279395378
4000.0,CheckIn,NumQueue,0.0
4000.0,Varchi,TimeTotal,22.663211251017458
4000.0,Varchi,NumTotal,2.0
4000.0,Varchi,SystemResponseTime_Success,409.51722968725153
4000.0,Varchi,BusyServers,2.0
4000.0,Varchi,TimeQueue,3.591871434441881
4000.0,Varchi,TimeService,19.057734242960258
4000.0,Varchi,NumQueue,0.0
4000.0,XRay,TimeTotal,227.05719906515944
4000.0,XRay,NumTotal,43.0
4000.0,XRay,SystemResponseTime_Success,409.51722968725153
4000.0,XRay,BusyServers,6.0
4000.0,XRay,TimeQueue,177.01076980916244
4000.0,XRay,TimeService,51.86700878735493
4000.0,XRay,NumQueue,37.0
4000.0,FastTrack,TimeTotal,81.7329815676144
4000.0,FastTrack,NumTotal,1.0
4000.0,FastTrack,SystemResponseTime_Success,409.51722968725153
4000.0,FastTrack,BusyServers,1.0
4000.0,FastTrack,TimeQueue,32.489434903434045
4000.0,FastTrack,TimeService,50.804621002855306
4000.0,FastTrack,NumQueue,0.0
4000.0,TraceDetection,TimeTotal,107.11138453638907
4000.0,TraceDetection,NumTotal,1.0
4000.0,TraceDetection,SystemResponseTime_Success,409.51722968725153
4000.0,TraceDetection,BusyServers,1.0
4000.0,TraceDetection,TimeQueue,48.00498690579488
4000.0,TraceDetection,TimeService,59.60561316188743
4000.0,TraceDetection,NumQueue,0.0
4000.0,Recupero,TimeTotal,121.68043337018155
4000.0,Recupero,NumTotal,14.0
4000.0,Recupero,SystemResponseTime_Success,409.51722968725153
4000.0,Recupero,BusyServers,14.0
4000.0,Recupero,TimeQueue,0.0
4000.0,Recupero,TimeService,121.68043337018155
4000.0,Recupero,NumQueue,0.0
4400.0,FastTrack,TimeTotal,80.91507854502953
4400.0,FastTrack,NumTotal,1.0
4400.0,FastTrack,SystemResponseTime_Success,424.6417982467243
4400.0,FastTrack,BusyServers,1.0
4400.0,FastTrack,TimeQueue,30.999625761750977
4400.0,FastTrack,TimeService,50.49943735883596
4400.0,FastTrack,NumQueue,0.0
4400.0,TraceDetection,TimeTotal,107.90287262283877
4400.0,TraceDetection,NumTotal,2.0
4400.0,TraceDetection,SystemResponseTime_Success,424.6417982467243
4400.0,TraceDetection,BusyServers,1.0
4400.0,TraceDetection,TimeQueue,47.776696299808194
4400.0,TraceDetection,TimeService,59.151141704667154
4400.0,TraceDetection,NumQueue,1.0
4400.0,Recupero,TimeTotal,121.29969970046974
4400.0,Recupero,NumTotal,12.0
4400.0,Recupero,SystemResponseTime_Success,424.6417982467243
4400.0,Recupero,BusyServers,12.0
4400.0,Recupero,TimeQueue,0.0
4400.0,Recupero,TimeService,121.29969970046974
4400.0,Recupero,NumQueue,0.0
4400.0,XRay,TimeTotal,240.83771069075064
4400.0,XRay,NumTotal,36.0
4400.0,XRay,SystemResponseTime_Success,424.6417982467243
4400.0,XRay,BusyServers,6.0
4400.0,XRay,TimeQueue,190.6608701854907
4400.0,XRay,TimeService,51.49655206552912
4400.0,XRay,NumQueue,30.0
4400.0,CheckIn,TimeTotal,122.20032179443308
4400.0,CheckIn,NumTotal,3.0
4400.0,CheckIn,SystemResponseTime_Success,424.6417982467243
4400.0,CheckIn,BusyServers,3.0
4400.0,CheckIn,TimeQueue,4.979984362955651
4400.0,CheckIn,TimeService,117.30759572655585
4400.0,CheckIn,NumQueue,0.0
4400.0,Varchi,TimeTotal,22.39943166193995
4400.0,Varchi,NumTotal,3.0
4400.0,Varchi,SystemResponseTime_Success,424.6417982467243
4400.0,Varchi,BusyServers,3.0
4400.0,Varchi,TimeQueue,3.406414555273921
4400.0,Varchi,TimeService,19.004020866146075
4400.0,Varchi,NumQueue,0.0
4800.0,CheckIn,TimeTotal,123.29998149953803
4800.0,CheckIn,NumTotal,10.0
4800.0,CheckIn,SystemResponseTime_Success,432.993204684305
4800.0,CheckIn,BusyServers,8.0
4800.0,CheckIn,TimeQueue,5.224673738172365
4800.0,CheckIn,TimeService,118.04755038073796
4800.0,CheckIn,NumQueue,2.0
4800.0,Varchi,TimeTotal,22.201390642125148
4800.0,Varchi,NumTotal,4.0
4800.0,Varchi,SystemResponseTime_Success,432.993204684305
4800.0,Varchi,BusyServers,4.0
4800.0,Varchi,TimeQueue,3.196234041181881
4800.0,Varchi,TimeService,18.984830788280735
4800.0,Varchi,NumQueue,0.0
4800.0,XRay,TimeTotal,248.24315209563383
4800.0,XRay,NumTotal,35.0
4800.0,XRay,SystemResponseTime_Success,432.993204684305
4800.0,XRay,BusyServers,6.0
4800.0,XRay,TimeQueue,197.27320094767228
4800.0,XRay,TimeService,51.367859109909226
4800.0,XRay,NumQueue,29.0
4800.0,FastTrack,TimeTotal,79.8986936230646
4800.0,FastTrack,NumTotal,1.0
4800.0,FastTrack,SystemResponseTime_Success,432.993204684305
4800.0,FastTrack,BusyServers,1.0
4800.0,FastTrack,TimeQueue,28.728333047657557
4800.0,FastTrack,TimeService,50.890654489899035
4800.0,FastTrack,NumQueue,0.0
4800.0,TraceDetection,TimeTotal,108.43753692659088
4800.0,TraceDetection,NumTotal,1.0
4800.0,TraceDetection,SystemResponseTime_Success,432.993204684305
4800.0,TraceDetection,BusyServers,1.0
4800.0,TraceDetection,TimeQueue,48.77228748515389
4800.0,TraceDetection,TimeService,59.801926113353666
4800.0,TraceDetection,NumQueue,0.0
4800.0,Recupero,TimeTotal,121.49693783953947
4800.0,Recupero,NumTotal,16.0
4800.0,Recupero,SystemResponseTime_Success,432.993204684305
4800.0,Recupero,BusyServers,16.0
4800.0,Recupero,TimeQueue,0.0
4800.0,Recupero,TimeService,121.49693783953947
4800.0,Recupero,NumQueue,0.0
5200.0,CheckIn,TimeTotal,123.00743858793771
5200.0,CheckIn,NumTotal,3.0
5200.0,CheckIn,SystemResponseTime_Success,436.1444683318913
5200.0,CheckIn,BusyServers,3.0
5200.0,CheckIn,TimeQueue,5.379959869696339
5200.0,CheckIn,TimeService,117.56564009904943
5200.0,CheckIn,NumQueue,0.0
5200.0,TraceDetection,TimeTotal,107.88261487162276
5200.0,TraceDetection,NumTotal,0.0
5200.0,TraceDetection,SystemResponseTime_Success,436.1444683318913
5200.0,TraceDetection,BusyServers,0.0
5200.0,TraceDetection,TimeQueue,47.81678341405324
5200.0,TraceDetection,TimeService,60.06583145756953
5200.0,TraceDetection,NumQueue,0.0
5200.0,Recupero,TimeTotal,121.03011363728739
5200.0,Recupero,NumTotal,16.0
5200.0,Recupero,SystemResponseTime_Success,436.1444683318913
5200.0,Recupero,BusyServers,16.0
5200.0,Recupero,TimeQueue,0.0
5200.0,Recupero,TimeService,121.03011363728739
5200.0,Recupero,NumQueue,0.0
5200.0,FastTrack,TimeTotal,79.4553599578876
5200.0,FastTrack,NumTotal,1.0
5200.0,FastTrack,SystemResponseTime_Success,436.1444683318913
5200.0,FastTrack,BusyServers,1.0
5200.0,FastTrack,TimeQueue,27.702321153098357
5200.0,FastTrack,TimeService,51.24936023836928
5200.0,FastTrack,NumQueue,0.0
5200.0,XRay,TimeTotal,251.88031750151274
5200.0,XRay,NumTotal,31.0
5200.0,XRay,SystemResponseTime_Success,436.1444683318913
5200.0,XRay,BusyServers,6.0
5200.0,XRay,TimeQueue,201.21703930999428
5200.0,XRay,TimeService,51.37393970230235
5200.0,XRay,NumQueue,25.0
5200.0,Varchi,TimeTotal,22.163069643931408
5200.0,Varchi,NumTotal,4.0
5200.0,Varchi,SystemResponseTime_Success,436.1444683318913
5200.0,Varchi,BusyServers,4.0
5200.0,Varchi,TimeQueue,3.136706804107147
5200.0,Varchi,TimeService,19.00771970874486
5200.0,Varchi,NumQueue,0.0
5600.0,TraceDetection,TimeTotal,105.79205143329392
5600.0,TraceDetection,NumTotal,4.0
5600.0,TraceDetection,SystemResponseTime_Success,439.1720822488484
5600.0,TraceDetection,BusyServers,1.0
5600.0,TraceDetection,TimeQueue,46.683578695561074
5600.0,TraceDetection,TimeService,59.7980836145751
5600.0,TraceDetection,NumQueue,3.0
5600.0,Recupero,TimeTotal,120.59376758842171
5600.0,Recupero,NumTotal,11.0
5600.0,Recupero,SystemResponseTime_Success,439.1720822488484
5600.0,Recupero,BusyServers,11.0
5600.0,Recupero,TimeQueue,0.0
5600.0,Recupero,TimeService,120.59376758842171
5600.0,Recupero,NumQueue,0.0
5600.0,FastTrack,TimeTotal,77.75286074315545
5600.0,FastTrack,NumTotal,0.0
5600.0,FastTrack,SystemResponseTime_Success,439.1720822488484
5600.0,FastTrack,BusyServers,0.0
5600.0,FastTrack,TimeQueue,26.74706869954324
5600.0,FastTrack,TimeService,51.005792043612225
5600.0,FastTrack,NumQueue,0.0
5600.0,XRay,TimeTotal,253.71586231636869
5600.0,XRay,NumTotal,33.0
5600.0,XRay,SystemResponseTime_Success,439.1720822488484
5600.0,XRay,BusyServers,6.0
5600.0,XRay,TimeQueue,202.51013868157483
5600.0,XRay,TimeService,51.148301979697315
5600.0,XRay,NumQueue,27.0
5600.0,Varchi,TimeTotal,21.996338444222044
5600.0,Varchi,NumTotal,3.0
5600.0,Varchi,SystemResponseTime_Success,439.1720822488484
5600.0,Varchi,BusyServers,3.0
5600.0,Varchi,TimeQueue,2.9902969588310504
5600.0,Varchi,TimeService,18.993701883084935
5600.0,Varchi,NumQueue,0.0
5600.0,CheckIn,TimeTotal,122.42459394647345
5600.0,CheckIn,NumTotal,5.0
5600.0,CheckIn,SystemResponseTime_Success,439.1720822488484
5600.0,CheckIn,BusyServers,5.0
5600.0,CheckIn,TimeQueue,5.0092063974661265
5600.0,CheckIn,TimeService,117.34579146575715
5600.0,CheckIn,NumQueue,0.0
6000.0,Varchi,TimeTotal,22.167192535770962
6000.0,Varchi,NumTotal,2.0
6000.0,Varchi,SystemResponseTime_Success,440.44412661473837
6000.0,Varchi,BusyServers,2.0
6000.0,Varchi,TimeQueue,3.1355241870473707
6000.0,Varchi,TimeService,19.0236388373611
6000.0,Varchi,NumQueue,0.0
6000.0,CheckIn,TimeTotal,123.7717066297818
6000.0,CheckIn,NumTotal,6.0
6000.0,CheckIn,SystemResponseTime_Success,440.44412661473837
6000.0,CheckIn,BusyServers,6.0
6000.0,CheckIn,TimeQueue,5.663235248335243
6000.0,CheckIn,TimeService,117.99595677386372
6000.0,CheckIn,NumQueue,0.0
6000.0,XRay,TimeTotal,254.93161668964973
6000.0,XRay,NumTotal,39.0
6000.0,XRay,SystemResponseTime_Success,440.44412661473837
6000.0,XRay,BusyServers,6.0
6000.0,XRay,TimeQueue,204.0094749863117
6000.0,XRay,TimeService,51.238306311985376
6000.0,XRay,NumQueue,33.0
6000.0,FastTrack,TimeTotal,77.39471890010415
6000.0,FastTrack,NumTotal,0.0
6000.0,FastTrack,SystemResponseTime_Success,440.44412661473837
6000.0,FastTrack,BusyServers,0.0
6000.0,FastTrack,TimeQueue,26.293728552093356
6000.0,FastTrack,TimeService,51.10099034801081
6000.0,FastTrack,NumQueue,0.0
6000.0,TraceDetection,TimeTotal,110.83766818252414
6000.0,TraceDetection,NumTotal,1.0
6000.0,TraceDetection,SystemResponseTime_Success,440.44412661473837
6000.0,TraceDetection,BusyServers,1.0
6000.0,TraceDetection,TimeQueue,51.08080321288181
6000.0,TraceDetection,TimeService,60.268315364552414
6000.0,TraceDetection,NumQueue,0.0
6000.0,Recupero,TimeTotal,121.26350720458049
6000.0,Recupero,NumTotal,19.0
6000.0,Recupero,SystemResponseTime_Success,440.44412661473837
6000.0,Recupero,BusyServers,19.0
6000.0,Recupero,TimeQueue,0.0
6000.0,Recupero,TimeService,121.26350720458049
6000.0,Recupero,NumQueue,0.0
6400.0,Varchi,TimeTotal,21.97853638096986
6400.0,Varchi,NumTotal,4.0
6400.0,Varchi,SystemResponseTime_Success,445.2138007699628
6400.0,Varchi,BusyServers,4.0
6400.0,Varchi,TimeQueue,2.9786122883246606
6400.0,Varchi,TimeService,18.98999061905474
6400.0,Varchi,NumQueue,0.0
6400.0,XRay,TimeTotal,260.0334499030509
6400.0,XRay,NumTotal,43.0
6400.0,XRay,SystemResponseTime_Success,445.2138007699628
6400.0,XRay,BusyServers,6.0
6400.0,XRay,TimeQueue,209.4710165132997
6400.0,XRay,TimeService,51.422706377431105
6400.0,XRay,NumQueue,37.0
6400.0,FastTrack,TimeTotal,76.24532122121302
6400.0,FastTrack,NumTotal,0.0
6400.0,FastTrack,SystemResponseTime_Success,445.2138007699628
6400.0,FastTrack,BusyServers,0.0
6400.0,FastTrack,TimeQueue,25.431639091368982
6400.0,FastTrack,TimeService,50.81368212984404
6400.0,FastTrack,NumQueue,0.0
6400.0,CheckIn,TimeTotal,123.51192893600152
6400.0,CheckIn,NumTotal,5.0
6400.0,CheckIn,SystemResponseTime_Success,445.2138007699628
6400.0,CheckIn,BusyServers,5.0
6400.0,CheckIn,TimeQueue,5.400236707390882
6400.0,CheckIn,TimeService,118.02678284641894
6400.0,CheckIn,NumQueue,0.0
6400.0,TraceDetection,TimeTotal,108.63377254824063
6400.0,TraceDetection,NumTotal,0.0
6400.0,TraceDetection,SystemResponseTime_Success,445.2138007699628
6400.0,TraceDetection,BusyServers,0.0
6400.0,TraceDetection,TimeQueue,48.72933922122288
6400.0,TraceDetection,TimeService,59.904433327017735
6400.0,TraceDetection,NumQueue,0.0
6400.0,Recupero,TimeTotal,121.29610892966583
6400.0,Recupero,NumTotal,14.0
6400.0,Recupero,SystemResponseTime_Success,445.2138007699628
6400.0,Recupero,BusyServers,14.0
6400.0,Recupero,TimeQueue,0.0
6400.0,Recupero,TimeService,121.29610892966583
6400.0,Recupero,NumQueue,0.0
6800.0,CheckIn,TimeTotal,123.20757378893744
6800.0,CheckIn,NumTotal,3.0
6800.0,CheckIn,SystemResponseTime_Success,449.95492950564955
6800.0,CheckIn,BusyServers,3.0
6800.0,CheckIn,TimeQueue,5.206795392499269
6800.0,CheckIn,TimeService,117.95372904048183
6800.0,CheckIn,NumQueue,0.0
6800.0,Varchi,TimeTotal,21.801332447065853
6800.0,Varchi,NumTotal,0.0
6800.0,Varchi,SystemResponseTime_Success,449.95492950564955
6800.0,Varchi,BusyServers,0.0
6800.0,Varchi,TimeQueue,2.8429003609348515
6800.0,Varchi,TimeService,18.958432086130994
6800.0,Varchi,NumQueue,0.0
6800.0,XRay,TimeTotal,266.61761337486024
6800.0,XRay,NumTotal,37.0
6800.0,XRay,SystemResponseTime_Success,449.95492950564955
6800.0,XRay,BusyServers,6.0
6800.0,XRay,TimeQueue,216.0188639775979
6800.0,XRay,TimeService,51.384232618782505
6800.0,XRay,NumQueue,31.0
6800.0,FastTrack,TimeTotal,74.34162778235745
6800.0,FastTrack,NumTotal,1.0
6800.0,FastTrack,SystemResponseTime_Success,449.95492950564955
6800.0,FastTrack,BusyServers,1.0
6800.0,FastTrack,TimeQueue,24.18382892106126
6800.0,FastTrack,TimeService,50.46660129175938
6800.0,FastTrack,NumQueue,0.0
6800.0,TraceDetection,TimeTotal,107.75022931959207
6800.0,TraceDetection,NumTotal,2.0
6800.0,TraceDetection,SystemResponseTime_Success,449.95492950564955
6800.0,TraceDetection,BusyServers,1.0
6800.0,TraceDetection,TimeQueue,47.47986898478126
6800.0,TraceDetection,TimeService,59.653738659683754
6800.0,TraceDetection,NumQueue,1.0
6800.0,Recupero,TimeTotal,121.1399423014618
6800.0,Recupero,NumTotal,14.0
6800.0,Recupero,SystemResponseTime_Success,449.95492950564955
6800.0,Recupero,BusyServers,14.0
6800.0,Recupero,TimeQueue,0.0
6800.0,Recupero,TimeService,121.1399423014618
6800.0,Recupero,NumQueue,0.0
7200.0,CheckIn,TimeTotal,122.80420136837463
7200.0,CheckIn,NumTotal,6.0
7200.0,CheckIn,SystemResponseTime_Success,453.98453739838584
7200.0,CheckIn,BusyServers,6.0
7200.0,CheckIn,TimeQueue,4.983647018535014
7200.0,CheckIn,TimeService,117.73363027393492
7200.0,CheckIn,NumQueue,0.0
7200.0,Varchi,TimeTotal,21.674059130961297
7200.0,Varchi,NumTotal,2.0
7200.0,Varchi,SystemResponseTime_Success,453.98453739838584
7200.0,Varchi,BusyServers,2.0
7200.0,Varchi,TimeQueue,2.7559936685526725
7200.0,Varchi,TimeService,18.911994991773046
7200.0,Varchi,NumQueue,0.0
7200.0,XRay,TimeTotal,269.9805407525217
7200.0,XRay,NumTotal,17.0
7200.0,XRay,SystemResponseTime_Success,453.98453739838584
7200.0,XRay,BusyServers,6.0
7200.0,XRay,TimeQueue,218.46679845648916
7200.0,XRay,TimeService,51.363147127135036
7200.0,XRay,NumQueue,11.0
7200.0,FastTrack,TimeTotal,75.36664360268335
7200.0,FastTrack,NumTotal,0.0
7200.0,FastTrack,SystemResponseTime_Success,453.98453739838584
7200.0,FastTrack,BusyServers,0.0
7200.0,FastTrack,TimeQueue,24.9238977191226
7200.0,FastTrack,TimeService,50.44274588356076
7200.0,FastTrack,NumQueue,0.0
7200.0,TraceDetection,TimeTotal,108.53479013308407
7200.0,TraceDetection,NumTotal,3.0
7200.0,TraceDetection,SystemResponseTime_Success,453.98453739838584
7200.0,TraceDetection,BusyServers,1.0
7200.0,TraceDetection,TimeQueue,48.03963945067297
7200.0,TraceDetection,TimeService,60.91170953745451
7200.0,TraceDetection,NumQueue,2.0
7200.0,Recupero,TimeTotal,121.1217179300512
7200.0,Recupero,NumTotal,17.0
7200.0,Recupero,SystemResponseTime_Success,453.98453739838584
7200.0,Recupero,BusyServers,17.0
7200.0,Recupero,TimeQueue,0.0
7200.0,Recupero,TimeService,121.1217179300512
7200.0,Recupero,NumQueue,0.0
7600.0,CheckIn,TimeTotal,122.50285481996636
7600.0,CheckIn,NumTotal,3.0
7600.0,CheckIn,SystemResponseTime_Success,450.59604572569896
7600.0,CheckIn,BusyServers,3.0
7600.0,CheckIn,TimeQueue,4.752796884161458
7600.0,CheckIn,TimeService,117.71088653291343
7600.0,CheckIn,NumQueue,0.0
7600.0,Varchi,TimeTotal,21.463968691283053
7600.0,Varchi,NumTotal,4.0
7600.0,Varchi,SystemResponseTime_Success,450.59604572569896
7600.0,Varchi,BusyServers,4.0
7600.0,Varchi,TimeQueue,2.622012995192048
7600.0,Varchi,TimeService,18.83101924981283
7600.0,Varchi,NumQueue,0.0
7600.0,XRay,TimeTotal,263.9726235120876
7600.0,XRay,NumTotal,17.0
7600.0,XRay,SystemResponseTime_Success,450.59604572569896
7600.0,XRay,BusyServers,6.0
7600.0,XRay,TimeQueue,211.73090562660516
7600.0,XRay,TimeService,51.3271395562209
7600.0,XRay,NumQueue,11.0
7600.0,FastTrack,TimeTotal,74.89732640035794
7600.0,FastTrack,NumTotal,1.0
7600.0,FastTrack,SystemResponseTime_Success,450.59604572569896
7600.0,FastTrack,BusyServers,1.0
7600.0,FastTrack,TimeQueue,23.962741568504605
7600.0,FastTrack,TimeService,50.606328098038205
7600.0,FastTrack,NumQueue,0.0
7600.0,TraceDetection,TimeTotal,112.51345370567627
7600.0,TraceDetection,NumTotal,0.0
7600.0,TraceDetection,SystemResponseTime_Success,450.59604572569896
7600.0,TraceDetection,BusyServers,0.0
7600.0,TraceDetection,TimeQueue,51.63647214697199
7600.0,TraceDetection,TimeService,60.876981558704244
7600.0,TraceDetection,NumQueue,0.0
7600.0,Recupero,TimeTotal,120.75443617228038
7600.0,Recupero,NumTotal,13.0
7600.0,Recupero,SystemResponseTime_Success,450.59604572569896
7600.0,Recupero,BusyServers,13.0
7600.0,Recupero,TimeQueue,0.0
7600.0,Recupero,TimeService,120.75443617228038
7600.0,Recupero,NumQueue,0.0
8000.0,CheckIn,TimeTotal,122.7149656473449
8000.0,CheckIn,NumTotal,6.0
8000.0,CheckIn,SystemResponseTime_Success,444.2628005146231
8000.0,CheckIn,BusyServers,6.0
8000.0,CheckIn,TimeQueue,5.005026846254679
8000.0,CheckIn,TimeService,117.63153106981731
8000.0,CheckIn,NumQueue,0.0
8000.0,Varchi,TimeTotal,21.472723115991137
8000.0,Varchi,NumTotal,2.0
8000.0,Varchi,SystemResponseTime_Success,444.2628005146231
8000.0,Varchi,BusyServers,2.0
8000.0,Varchi,TimeQueue,2.670430238216769
8000.0,Varchi,TimeService,18.79699965629129
8000.0,Varchi,NumQueue,0.0
8000.0,XRay,TimeTotal,258.182781212134
8000.0,XRay,NumTotal,15.0
8000.0,XRay,SystemResponseTime_Success,444.2628005146231
8000.0,XRay,BusyServers,6.0
8000.0,XRay,TimeQueue,206.14296910559224
8000.0,XRay,TimeService,51.422934267888905
8000.0,XRay,NumQueue,9.0
8000.0,FastTrack,TimeTotal,74.24861337383267
8000.0,FastTrack,NumTotal,2.0
8000.0,FastTrack,SystemResponseTime_Success,444.2628005146231
8000.0,FastTrack,BusyServers,1.0
8000.0,FastTrack,TimeQueue,23.655144522304315
8000.0,FastTrack,TimeService,50.709011104668825
8000.0,FastTrack,NumQueue,1.0
8000.0,TraceDetection,TimeTotal,110.82189927107459
8000.0,TraceDetection,NumTotal,0.0
8000.0,TraceDetection,SystemResponseTime_Success,444.2628005146231
8000.0,TraceDetection,BusyServers,0.0
8000.0,TraceDetection,TimeQueue,50.0596305793953
8000.0,TraceDetection,TimeService,60.76226869167923
8000.0,TraceDetection,NumQueue,0.0
8000.0,Recupero,TimeTotal,120.67582259990047
8000.0,Recupero,NumTotal,19.0
8000.0,Recupero,SystemResponseTime_Success,444.2628005146231
8000.0,Recupero,BusyServers,19.0
8000.0,Recupero,TimeQueue,0.0
8000.0,Recupero,TimeService,120.67582259990047
8000.0,Recupero,NumQueue,0.0
8400.0,CheckIn,TimeTotal,122.31287391683755
8400.0,CheckIn,NumTotal,8.0
8400.0,CheckIn,SystemResponseTime_Success,439.4303600076959
8400.0,CheckIn,BusyServers,8.0
8400.0,CheckIn,TimeQueue,4.774146108788601
8400.0,CheckIn,TimeService,117.4576234350593
8400.0,CheckIn,NumQueue,0.0
8400.0,Varchi,TimeTotal,21.41083181474922
8400.0,Varchi,NumTotal,1.0
8400.0,Varchi,SystemResponseTime_Success,439.4303600076959
8400.0,Varchi,BusyServers,1.0
8400.0,Varchi,TimeQueue,2.5736939664796505
8400.0,Varchi,TimeService,18.834682033416062
8400.0,Varchi,NumQueue,0.0
8400.0,XRay,TimeTotal,251.75453574510132
8400.0,XRay,NumTotal,8.0
8400.0,XRay,SystemResponseTime_Success,439.4303600076959
8400.0,XRay,BusyServers,6.0
8400.0,XRay,TimeQueue,199.04867352125783
8400.0,XRay,TimeService,51.503072783400306
8400.0,XRay,NumQueue,2.0
8400.0,FastTrack,TimeTotal,74.57957657214428
8400.0,FastTrack,NumTotal,0.0
8400.0,FastTrack,SystemResponseTime_Success,439.4303600076959
8400.0,FastTrack,BusyServers,0.0
8400.0,FastTrack,TimeQueue,23.848874270522323
8400.0,FastTrack,TimeService,50.73070230162197
8400.0,FastTrack,NumQueue,0.0
8400.0,TraceDetection,TimeTotal,109.19043854709648
8400.0,TraceDetection,NumTotal,0.0
8400.0,TraceDetection,SystemResponseTime_Success,439.4303600076959
8400.0,TraceDetection,BusyServers,0.0
8400.0,TraceDetection,TimeQueue,48.58102314146684
8400.0,TraceDetection,TimeService,60.609415405629576
8400.0,TraceDetection,NumQueue,0.0
8400.0,Recupero,TimeTotal,120.93309070044289
8400.0,Recupero,NumTotal,15.0
8400.0,Recupero,SystemResponseTime_Success,439.4303600076959
8400.0,Recupero,BusyServers,15.0
8400.0,Recupero,TimeQueue,0.0
8400.0,Recupero,TimeService,120.93309070044289
8400.0,Recupero,NumQueue,0.0
8800.0,Varchi,TimeTotal,21.395522697950213
8800.0,Varchi,NumTotal,1.0
8800.0,Varchi,SystemResponseTime_Success,431.54773161137734
8800.0,Varchi,BusyServers,1.0
8800.0,Varchi,TimeQueue,2.51485299797519
8800.0,Varchi,TimeService,18.878379305623508
8800.0,Varchi,NumQueue,0.0
8800.0,XRay,TimeTotal,243.6486348573288
8800.0,XRay,NumTotal,11.0
8800.0,XRay,SystemResponseTime_Success,431.54773161137734
8800.0,XRay,BusyServers,6.0
8800.0,XRay,TimeQueue,191.04370528679578
8800.0,XRay,TimeService,51.554349483011926
8800.0,XRay,NumQueue,5.0
8800.0,FastTrack,TimeTotal,75.3985972408098
8800.0,FastTrack,NumTotal,0.0
8800.0,FastTrack,SystemResponseTime_Success,431.54773161137734
8800.0,FastTrack,BusyServers,0.0
8800.0,FastTrack,TimeQueue,24.329682413329103
8800.0,FastTrack,TimeService,51.06891482748071
8800.0,FastTrack,NumQueue,0.0
8800.0,TraceDetection,TimeTotal,106.91964346667719
8800.0,TraceDetection,NumTotal,1.0
8800.0,TraceDetection,SystemResponseTime_Success,431.54773161137734
8800.0,TraceDetection,BusyServers,1.0
8800.0,TraceDetection,TimeQueue,46.658185936104644
8800.0,TraceDetection,TimeService,60.34555071951717
8800.0,TraceDetection,NumQueue,0.0
8800.0,Recupero,TimeTotal,121.01252448292705
8800.0,Recupero,NumTotal,15.0
8800.0,Recupero,SystemResponseTime_Success,431.54773161137734
8800.0,Recupero,BusyServers,15.0
8800.0,Recupero,TimeQueue,0.0
8800.0,Recupero,TimeService,121.01252448292705
8800.0,Recupero,NumQueue,0.0
8800.0,CheckIn,TimeTotal,122.96594640667203
8800.0,CheckIn,NumTotal,7.0
8800.0,CheckIn,SystemResponseTime_Success,431.54773161137734
8800.0,CheckIn,BusyServers,7.0
8800.0,CheckIn,TimeQueue,4.988886657877715
8800.0,CheckIn,TimeService,118.0555126074975
8800.0,CheckIn,NumQueue,0.0
9200.0,CheckIn,TimeTotal,123.18476317967493
9200.0,CheckIn,NumTotal,8.0
9200.0,CheckIn,SystemResponseTime_Success,425.48773788076096
9200.0,CheckIn,BusyServers,8.0
9200.0,CheckIn,TimeQueue,4.932927245280588
9200.0,CheckIn,TimeService,118.2316659121287
9200.0,CheckIn,NumQueue,0.0
9200.0,XRay,TimeTotal,236.33696612274952
9200.0,XRay,NumTotal,11.0
9200.0,XRay,SystemResponseTime_Success,425.48773788076096
9200.0,XRay,BusyServers,6.0
9200.0,XRay,TimeQueue,183.9015491268521
9200.0,XRay,TimeService,51.58989136800994
9200.0,XRay,NumQueue,5.0
9200.0,FastTrack,TimeTotal,75.62118470855147
9200.0,FastTrack,NumTotal,1.0
9200.0,FastTrack,SystemResponseTime_Success,425.48773788076096
9200.0,FastTrack,BusyServers,1.0
9200.0,FastTrack,TimeQueue,24.834245366629546
9200.0,FastTrack,TimeService,50.72636714719039
9200.0,FastTrack,NumQueue,0.0
9200.0,TraceDetection,TimeTotal,105.56814586983617
9200.0,TraceDetection,NumTotal,4.0
9200.0,TraceDetection,SystemResponseTime_Success,425.48773788076096
9200.0,TraceDetection,BusyServers,1.0
9200.0,TraceDetection,TimeQueue,46.2465487142611
9200.0,TraceDetection,TimeService,59.80579696563671
9200.0,TraceDetection,NumQueue,3.0
9200.0,Recupero,TimeTotal,120.67744052471882
9200.0,Recupero,NumTotal,16.0
9200.0,Recupero,SystemResponseTime_Success,425.48773788076096
9200.0,Recupero,BusyServers,16.0
9200.0,Recupero,TimeQueue,0.0
9200.0,Recupero,TimeService,120.67744052471882
9200.0,Recupero,NumQueue,0.0
9200.0,Varchi,TimeTotal,21.329592241743118
9200.0,Varchi,NumTotal,3.0
9200.0,Varchi,SystemResponseTime_Success,425.48773788076096
9200.0,Varchi,BusyServers,3.0
9200.0,Varchi,TimeQueue,2.4389372396814517
9200.0,Varchi,TimeService,18.884292557088603
9200.0,Varchi,NumQueue,0.0
9600.0,Varchi,TimeTotal,21.289961090416195
9600.0,Varchi,NumTotal,5.0
9600.0,Varchi,SystemResponseTime_Success,419.41360259616766
9600.0,Varchi,BusyServers,4.0
9600.0,Varchi,TimeQueue,2.387421738609579
9600.0,Varchi,TimeService,18.894514404786097
9600.0,Varchi,NumQueue,1.0
9600.0,Recupero,TimeTotal,120.48338613230813
9600.0,Recupero,NumTotal,15.0
9600.0,Recupero,SystemResponseTime_Success,419.41360259616766
9600.0,Recupero,BusyServers,15.0
9600.0,Recupero,TimeQueue,0.0
9600.0,Recupero,TimeService,120.48338613230813
9600.0,Recupero,NumQueue,0.0
9600.0,TraceDetection,TimeTotal,109.89752205948814
9600.0,TraceDetection,NumTotal,0.0
9600.0,TraceDetection,SystemResponseTime_Success,419.41360259616766
9600.0,TraceDetection,BusyServers,0.0
9600.0,TraceDetection,TimeQueue,49.754312378530926
9600.0,TraceDetection,TimeService,60.143209680957156
9600.0,TraceDetection,NumQueue,0.0
9600.0,FastTrack,TimeTotal,75.16536328722509
9600.0,FastTrack,NumTotal,0.0
9600.0,FastTrack,SystemResponseTime_Success,419.41360259616766
9600.0,FastTrack,BusyServers,0.0
9600.0,FastTrack,TimeQueue,24.96902194614372
9600.0,FastTrack,TimeService,50.19634134108138
9600.0,FastTrack,NumQueue,0.0
9600.0,XRay,TimeTotal,229.81396272634612
9600.0,XRay,NumTotal,4.0
9600.0,XRay,SystemResponseTime_Success,419.41360259616766
9600.0,XRay,BusyServers,4.0
9600.0,XRay,TimeQueue,177.71800805603158
9600.0,XRay,TimeService,51.44172754411535
9600.0,XRay,NumQueue,0.0
9600.0,CheckIn,TimeTotal,123.21820300828261
9600.0,CheckIn,NumTotal,9.0
9600.0,CheckIn,SystemResponseTime_Success,419.41360259616766
9600.0,CheckIn,BusyServers,8.0
9600.0,CheckIn,TimeQueue,4.750182398255011
9600.0,CheckIn,TimeService,118.39113257084063
9600.0,CheckIn,NumQueue,1.0
10000.0,Varchi,TimeTotal,21.18683643998056
10000.0,Varchi,NumTotal,2.0
10000.0,Varchi,SystemResponseTime_Success,413.9092163481847
10000.0,Varchi,BusyServers,2.0
10000.0,Varchi,TimeQueue,2.3184697380765398
10000.0,Varchi,TimeService,18.86460600484309
10000.0,Varchi,NumQueue,0.0
10000.0,XRay,TimeTotal,223.93948688079053
10000.0,XRay,NumTotal,6.0
10000.0,XRay,SystemResponseTime_Success,413.9092163481847
10000.0,XRay,BusyServers,6.0
10000.0,XRay,TimeQueue,171.6738453896932
10000.0,XRay,TimeService,51.4164138460731
10000.0,XRay,NumQueue,0.0
10000.0,FastTrack,TimeTotal,74.52567319714993
10000.0,FastTrack,NumTotal,1.0
10000.0,FastTrack,SystemResponseTime_Success,413.9092163481847
10000.0,FastTrack,BusyServers,1.0
10000.0,FastTrack,TimeQueue,24.240140952980944
10000.0,FastTrack,TimeService,50.050191069868205
10000.0,FastTrack,NumQueue,0.0
10000.0,TraceDetection,TimeTotal,108.518588318931
10000.0,TraceDetection,NumTotal,1.0
10000.0,TraceDetection,SystemResponseTime_Success,413.9092163481847
10000.0,TraceDetection,BusyServers,1.0
10000.0,TraceDetection,TimeQueue,48.23093102417299
10000.0,TraceDetection,TimeService,59.87542711506416
10000.0,TraceDetection,NumQueue,0.0
10000.0,Recupero,TimeTotal,120.46153885802852
10000.0,Recupero,NumTotal,11.0
10000.0,Recupero,SystemResponseTime_Success,413.9092163481847
10000.0,Recupero,BusyServers,11.0
10000.0,Recupero,TimeQueue,0.0
10000.0,Recupero,TimeService,120.46153885802852
10000.0,Recupero,NumQueue,0.0
10000.0,CheckIn,TimeTotal,124.0100200134975
10000.0,CheckIn,NumTotal,5.0
10000.0,CheckIn,SystemResponseTime_Success,413.9092163481847
10000.0,CheckIn,BusyServers,5.0
10000.0,CheckIn,TimeQueue,5.145881681220489
10000.0,CheckIn,TimeService,118.81130587148414
10000.0,CheckIn,NumQueue,0.0
10400.0,Varchi,TimeTotal,21.07568073070381
10400.0,Varchi,NumTotal,5.0
10400.0,Varchi,SystemResponseTime_Success,408.40073755154106
10400.0,Varchi,BusyServers,4.0
10400.0,Varchi,TimeQueue,2.242234862777404
10400.0,Varchi,TimeService,18.826455268198362
10400.0,Varchi,NumQueue,1.0
10400.0,FastTrack,TimeTotal,77.06817856301424
10400.0,FastTrack,NumTotal,3.0
10400.0,FastTrack,SystemResponseTime_Success,408.40073755154106
10400.0,FastTrack,BusyServers,1.0
10400.0,FastTrack,TimeQueue,27.344169660058924
10400.0,FastTrack,TimeService,50.566475382442945
10400.0,FastTrack,NumQueue,2.0
10400.0,TraceDetection,TimeTotal,108.38533851269776
10400.0,TraceDetection,NumTotal,0.0
10400.0,TraceDetection,SystemResponseTime_Success,408.40073755154106
10400.0,TraceDetection,BusyServers,0.0
10400.0,TraceDetection,TimeQueue,48.45713471664363
10400.0,TraceDetection,TimeService,59.92820379605408
10400.0,TraceDetection,NumQueue,0.0
10400.0,Recupero,TimeTotal,120.39807988151837
10400.0,Recupero,NumTotal,13.0
10400.0,Recupero,SystemResponseTime_Success,408.40073755154106
10400.0,Recupero,BusyServers,13.0
10400.0,Recupero,TimeQueue,0.0
10400.0,Recupero,TimeService,120.39807988151837
10400.0,Recupero,NumQueue,0.0
10400.0,XRay,TimeTotal,218.64082466534623
10400.0,XRay,NumTotal,9.0
10400.0,XRay,SystemResponseTime_Success,408.40073755154106
10400.0,XRay,BusyServers,6.0
10400.0,XRay,TimeQueue,166.30005610771585
10400.0,XRay,TimeService,51.503339191230395
10400.0,XRay,NumQueue,3.0
10400.0,CheckIn,TimeTotal,124.10854600767794
10400.0,CheckIn,NumTotal,6.0
10400.0,CheckIn,SystemResponseTime_Success,408.40073755154106
10400.0,CheckIn,BusyServers,6.0
10400.0,CheckIn,TimeQueue,5.272549935717299
10400.0,CheckIn,TimeService,119.04188272193461
10400.0,CheckIn,NumQueue,0.0
10800.0,Varchi,TimeTotal,21.06947992471826
10800.0,Varchi,NumTotal,4.0
10800.0,Varchi,SystemResponseTime_Success,404.301095105728
10800.0,Varchi,BusyServers,4.0
10800.0,Varchi,TimeQueue,2.248609008623768
10800.0,Varchi,TimeService,18.819460847738355
10800.0,Varchi,NumQueue,0.0
10800.0,CheckIn,TimeTotal,124.10586601171268
10800.0,CheckIn,NumTotal,8.0
10800.0,CheckIn,SystemResponseTime_Success,404.301095105728
10800.0,CheckIn,BusyServers,8.0
10800.0,CheckIn,TimeQueue,5.132482195489516
10800.0,CheckIn,TimeService,118.89427041051228
10800.0,CheckIn,NumQueue,0.0
10800.0,Recupero,TimeTotal,120.30797835220937
10800.0,Recupero,NumTotal,11.0
10800.0,Recupero,SystemResponseTime_Success,404.301095105728
10800.0,Recupero,BusyServers,11.0
10800.0,Recupero,TimeQueue,0.0
10800.0,Recupero,TimeService,120.30797835220937
10800.0,Recupero,NumQueue,0.0
10800.0,XRay,TimeTotal,214.40756254283826
10800.0,XRay,NumTotal,7.0
10800.0,XRay,SystemResponseTime_Success,404.301095105728
10800.0,XRay,BusyServers,6.0
10800.0,XRay,TimeQueue,161.9497836309683
10800.0,XRay,TimeService,51.65195741541652
10800.0,XRay,NumQueue,1.0
10800.0,TraceDetection,TimeTotal,107.80400959243897
10800.0,TraceDetection,NumTotal,1.0
10800.0,TraceDetection,SystemResponseTime_Success,404.301095105728
10800.0,TraceDetection,BusyServers,1.0
10800.0,TraceDetection,TimeQueue,47.502065647037256
10800.0,TraceDetection,TimeService,59.92494342439343
10800.0,TraceDetection,NumQueue,0.0
10800.0,FastTrack,TimeTotal,79.7083979512869
10800.0,FastTrack,NumTotal,0.0
10800.0,FastTrack,SystemResponseTime_Success,404.301095105728
10800.0,FastTrack,BusyServers,0.0
10800.0,FastTrack,TimeQueue,29.24971469161968
10800.0,FastTrack,TimeService,50.45868325966723
10800.0,FastTrack,NumQueue,0.0
11200.0,XRay,TimeTotal,210.3706400852272
11200.0,XRay,NumTotal,20.0
11200.0,XRay,SystemResponseTime_Success,399.28612022529046
11200.0,XRay,BusyServers,6.0
11200.0,XRay,TimeQueue,158.42061700608195
11200.0,XRay,TimeService,51.67818177855056
11200.0,XRay,NumQueue,14.0
11200.0,FastTrack,TimeTotal,79.10371061162337
11200.0,FastTrack,NumTotal,1.0
11200.0,FastTrack,SystemResponseTime_Success,399.28612022529046
11200.0,FastTrack,BusyServers,1.0
11200.0,FastTrack,TimeQueue,28.60499401604796
11200.0,FastTrack,TimeService,50.262311686351886
11200.0,FastTrack,NumQueue,0.0
11200.0,Varchi,TimeTotal,21.06751742896213
11200.0,Varchi,NumTotal,4.0
11200.0,Varchi,SystemResponseTime_Success,399.28612022529046
11200.0,Varchi,BusyServers,4.0
11200.0,Varchi,TimeQueue,2.2651024207863326
11200.0,Varchi,TimeService,18.795887335493443
11200.0,Varchi,NumQueue,0.0
11200.0,CheckIn,TimeTotal,126.54010079207538
11200.0,CheckIn,NumTotal,10.0
11200.0,CheckIn,SystemResponseTime_Success,399.28612022529046
11200.0,CheckIn,BusyServers,8.0
11200.0,CheckIn,TimeQueue,8.348206825013516
11200.0,CheckIn,TimeService,119.16430047554834
11200.0,CheckIn,NumQueue,2.0
11200.0,Recupero,TimeTotal,120.23551355651003
11200.0,Recupero,NumTotal,13.0
11200.0,Recupero,SystemResponseTime_Success,399.28612022529046
11200.0,Recupero,BusyServers,13.0
11200.0,Recupero,TimeQueue,0.0
11200.0,Recupero,TimeService,120.23551355651003
11200.0,Recupero,NumQueue,0.0
11200.0,TraceDetection,TimeTotal,106.49277864495205
11200.0,TraceDetection,NumTotal,1.0
11200.0,TraceDetection,SystemResponseTime_Success,399.28612022529046
11200.0,TraceDetection,BusyServers,1.0
11200.0,TraceDetection,TimeQueue,46.21852768274984
11200.0,TraceDetection,TimeService,59.924110600969215
11200.0,TraceDetection,NumQueue,0.0
11600.0,Varchi,TimeTotal,21.12897159498737
11600.0,Varchi,NumTotal,3.0
11600.0,Varchi,SystemResponseTime_Success,398.85999247782416
11600.0,Varchi,BusyServers,3.0
11600.0,Varchi,TimeQueue,2.30197526271415
11600.0,Varchi,TimeService,18.822217144876614
11600.0,Varchi,NumQueue,0.0
11600.0,CheckIn,TimeTotal,127.97593605243513
11600.0,CheckIn,NumTotal,14.0
11600.0,CheckIn,SystemResponseTime_Success,398.85999247782416
11600.0,CheckIn,BusyServers,8.0
11600.0,CheckIn,TimeQueue,9.261499454647689
11600.0,CheckIn,TimeService,119.07643570567039
11600.0,CheckIn,NumQueue,6.0
11600.0,FastTrack,TimeTotal,77.43698940966054
11600.0,FastTrack,NumTotal,1.0
11600.0,FastTrack,SystemResponseTime_Success,398.85999247782416
11600.0,FastTrack,BusyServers,1.0
11600.0,FastTrack,TimeQueue,27.74609594708748
11600.0,FastTrack,TimeService,49.54524501934342
11600.0,FastTrack,NumQueue,0.0
11600.0,XRay,TimeTotal,208.77212772053713
11600.0,XRay,NumTotal,21.0
11600.0,XRay,SystemResponseTime_Success,398.85999247782416
11600.0,XRay,BusyServers,6.0
11600.0,XRay,TimeQueue,156.9691915968153
11600.0,XRay,TimeService,51.70304501300521
11600.0,XRay,NumQueue,15.0
11600.0,Recupero,TimeTotal,120.192189239547
11600.0,Recupero,NumTotal,17.0
11600.0,Recupero,SystemResponseTime_Success,398.85999247782416
11600.0,Recupero,BusyServers,17.0
11600.0,Recupero,TimeQueue,0.0
11600.0,Recupero,TimeService,120.192189239547
11600.0,Recupero,NumQueue,0.0
11600.0,TraceDetection,TimeTotal,105.87454285119642
11600.0,TraceDetection,NumTotal,0.0
11600.0,TraceDetection,SystemResponseTime_Success,398.85999247782416
11600.0,TraceDetection,BusyServers,0.0
11600.0,TraceDetection,TimeQueue,46.07728720994445
11600.0,TraceDetection,TimeService,59.79725564125192
11600.0,TraceDetection,NumQueue,0.0
12000.0,FastTrack,TimeTotal,78.02444992452007
12000.0,FastTrack,NumTotal,0.0
12000.0,FastTrack,SystemResponseTime_Success,398.3953255996869
12000.0,FastTrack,BusyServers,0.0
12000.0,FastTrack,TimeQueue,28.06452726658741
12000.0,FastTrack,TimeService,49.95992265793267
12000.0,FastTrack,NumQueue,0.0
12000.0,CheckIn,TimeTotal,129.82420608773845
12000.0,CheckIn,NumTotal,4.0
12000.0,CheckIn,SystemResponseTime_Success,398.3953255996869
12000.0,CheckIn,BusyServers,4.0
12000.0,CheckIn,TimeQueue,10.605252612984234
12000.0,CheckIn,TimeService,119.1476576588686
12000.0,CheckIn,NumQueue,0.0
12000.0,XRay,TimeTotal,207.83954996141105
12000.0,XRay,NumTotal,25.0
12000.0,XRay,SystemResponseTime_Success,398.3953255996869
12000.0,XRay,BusyServers,6.0
12000.0,XRay,TimeQueue,156.19363356223062
12000.0,XRay,TimeService,51.64203196438914
12000.0,XRay,NumQueue,19.0
12000.0,Recupero,TimeTotal,120.0819038638009
12000.0,Recupero,NumTotal,16.0
12000.0,Recupero,SystemResponseTime_Success,398.3953255996869
12000.0,Recupero,BusyServers,16.0
12000.0,Recupero,TimeQueue,0.0
12000.0,Recupero,TimeService,120.0819038638009
12000.0,Recupero,NumQueue,0.0
12000.0,Varchi,TimeTotal,21.130417088645988
12000.0,Varchi,NumTotal,2.0
12000.0,Varchi,SystemResponseTime_Success,398.3953255996869
12000.0,Varchi,BusyServers,2.0
12000.0,Varchi,TimeQueue,2.2872615739474575
12000.0,Varchi,TimeService,18.84260705910836
12000.0,Varchi,NumQueue,0.0
12000.0,TraceDetection,TimeTotal,105.34807131741694
12000.0,TraceDetection,NumTotal,0.0
12000.0,TraceDetection,SystemResponseTime_Success,398.3953255996869
12000.0,TraceDetection,BusyServers,0.0
12000.0,TraceDetection,TimeQueue,45.47946371042069
12000.0,TraceDetection,TimeService,59.86860760699621
12000.0,TraceDetection,NumQueue,0.0
12400.0,CheckIn,TimeTotal,129.70990074219074
12400.0,CheckIn,NumTotal,4.0
12400.0,CheckIn,SystemResponseTime_Success,398.38812056187925
12400.0,CheckIn,BusyServers,4.0
12400.0,CheckIn,TimeQueue,10.295861126705926
12400.0,CheckIn,TimeService,119.34685618235784
12400.0,CheckIn,NumQueue,0.0
12400.0,Varchi,TimeTotal,21.082917438944186
12400.0,Varchi,NumTotal,3.0
12400.0,Varchi,SystemResponseTime_Success,398.38812056187925
12400.0,Varchi,BusyServers,3.0
12400.0,Varchi,TimeQueue,2.2373332332570888
12400.0,Varchi,TimeService,18.84938391075765
12400.0,Varchi,NumQueue,0.0
12400.0,TraceDetection,TimeTotal,103.78927223117843
12400.0,TraceDetection,NumTotal,1.0
12400.0,TraceDetection,SystemResponseTime_Success,398.38812056187925
12400.0,TraceDetection,BusyServers,1.0
12400.0,TraceDetection,TimeQueue,43.96084958110825
12400.0,TraceDetection,TimeService,59.527320940610494
12400.0,TraceDetection,NumQueue,0.0
12400.0,FastTrack,TimeTotal,78.96358308016062
12400.0,FastTrack,NumTotal,4.0
12400.0,FastTrack,SystemResponseTime_Success,398.38812056187925
12400.0,FastTrack,BusyServers,1.0
12400.0,FastTrack,TimeQueue,29.624673889585402
12400.0,FastTrack,TimeService,49.956827180075294
12400.0,FastTrack,NumQueue,3.0
12400.0,XRay,TimeTotal,207.41627521123775
12400.0,XRay,NumTotal,9.0
12400.0,XRay,SystemResponseTime_Success,398.38812056187925
12400.0,XRay,BusyServers,6.0
12400.0,XRay,TimeQueue,155.27916474566848
12400.0,XRay,TimeService,51.65543194539204
12400.0,XRay,NumQueue,3.0
12400.0,Recupero,TimeTotal,120.04197671416735
12400.0,Recupero,NumTotal,12.0
12400.0,Recupero,SystemResponseTime_Success,398.38812056187925
12400.0,Recupero,BusyServers,12.0
12400.0,Recupero,TimeQueue,0.0
12400.0,Recupero,TimeService,120.04197671416735
12400.0,Recupero,NumQueue,0.0
12800.0,CheckIn,TimeTotal,129.48826591136682
12800.0,CheckIn,NumTotal,5.0
12800.0,CheckIn,SystemResponseTime_Success,395.1433690889888
12800.0,CheckIn,BusyServers,5.0
12800.0,CheckIn,TimeQueue,10.099437702984986
12800.0,CheckIn,TimeService,119.30790322678737
12800.0,CheckIn,NumQueue,0.0
12800.0,TraceDetection,TimeTotal,102.47068040094648
12800.0,TraceDetection,NumTotal,3.0
12800.0,TraceDetection,SystemResponseTime_Success,395.1433690889888
12800.0,TraceDetection,BusyServers,1.0
12800.0,TraceDetection,TimeQueue,43.14237769811574
12800.0,TraceDetection,TimeService,59.47128146430693
12800.0,TraceDetection,NumQueue,2.0
12800.0,Recupero,TimeTotal,120.06030383160274
12800.0,Recupero,NumTotal,9.0
12800.0,Recupero,SystemResponseTime_Success,395.1433690889888
12800.0,Recupero,BusyServers,9.0
12800.0,Recupero,TimeQueue,0.0
12800.0,Recupero,TimeService,120.06030383160274
12800.0,Recupero,NumQueue,0.0
12800.0,Varchi,TimeTotal,20.949802268857077
12800.0,Varchi,NumTotal,2.0
12800.0,Varchi,SystemResponseTime_Success,395.1433690889888
12800.0,Varchi,BusyServers,2.0
12800.0,Varchi,TimeQueue,2.1776645445264267
12800.0,Varchi,TimeService,18.76939161519509
12800.0,Varchi,NumQueue,0.0
12800.0,FastTrack,TimeTotal,85.06028821330958
12800.0,FastTrack,NumTotal,1.0
12800.0,FastTrack,SystemResponseTime_Success,395.1433690889888
12800.0,FastTrack,BusyServers,1.0
12800.0,FastTrack,TimeQueue,35.553474668861305
12800.0,FastTrack,TimeService,50.30554229051962
12800.0,FastTrack,NumQueue,0.0
12800.0,XRay,TimeTotal,203.6729811902952
12800.0,XRay,NumTotal,8.0
12800.0,XRay,SystemResponseTime_Success,395.1433690889888
12800.0,XRay,BusyServers,6.0
12800.0,XRay,TimeQueue,151.43791059957647
12800.0,XRay,TimeService,51.59877684870392
12800.0,XRay,NumQueue,2.0
13200.0,CheckIn,TimeTotal,129.32720636266424
13200.0,CheckIn,NumTotal,8.0
13200.0,CheckIn,SystemResponseTime_Success,391.8765150933741
13200.0,CheckIn,BusyServers,8.0
13200.0,CheckIn,TimeQueue,10.089182796604993
13200.0,CheckIn,TimeService,119.4006421156406
13200.0,CheckIn,NumQueue,0.0
13200.0,Varchi,TimeTotal,20.915381802935297
13200.0,Varchi,NumTotal,4.0
13200.0,Varchi,SystemResponseTime_Success,391.8765150933741
13200.0,Varchi,BusyServers,4.0
13200.0,Varchi,TimeQueue,2.12486180173636
13200.0,Varchi,TimeService,18.78529921053131
13200.0,Varchi,NumQueue,0.0
13200.0,XRay,TimeTotal,199.56318123814387
13200.0,XRay,NumTotal,6.0
13200.0,XRay,SystemResponseTime_Success,391.8765150933741
13200.0,XRay,BusyServers,6.0
13200.0,XRay,TimeQueue,147.40483007623726
13200.0,XRay,TimeService,51.603433252879256
13200.0,XRay,NumQueue,0.0
13200.0,FastTrack,TimeTotal,85.12022549950088
13200.0,FastTrack,NumTotal,0.0
13200.0,FastTrack,SystemResponseTime_Success,391.8765150933741
13200.0,FastTrack,BusyServers,0.0
13200.0,FastTrack,TimeQueue,34.85634771456991
13200.0,FastTrack,TimeService,50.26387778493098
13200.0,FastTrack,NumQueue,0.0
13200.0,TraceDetection,TimeTotal,103.2019285758464
13200.0,TraceDetection,NumTotal,2.0
13200.0,TraceDetection,SystemResponseTime_Success,391.8765150933741
13200.0,TraceDetection,BusyServers,1.0
13200.0,TraceDetection,TimeQueue,43.43017288803759
13200.0,TraceDetection,TimeService,59.92366106677018
13200.0,TraceDetection,NumQueue,1.0
13200.0,Recupero,TimeTotal,120.02537584948928
13200.0,Recupero,NumTotal,13.0
13200.0,Recupero,SystemResponseTime_Success,391.8765150933741
13200.0,Recupero,BusyServers,13.0
13200.0,Recupero,TimeQueue,0.0
13200.0,Recupero,TimeService,120.02537584948928
13200.0,Recupero,NumQueue,0.0
13600.0,CheckIn,TimeTotal,129.207145311154
13600.0,CheckIn,NumTotal,3.0
13600.0,CheckIn,SystemResponseTime_Success,388.8040553493342
13600.0,CheckIn,BusyServers,3.0
13600.0,CheckIn,TimeQueue,10.08334542353787
13600.0,CheckIn,TimeService,119.07858309199484
13600.0,CheckIn,NumQueue,0.0
13600.0,Varchi,TimeTotal,20.884535003382
13600.0,Varchi,NumTotal,1.0
13600.0,Varchi,SystemResponseTime_Success,388.8040553493342
13600.0,Varchi,BusyServers,1.0
13600.0,Varchi,TimeQueue,2.1024415944605486
13600.0,Varchi,TimeService,18.78084195559145
13600.0,Varchi,NumQueue,0.0
13600.0,XRay,TimeTotal,195.92465233462414
13600.0,XRay,NumTotal,8.0
13600.0,XRay,SystemResponseTime_Success,388.8040553493342
13600.0,XRay,BusyServers,6.0
13600.0,XRay,TimeQueue,143.8787603672401
13600.0,XRay,TimeService,51.59382537400079
13600.0,XRay,NumQueue,2.0
13600.0,FastTrack,TimeTotal,84.24444057056628
13600.0,FastTrack,NumTotal,1.0
13600.0,FastTrack,SystemResponseTime_Success,388.8040553493342
13600.0,FastTrack,BusyServers,1.0
13600.0,FastTrack,TimeQueue,33.968287900185956
13600.0,FastTrack,TimeService,50.058407235122736
13600.0,FastTrack,NumQueue,0.0
13600.0,TraceDetection,TimeTotal,106.4670635812638
13600.0,TraceDetection,NumTotal,2.0
13600.0,TraceDetection,SystemResponseTime_Success,388.8040553493342
13600.0,TraceDetection,BusyServers,1.0
13600.0,TraceDetection,TimeQueue,47.057798823232055
13600.0,TraceDetection,TimeService,60.20385569918313
13600.0,TraceDetection,NumQueue,1.0
13600.0,Recupero,TimeTotal,119.97696311903125
13600.0,Recupero,NumTotal,16.0
13600.0,Recupero,SystemResponseTime_Success,388.8040553493342
13600.0,Recupero,BusyServers,16.0
13600.0,Recupero,TimeQueue,0.0
13600.0,Recupero,TimeService,119.97696311903125
13600.0,Recupero,NumQueue,0.0
14000.0,CheckIn,TimeTotal,129.0835225060688
14000.0,CheckIn,NumTotal,6.0
14000.0,CheckIn,SystemResponseTime_Success,385.96056953763554
14000.0,CheckIn,BusyServers,6.0
14000.0,CheckIn,TimeQueue,9.824046747576867
14000.0,CheckIn,TimeService,119.17707787943505
14000.0,CheckIn,NumQueue,0.0
14000.0,Varchi,TimeTotal,20.847592267513974
14000.0,Varchi,NumTotal,2.0
14000.0,Varchi,SystemResponseTime_Success,385.96056953763554
14000.0,Varchi,BusyServers,2.0
14000.0,Varchi,TimeQueue,2.0618359145713523
14000.0,Varchi,TimeService,18.78336720356309
14000.0,Varchi,NumQueue,0.0
14000.0,XRay,TimeTotal,192.20754285154212
14000.0,XRay,NumTotal,6.0
14000.0,XRay,SystemResponseTime_Success,385.96056953763554
14000.0,XRay,BusyServers,6.0
14000.0,XRay,TimeQueue,140.14349208510424
14000.0,XRay,TimeService,51.524345405391465
14000.0,XRay,NumQueue,0.0
14000.0,FastTrack,TimeTotal,83.68993175287828
14000.0,FastTrack,NumTotal,1.0
14000.0,FastTrack,SystemResponseTime_Success,385.96056953763554
14000.0,FastTrack,BusyServers,1.0
14000.0,FastTrack,TimeQueue,33.31619504801582
14000.0,FastTrack,TimeService,50.16680381636547
14000.0,FastTrack,NumQueue,0.0
14000.0,TraceDetection,TimeTotal,107.34179738081201
14000.0,TraceDetection,NumTotal,2.0
14000.0,TraceDetection,SystemResponseTime_Success,385.96056953763554
14000.0,TraceDetection,BusyServers,1.0
14000.0,TraceDetection,TimeQueue,47.52807502239354
14000.0,TraceDetection,TimeService,59.97097637751515
14000.0,TraceDetection,NumQueue,1.0
14000.0,Recupero,TimeTotal,119.96573704288858
14000.0,Recupero,NumTotal,19.0
14000.0,Recupero,SystemResponseTime_Success,385.96056953763554
14000.0,Recupero,BusyServers,19.0
14000.0,Recupero,TimeQueue,0.0
14000.0,Recupero,TimeService,119.96573704288858
14000.0,Recupero,NumQueue,0.0
14400.0,CheckIn,TimeTotal,129.04380138353866
14400.0,CheckIn,NumTotal,6.0
14400.0,CheckIn,SystemResponseTime_Success,381.82777989581217
14400.0,CheckIn,BusyServers,6.0
14400.0,CheckIn,TimeQueue,9.714064527111821
14400.0,CheckIn,TimeService,119.24741427568858
14400.0,CheckIn,NumQueue,0.0
14400.0,Varchi,TimeTotal,20.826985515959834
14400.0,Varchi,NumTotal,1.0
14400.0,Varchi,SystemResponseTime_Success,381.82777989581217
14400.0,Varchi,BusyServers,1.0
14400.0,Varchi,TimeQueue,2.0379988533036033
14400.0,Varchi,TimeService,18.787842362345593
14400.0,Varchi,NumQueue,0.0
14400.0,XRay,TimeTotal,188.52314277594627
14400.0,XRay,NumTotal,12.0
14400.0,XRay,SystemResponseTime_Success,381.82777989581217
14400.0,XRay,BusyServers,6.0
14400.0,XRay,TimeQueue,136.65731290657016
14400.0,XRay,TimeService,51.50198984374344
14400.0,XRay,NumQueue,6.0
14400.0,FastTrack,TimeTotal,83.29667734229791
14400.0,FastTrack,NumTotal,0.0
14400.0,FastTrack,SystemResponseTime_Success,381.82777989581217
14400.0,FastTrack,BusyServers,0.0
14400.0,FastTrack,TimeQueue,33.009950855765986
14400.0,FastTrack,TimeService,50.286726486531926
14400.0,FastTrack,NumQueue,0.0
14400.0,TraceDetection,TimeTotal,106.27313142471372
14400.0,TraceDetection,NumTotal,0.0
14400.0,TraceDetection,SystemResponseTime_Success,381.82777989581217
14400.0,TraceDetection,BusyServers,0.0
14400.0,TraceDetection,TimeQueue,46.73641684501469
14400.0,TraceDetection,TimeService,59.53671457969904
14400.0,TraceDetection,NumQueue,0.0
14400.0,Recupero,TimeTotal,120.13408023078493
14400.0,Recupero,NumTotal,15.0
14400.0,Recupero,SystemResponseTime_Success,381.82777989581217
14400.0,Recupero,BusyServers,15.0
14400.0,Recupero,TimeQueue,0.0
14400.0,Recupero,TimeService,120.13408023078493
14400.0,Recupero,NumQueue,0.0
14800.0,CheckIn,TimeTotal,129.90387835505834
14800.0,CheckIn,NumTotal,12.0
14800.0,CheckIn,SystemResponseTime_Success,379.19569726998355
14800.0,CheckIn,BusyServers,8.0
14800.0,CheckIn,TimeQueue,11.236942979315627
14800.0,CheckIn,TimeService,119.23974232986912
14800.0,CheckIn,NumQueue,4.0
14800.0,Varchi,TimeTotal,20.80427889044114
14800.0,Varchi,NumTotal,1.0
14800.0,Varchi,SystemResponseTime_Success,379.19569726998355
14800.0,Varchi,BusyServers,1.0
14800.0,Varchi,TimeQueue,2.0047901847230167
14800.0,Varchi,TimeService,18.798397366477698
14800.0,Varchi,NumQueue,0.0
14800.0,XRay,TimeTotal,185.5958996984327
14800.0,XRay,NumTotal,18.0
14800.0,XRay,SystemResponseTime_Success,379.19569726998355
14800.0,XRay,BusyServers,6.0
14800.0,XRay,TimeQueue,133.88885738024132
14800.0,XRay,TimeService,51.509919859598014
14800.0,XRay,NumQueue,12.0
14800.0,FastTrack,TimeTotal,82.87320123391473
14800.0,FastTrack,NumTotal,0.0
14800.0,FastTrack,SystemResponseTime_Success,379.19569726998355
14800.0,FastTrack,BusyServers,0.0
14800.0,FastTrack,TimeQueue,32.63270307990694
14800.0,FastTrack,TimeService,50.24049815400779
14800.0,FastTrack,NumQueue,0.0
14800.0,TraceDetection,TimeTotal,105.61324289972384
14800.0,TraceDetection,NumTotal,1.0
14800.0,TraceDetection,SystemResponseTime_Success,379.19569726998355
14800.0,TraceDetection,BusyServers,1.0
14800.0,TraceDetection,TimeQueue,45.54619028315587
14800.0,TraceDetection,TimeService,59.811175143067075
14800.0,TraceDetection,NumQueue,0.0
14800.0,Recupero,TimeTotal,120.13669551521917
14800.0,Recupero,NumTotal,16.0
14800.0,Recupero,SystemResponseTime_Success,379.19569726998355
14800.0,Recupero,BusyServers,16.0
14800.0,Recupero,TimeQueue,0.0
14800.0,Recupero,TimeService,120.13669551521917
14800.0,Recupero,NumQueue,0.0
15200.0,CheckIn,TimeTotal,132.34957176520294
15200.0,CheckIn,NumTotal,6.0
15200.0,CheckIn,SystemResponseTime_Success,378.6293580282203
15200.0,CheckIn,BusyServers,6.0
15200.0,CheckIn,TimeQueue,13.255837543484963
15200.0,CheckIn,TimeService,119.45366850895414
15200.0,CheckIn,NumQueue,0.0
15200.0,Varchi,TimeTotal,20.821223607413607
15200.0,Varchi,NumTotal,3.0
15200.0,Varchi,SystemResponseTime_Success,378.6293580282203
15200.0,Varchi,BusyServers,3.0
15200.0,Varchi,TimeQueue,2.0205577993804584
15200.0,Varchi,TimeService,18.79746365621166
15200.0,Varchi,NumQueue,0.0
15200.0,XRay,TimeTotal,184.71302731789834
15200.0,XRay,NumTotal,23.0
15200.0,XRay,SystemResponseTime_Success,378.6293580282203
15200.0,XRay,BusyServers,6.0
15200.0,XRay,TimeQueue,133.22427730851746
15200.0,XRay,TimeService,51.51146424193112
15200.0,XRay,NumQueue,17.0
15200.0,FastTrack,TimeTotal,82.30813234839403
15200.0,FastTrack,NumTotal,1.0
15200.0,FastTrack,SystemResponseTime_Success,378.6293580282203
15200.0,FastTrack,BusyServers,1.0
15200.0,FastTrack,TimeQueue,32.170080603913526
15200.0,FastTrack,TimeService,50.24131429299415
15200.0,FastTrack,NumQueue,0.0
15200.0,TraceDetection,TimeTotal,105.33381181627358
15200.0,TraceDetection,NumTotal,0.0
15200.0,TraceDetection,SystemResponseTime_Success,378.6293580282203
15200.0,TraceDetection,BusyServers,0.0
15200.0,TraceDetection,TimeQueue,45.452512347262314
15200.0,TraceDetection,TimeService,59.88129946901125
15200.0,TraceDetection,NumQueue,0.0
15200.0,Recupero,TimeTotal,120.16299349310206
15200.0,Recupero,NumTotal,18.0
15200.0,Recupero,SystemResponseTime_Success,378.6293580282203
15200.0,Recupero,BusyServers,18.0
15200.0,Recupero,TimeQueue,0.0
15200.0,Recupero,TimeService,120.16299349310206
15200.0,Recupero,NumQueue,0.0
15600.0,CheckIn,TimeTotal,132.71128067919287
15600.0,CheckIn,NumTotal,5.0
15600.0,CheckIn,SystemResponseTime_Success,379.2374512946163
15600.0,CheckIn,BusyServers,5.0
15600.0,CheckIn,TimeQueue,13.099182223571804
15600.0,CheckIn,TimeService,119.52791347989107
15600.0,CheckIn,NumQueue,0.0
15600.0,Varchi,TimeTotal,20.983738615486615
15600.0,Varchi,NumTotal,0.0
15600.0,Varchi,SystemResponseTime_Success,379.2374512946163
15600.0,Varchi,BusyServers,0.0
15600.0,Varchi,TimeQueue,2.1454390690614167
15600.0,Varchi,TimeService,18.838299546425233
15600.0,Varchi,NumQueue,0.0
15600.0,XRay,TimeTotal,185.0212482452073
15600.0,XRay,NumTotal,31.0
15600.0,XRay,SystemResponseTime_Success,379.2374512946163
15600.0,XRay,BusyServers,6.0
15600.0,XRay,TimeQueue,133.75856347834122
15600.0,XRay,TimeService,51.443607873518324
15600.0,XRay,NumQueue,25.0
15600.0,FastTrack,TimeTotal,82.636103609391
15600.0,FastTrack,NumTotal,0.0
15600.0,FastTrack,SystemResponseTime_Success,379.2374512946163
15600.0,FastTrack,BusyServers,0.0
15600.0,FastTrack,TimeQueue,32.47778666635659
15600.0,FastTrack,TimeService,50.158316943034414
15600.0,FastTrack,NumQueue,0.0
15600.0,TraceDetection,TimeTotal,105.12569305147292
15600.0,TraceDetection,NumTotal,4.0
15600.0,TraceDetection,SystemResponseTime_Success,379.2374512946163
15600.0,TraceDetection,BusyServers,1.0
15600.0,TraceDetection,TimeQueue,45.36453970251862
15600.0,TraceDetection,TimeService,60.02257294764806
15600.0,TraceDetection,NumQueue,3.0
15600.0,Recupero,TimeTotal,120.16258497577776
15600.0,Recupero,NumTotal,18.0
15600.0,Recupero,SystemResponseTime_Success,379.2374512946163
15600.0,Recupero,BusyServers,18.0
15600.0,Recupero,TimeQueue,0.0
15600.0,Recupero,TimeService,120.16258497577776
15600.0,Recupero,NumQueue,0.0
16000.0,CheckIn,TimeTotal,133.22703460855658
16000.0,CheckIn,NumTotal,8.0
16000.0,CheckIn,SystemResponseTime_Success,381.01914344274155
16000.0,CheckIn,BusyServers,8.0
16000.0,CheckIn,TimeQueue,14.059474368927258
16000.0,CheckIn,TimeService,119.48967632955303
16000.0,CheckIn,NumQueue,0.0
16000.0,Varchi,TimeTotal,20.950457639207578
16000.0,Varchi,NumTotal,4.0
16000.0,Varchi,SystemResponseTime_Success,381.01914344274155
16000.0,Varchi,BusyServers,4.0
16000.0,Varchi,TimeQueue,2.131341604743603
16000.0,Varchi,TimeService,18.816335655893578
16000.0,Varchi,NumQueue,0.0
16000.0,XRay,TimeTotal,187.03875363988243
16000.0,XRay,NumTotal,26.0
16000.0,XRay,SystemResponseTime_Success,381.01914344274155
16000.0,XRay,BusyServers,6.0
16000.0,XRay,TimeQueue,135.7708905070026
16000.0,XRay,TimeService,51.47261624997406
16000.0,XRay,NumQueue,20.0
16000.0,FastTrack,TimeTotal,82.15926887189252
16000.0,FastTrack,NumTotal,0.0
16000.0,FastTrack,SystemResponseTime_Success,381.01914344274155
16000.0,FastTrack,BusyServers,0.0
16000.0,FastTrack,TimeQueue,32.094665410379484
16000.0,FastTrack,TimeService,50.064603461513045
16000.0,FastTrack,NumQueue,0.0
16000.0,TraceDetection,TimeTotal,107.34573373860496
16000.0,TraceDetection,NumTotal,1.0
16000.0,TraceDetection,SystemResponseTime_Success,381.01914344274155
16000.0,TraceDetection,BusyServers,1.0
16000.0,TraceDetection,TimeQueue,47.41581027072594
16000.0,TraceDetection,TimeService,59.68693196035248
16000.0,TraceDetection,NumQueue,0.0
16000.0,Recupero,TimeTotal,120.22422004782565
16000.0,Recupero,NumTotal,17.0
16000.0,Recupero,SystemResponseTime_Success,381.01914344274155
16000.0,Recupero,BusyServers,17.0
16000.0,Recupero,TimeQueue,0.0
16000.0,Recupero,TimeService,120.22422004782565
16000.0,Recupero,NumQueue,0.0
16400.0,CheckIn,TimeTotal,133.2006669184188
16400.0,CheckIn,NumTotal,2.0
16400.0,CheckIn,SystemResponseTime_Success,382.8903219491346
16400.0,CheckIn,BusyServers,2.0
16400.0,CheckIn,TimeQueue,13.790250035685135
16400.0,CheckIn,TimeService,119.37698597355615
16400.0,CheckIn,NumQueue,0.0
16400.0,Varchi,TimeTotal,20.991182722310494
16400.0,Varchi,NumTotal,2.0
16400.0,Varchi,SystemResponseTime_Success,382.8903219491346
16400.0,Varchi,BusyServers,2.0
16400.0,Varchi,TimeQueue,2.1377448314681717
16400.0,Varchi,TimeService,18.855304923187408
16400.0,Varchi,NumQueue,0.0
16400.0,XRay,TimeTotal,188.01315907828877
16400.0,XRay,NumTotal,30.0
16400.0,XRay,SystemResponseTime_Success,382.8903219491346
16400.0,XRay,BusyServers,6.0
16400.0,XRay,TimeQueue,136.83395322191018
16400.0,XRay,TimeService,51.370477095936494
16400.0,XRay,NumQueue,24.0
16400.0,FastTrack,TimeTotal,81.96815945480999
16400.0,FastTrack,NumTotal,1.0
16400.0,FastTrack,SystemResponseTime_Success,382.8903219491346
16400.0,FastTrack,BusyServers,1.0
16400.0,FastTrack,TimeQueue,31.637830931223455
16400.0,FastTrack,TimeService,50.162042188845994
16400.0,FastTrack,NumQueue,0.0
16400.0,TraceDetection,TimeTotal,107.19601521363612
16400.0,TraceDetection,NumTotal,4.0
16400.0,TraceDetection,SystemResponseTime_Success,382.8903219491346
16400.0,TraceDetection,BusyServers,1.0
16400.0,TraceDetection,TimeQueue,47.61316567909603
16400.0,TraceDetection,TimeService,59.70665819607967
16400.0,TraceDetection,NumQueue,3.0
16400.0,Recupero,TimeTotal,120.19521212313985
16400.0,Recupero,NumTotal,16.0
16400.0,Recupero,SystemResponseTime_Success,382.8903219491346
16400.0,Recupero,BusyServers,16.0
16400.0,Recupero,TimeQueue,0.0
16400.0,Recupero,TimeService,120.19521212313985
16400.0,Recupero,NumQueue,0.0
16800.0,CheckIn,TimeTotal,133.09777637844547
16800.0,CheckIn,NumTotal,12.0
16800.0,CheckIn,SystemResponseTime_Success,384.16955829681166
16800.0,CheckIn,BusyServers,8.0
16800.0,CheckIn,TimeQueue,14.007296904844171
16800.0,CheckIn,TimeService,119.27156109700672
16800.0,CheckIn,NumQueue,4.0
16800.0,Varchi,TimeTotal,20.97036285085881
16800.0,Varchi,NumTotal,2.0
16800.0,Varchi,SystemResponseTime_Success,384.16955829681166
16800.0,Varchi,BusyServers,2.0
16800.0,Varchi,TimeQueue,2.12357559409992
16800.0,Varchi,TimeService,18.84477056578637
16800.0,Varchi,NumQueue,0.0
16800.0,XRay,TimeTotal,189.1604822816501
16800.0,XRay,NumTotal,30.0
16800.0,XRay,SystemResponseTime_Success,384.16955829681166
16800.0,XRay,BusyServers,6.0
16800.0,XRay,TimeQueue,137.91999761234948
16800.0,XRay,TimeService,51.39397459132892
16800.0,XRay,NumQueue,24.0
16800.0,FastTrack,TimeTotal,81.7120656294793
16800.0,FastTrack,NumTotal,0.0
16800.0,FastTrack,SystemResponseTime_Success,384.16955829681166
16800.0,FastTrack,BusyServers,0.0
16800.0,FastTrack,TimeQueue,31.503819766862268
16800.0,FastTrack,TimeService,50.208245862617034
16800.0,FastTrack,NumQueue,0.0
16800.0,TraceDetection,TimeTotal,107.96325173488
16800.0,TraceDetection,NumTotal,3.0
16800.0,TraceDetection,SystemResponseTime_Success,384.16955829681166
16800.0,TraceDetection,BusyServers,1.0
16800.0,TraceDetection,TimeQueue,48.31977741439653
16800.0,TraceDetection,TimeService,59.62016135293532
16800.0,TraceDetection,NumQueue,2.0
16800.0,Recupero,TimeTotal,120.18198478021138
16800.0,Recupero,NumTotal,10.0
16800.0,Recupero,SystemResponseTime_Success,384.16955829681166
16800.0,Recupero,BusyServers,10.0
16800.0,Recupero,TimeQueue,0.0
16800.0,Recupero,TimeService,120.18198478021138
16800.0,Recupero,NumQueue,0.0
17200.0,Recupero,TimeTotal,120.10665506227035
17200.0,Recupero,NumTotal,14.0
17200.0,Recupero,SystemResponseTime_Success,385.43344401537996
17200.0,Recupero,BusyServers,14.0
17200.0,Recupero,TimeQueue,0.0
17200.0,Recupero,TimeService,120.10665506227035
17200.0,Recupero,NumQueue,0.0
17200.0,TraceDetection,TimeTotal,109.16572164613538
17200.0,TraceDetection,NumTotal,3.0
17200.0,TraceDetection,SystemResponseTime_Success,385.43344401537996
17200.0,TraceDetection,BusyServers,1.0
17200.0,TraceDetection,TimeQueue,49.499056636198354
17200.0,TraceDetection,TimeService,59.73837365088503
17200.0,TraceDetection,NumQueue,2.0
17200.0,FastTrack,TimeTotal,81.20863232083688
17200.0,FastTrack,NumTotal,0.0
17200.0,FastTrack,SystemResponseTime_Success,385.43344401537996
17200.0,FastTrack,BusyServers,0.0
17200.0,FastTrack,TimeQueue,31.05772709334235
17200.0,FastTrack,TimeService,50.15090522749453
17200.0,FastTrack,NumQueue,0.0
17200.0,XRay,TimeTotal,190.57236489591978
17200.0,XRay,NumTotal,35.0
17200.0,XRay,SystemResponseTime_Success,385.43344401537996
17200.0,XRay,BusyServers,6.0
17200.0,XRay,TimeQueue,139.45169033747936
17200.0,XRay,TimeService,51.39810053256827
17200.0,XRay,NumQueue,29.0
17200.0,CheckIn,TimeTotal,134.64712530107204
17200.0,CheckIn,NumTotal,10.0
17200.0,CheckIn,SystemResponseTime_Success,385.43344401537996
17200.0,CheckIn,BusyServers,8.0
17200.0,CheckIn,TimeQueue,15.554993176615026
17200.0,CheckIn,TimeService,119.5639534143065
17200.0,CheckIn,NumQueue,2.0
17200.0,Varchi,TimeTotal,20.96413837149785
17200.0,Varchi,NumTotal,2.0
17200.0,Varchi,SystemResponseTime_Success,385.43344401537996
17200.0,Varchi,BusyServers,2.0
17200.0,Varchi,TimeQueue,2.1313168836241565
17200.0,Varchi,TimeService,18.830848959522392
17200.0,Varchi,NumQueue,0.0
17600.0,TraceDetection,TimeTotal,111.15350102740757
17600.0,TraceDetection,NumTotal,3.0
17600.0,TraceDetection,SystemResponseTime_Success,387.9231696248397
17600.0,TraceDetection,BusyServers,1.0
17600.0,TraceDetection,TimeQueue,51.734459303650205
17600.0,TraceDetection,TimeService,59.78630170197836
17600.0,TraceDetection,NumQueue,2.0
17600.0,Recupero,TimeTotal,120.09300687481625
17600.0,Recupero,NumTotal,18.0
17600.0,Recupero,SystemResponseTime_Success,387.9231696248397
17600.0,Recupero,BusyServers,18.0
17600.0,Recupero,TimeQueue,0.0
17600.0,Recupero,TimeService,120.09300687481625
17600.0,Recupero,NumQueue,0.0
17600.0,FastTrack,TimeTotal,81.21588078366058
17600.0,FastTrack,NumTotal,0.0
17600.0,FastTrack,SystemResponseTime_Success,387.9231696248397
17600.0,FastTrack,BusyServers,0.0
17600.0,FastTrack,TimeQueue,30.971853331283288
17600.0,FastTrack,TimeService,50.244027452377296
17600.0,FastTrack,NumQueue,0.0
17600.0,XRay,TimeTotal,192.95842069200268
17600.0,XRay,NumTotal,42.0
17600.0,XRay,SystemResponseTime_Success,387.9231696248397
17600.0,XRay,BusyServers,6.0
17600.0,XRay,TimeQueue,141.9485767399988
17600.0,XRay,TimeService,51.336275161527155
17600.0,XRay,NumQueue,36.0
17600.0,Varchi,TimeTotal,21.061197165842895
17600.0,Varchi,NumTotal,3.0
17600.0,Varchi,SystemResponseTime_Success,387.9231696248397
17600.0,Varchi,BusyServers,3.0
17600.0,Varchi,TimeQueue,2.1818931185536803
17600.0,Varchi,TimeService,18.876359522163
17600.0,Varchi,NumQueue,0.0
17600.0,CheckIn,TimeTotal,135.4024606703735
17600.0,CheckIn,NumTotal,6.0
17600.0,CheckIn,SystemResponseTime_Success,387.9231696248397
17600.0,CheckIn,BusyServers,6.0
17600.0,CheckIn,TimeQueue,15.552140069056973
17600.0,CheckIn,TimeService,119.74606044442896
17600.0,CheckIn,NumQueue,0.0
18000.0,Varchi,TimeTotal,21.027308866512744
18000.0,Varchi,NumTotal,2.0
18000.0,Varchi,SystemResponseTime_Success,391.28718756093326
18000.0,Varchi,BusyServers,2.0
18000.0,Varchi,TimeQueue,2.169297433322252
18000.0,Varchi,TimeService,18.856108540705154
18000.0,Varchi,NumQueue,0.0
18000.0,XRay,TimeTotal,196.2646865471991
18000.0,XRay,NumTotal,48.0
18000.0,XRay,SystemResponseTime_Success,391.28718756093326
18000.0,XRay,BusyServers,6.0
18000.0,XRay,TimeQueue,145.45765555172218
18000.0,XRay,TimeService,51.325317993255425
18000.0,XRay,NumQueue,42.0
18000.0,FastTrack,TimeTotal,80.66857075325467
18000.0,FastTrack,NumTotal,1.0
18000.0,FastTrack,SystemResponseTime_Success,391.28718756093326
18000.0,FastTrack,BusyServers,1.0
18000.0,FastTrack,TimeQueue,30.395395257090037
18000.0,FastTrack,TimeService,50.15442954016769
18000.0,FastTrack,NumQueue,0.0
18000.0,TraceDetection,TimeTotal,113.31402107109098
18000.0,TraceDetection,NumTotal,3.0
18000.0,TraceDetection,SystemResponseTime_Success,391.28718756093326
18000.0,TraceDetection,BusyServers,1.0
18000.0,TraceDetection,TimeQueue,53.97705141775093
18000.0,TraceDetection,TimeService,59.85622956853342
18000.0,TraceDetection,NumQueue,2.0
18000.0,Recupero,TimeTotal,120.09853827435454
18000.0,Recupero,NumTotal,17.0
18000.0,Recupero,SystemResponseTime_Success,391.28718756093326
18000.0,Recupero,BusyServers,17.0
18000.0,Recupero,TimeQueue,0.0
18000.0,Recupero,TimeService,120.09853827435454
18000.0,Recupero,NumQueue,0.0
18000.0,CheckIn,TimeTotal,135.04522792787128
18000.0,CheckIn,NumTotal,4.0
18000.0,CheckIn,SystemResponseTime_Success,391.28718756093326
18000.0,CheckIn,BusyServers,4.0
18000.0,CheckIn,TimeQueue,15.314183827563205
18000.0,CheckIn,TimeService,119.66380289799162
18000.0,CheckIn,NumQueue,0.0
18400.0,XRay,TimeTotal,200.83538074944317
18400.0,XRay,NumTotal,46.0
18400.0,XRay,SystemResponseTime_Success,394.9481388976224
18400.0,XRay,BusyServers,6.0
18400.0,XRay,TimeQueue,150.09355298762225
18400.0,XRay,TimeService,51.31500236062492
18400.0,XRay,NumQueue,40.0
18400.0,FastTrack,TimeTotal,79.89736669833624
18400.0,FastTrack,NumTotal,0.0
18400.0,FastTrack,SystemResponseTime_Success,394.9481388976224
18400.0,FastTrack,BusyServers,0.0
18400.0,FastTrack,TimeQueue,30.122836581152544
18400.0,FastTrack,TimeService,49.7745301171837
18400.0,FastTrack,NumQueue,0.0
18400.0,TraceDetection,TimeTotal,114.13413161218676
18400.0,TraceDetection,NumTotal,1.0
18400.0,TraceDetection,SystemResponseTime_Success,394.9481388976224
18400.0,TraceDetection,BusyServers,1.0
18400.0,TraceDetection,TimeQueue,54.23985409880725
18400.0,TraceDetection,TimeService,59.84263006905065
18400.0,TraceDetection,NumQueue,0.0
18400.0,Recupero,TimeTotal,120.10678654535619
18400.0,Recupero,NumTotal,13.0
18400.0,Recupero,SystemResponseTime_Success,394.9481388976224
18400.0,Recupero,BusyServers,13.0
18400.0,Recupero,TimeQueue,0.0
18400.0,Recupero,TimeService,120.10678654535619
18400.0,Recupero,NumQueue,0.0
18400.0,Varchi,TimeTotal,21.033482146748046
18400.0,Varchi,NumTotal,1.0
18400.0,Varchi,SystemResponseTime_Success,394.9481388976224
18400.0,Varchi,BusyServers,1.0
18400.0,Varchi,TimeQueue,2.1458766765408486
18400.0,Varchi,TimeService,18.886685282953145
18400.0,Varchi,NumQueue,0.0
18400.0,CheckIn,TimeTotal,134.94961260722866
18400.0,CheckIn,NumTotal,9.0
18400.0,CheckIn,SystemResponseTime_Success,394.9481388976224
18400.0,CheckIn,BusyServers,8.0
18400.0,CheckIn,TimeQueue,15.002653321435046
18400.0,CheckIn,TimeService,119.81734673010084
18400.0,CheckIn,NumQueue,1.0
18800.0,CheckIn,TimeTotal,134.6390548419799
18800.0,CheckIn,NumTotal,9.0
18800.0,CheckIn,SystemResponseTime_Success,398.45438842312825
18800.0,CheckIn,BusyServers,8.0
18800.0,CheckIn,TimeQueue,14.885106327815073
18800.0,CheckIn,TimeService,119.6959898663836
18800.0,CheckIn,NumQueue,1.0
18800.0,XRay,TimeTotal,204.849812295531
18800.0,XRay,NumTotal,53.0
18800.0,XRay,SystemResponseTime_Success,398.45438842312825
18800.0,XRay,BusyServers,6.0
18800.0,XRay,TimeQueue,154.07388700546633
18800.0,XRay,TimeService,51.28449942674694
18800.0,XRay,NumQueue,47.0
18800.0,TraceDetection,TimeTotal,113.13876397467094
18800.0,TraceDetection,NumTotal,2.0
18800.0,TraceDetection,SystemResponseTime_Success,398.45438842312825
18800.0,TraceDetection,BusyServers,1.0
18800.0,TraceDetection,TimeQueue,53.27615004529297
18800.0,TraceDetection,TimeService,59.826086869005685
18800.0,TraceDetection,NumQueue,1.0
18800.0,Recupero,TimeTotal,120.02693036481475
18800.0,Recupero,NumTotal,12.0
18800.0,Recupero,SystemResponseTime_Success,398.45438842312825
18800.0,Recupero,BusyServers,12.0
18800.0,Recupero,TimeQueue,0.0
18800.0,Recupero,TimeService,120.02693036481475
18800.0,Recupero,NumQueue,0.0
18800.0,FastTrack,TimeTotal,79.73587639886472
18800.0,FastTrack,NumTotal,0.0
18800.0,FastTrack,SystemResponseTime_Success,398.45438842312825
18800.0,FastTrack,BusyServers,0.0
18800.0,FastTrack,TimeQueue,29.90568187496336
18800.0,FastTrack,TimeService,49.83019452390137
18800.0,FastTrack,NumQueue,0.0
18800.0,Varchi,TimeTotal,21.038468827577866
18800.0,Varchi,NumTotal,2.0
18800.0,Varchi,SystemResponseTime_Success,398.45438842312825
18800.0,Varchi,BusyServers,2.0
18800.0,Varchi,TimeQueue,2.151388095663551
18800.0,Varchi,TimeService,18.885279653558843
18800.0,Varchi,NumQueue,0.0
19200.0,Varchi,TimeTotal,21.01885422402742
19200.0,Varchi,NumTotal,1.0
19200.0,Varchi,SystemResponseTime_Success,402.1243140916398
19200.0,Varchi,BusyServers,1.0
19200.0,Varchi,TimeQueue,2.1504871758800244
19200.0,Varchi,TimeService,18.86748929827973
19200.0,Varchi,NumQueue,0.0
19200.0,FastTrack,TimeTotal,80.30119520513435
19200.0,FastTrack,NumTotal,2.0
19200.0,FastTrack,SystemResponseTime_Success,402.1243140916398
19200.0,FastTrack,BusyServers,1.0
19200.0,FastTrack,TimeQueue,30.586827875041237
19200.0,FastTrack,TimeService,49.84245939820791
19200.0,FastTrack,NumQueue,1.0
19200.0,XRay,TimeTotal,209.79552289455842
19200.0,XRay,NumTotal,59.0
19200.0,XRay,SystemResponseTime_Success,402.1243140916398
19200.0,XRay,BusyServers,6.0
19200.0,XRay,TimeQueue,159.1796536018749
19200.0,XRay,TimeService,51.32287228190519
19200.0,XRay,NumQueue,53.0
19200.0,CheckIn,TimeTotal,134.50025877166183
19200.0,CheckIn,NumTotal,7.0
19200.0,CheckIn,SystemResponseTime_Success,402.1243140916398
19200.0,CheckIn,BusyServers,7.0
19200.0,CheckIn,TimeQueue,14.706163631674517
19200.0,CheckIn,TimeService,119.68818655416248
19200.0,CheckIn,NumQueue,0.0
19200.0,Recupero,TimeTotal,120.1215157313266
19200.0,Recupero,NumTotal,15.0
19200.0,Recupero,SystemResponseTime_Success,402.1243140916398
19200.0,Recupero,BusyServers,15.0
19200.0,Recupero,TimeQueue,0.0
19200.0,Recupero,TimeService,120.1215157313266
19200.0,Recupero,NumQueue,0.0
19200.0,TraceDetection,TimeTotal,112.21351656968946
19200.0,TraceDetection,NumTotal,3.0
19200.0,TraceDetection,SystemResponseTime_Success,402.1243140916398
19200.0,TraceDetection,BusyServers,1.0
19200.0,TraceDetection,TimeQueue,52.69790848813522
19200.0,TraceDetection,TimeService,59.6902902649022
19200.0,TraceDetection,NumQueue,2.0
19600.0,Varchi,TimeTotal,20.97343274877763
19600.0,Varchi,NumTotal,4.0
19600.0,Varchi,SystemResponseTime_Success,407.32261318935
19600.0,Varchi,BusyServers,4.0
19600.0,Varchi,TimeQueue,2.1251198052649825
19600.0,Varchi,TimeService,18.845201296764383
19600.0,Varchi,NumQueue,0.0
19600.0,FastTrack,TimeTotal,81.42643346257047
19600.0,FastTrack,NumTotal,2.0
19600.0,FastTrack,SystemResponseTime_Success,407.32261318935
19600.0,FastTrack,BusyServers,1.0
19600.0,FastTrack,TimeQueue,31.259969801876927
19600.0,FastTrack,TimeService,50.02814521024276
19600.0,FastTrack,NumQueue,1.0
19600.0,Recupero,TimeTotal,120.04826853194561
19600.0,Recupero,NumTotal,16.0
19600.0,Recupero,SystemResponseTime_Success,407.32261318935
19600.0,Recupero,BusyServers,16.0
19600.0,Recupero,TimeQueue,0.0
19600.0,Recupero,TimeService,120.04826853194561
19600.0,Recupero,NumQueue,0.0
19600.0,TraceDetection,TimeTotal,113.97391849730067
19600.0,TraceDetection,NumTotal,2.0
19600.0,TraceDetection,SystemResponseTime_Success,407.32261318935
19600.0,TraceDetection,BusyServers,1.0
19600.0,TraceDetection,TimeQueue,54.57581273827911
19600.0,TraceDetection,TimeService,59.687951792227345
19600.0,TraceDetection,NumQueue,1.0
19600.0,XRay,TimeTotal,215.2490551665139
19600.0,XRay,NumTotal,53.0
19600.0,XRay,SystemResponseTime_Success,407.32261318935
19600.0,XRay,BusyServers,6.0
19600.0,XRay,TimeQueue,164.73159851378497
19600.0,XRay,TimeService,51.30836958524842
19600.0,XRay,NumQueue,47.0
19600.0,CheckIn,TimeTotal,134.0257040539662
19600.0,CheckIn,NumTotal,3.0
19600.0,CheckIn,SystemResponseTime_Success,407.32261318935
19600.0,CheckIn,BusyServers,3.0
19600.0,CheckIn,TimeQueue,14.557530623575845
19600.0,CheckIn,TimeService,119.42441331829544
19600.0,CheckIn,NumQueue,0.0
20000.0,Varchi,TimeTotal,20.923273055360557
20000.0,Varchi,NumTotal,1.0
20000.0,Varchi,SystemResponseTime_Success,412.4393035664516
20000.0,Varchi,BusyServers,1.0
20000.0,Varchi,TimeQueue,2.0965242218763906
20000.0,Varchi,TimeService,18.825922779811282
20000.0,Varchi,NumQueue,0.0
20000.0,XRay,TimeTotal,220.68953806278415
20000.0,XRay,NumTotal,43.0
20000.0,XRay,SystemResponseTime_Success,412.4393035664516
20000.0,XRay,BusyServers,6.0
20000.0,XRay,TimeQueue,170.0039322721635
20000.0,XRay,TimeService,51.30129755286096
20000.0,XRay,NumQueue,37.0
20000.0,TraceDetection,TimeTotal,113.84795094123605
20000.0,TraceDetection,NumTotal,1.0
20000.0,TraceDetection,SystemResponseTime_Success,412.4393035664516
20000.0,TraceDetection,BusyServers,1.0
20000.0,TraceDetection,TimeQueue,53.864346459793005
20000.0,TraceDetection,TimeService,59.76985707485655
20000.0,TraceDetection,NumQueue,0.0
20000.0,Recupero,TimeTotal,120.02500649729825
20000.0,Recupero,NumTotal,14.0
20000.0,Recupero,SystemResponseTime_Success,412.4393035664516
20000.0,Recupero,BusyServers,14.0
20000.0,Recupero,TimeQueue,0.0
20000.0,Recupero,TimeService,120.02500649729825
20000.0,Recupero,NumQueue,0.0
20000.0,FastTrack,TimeTotal,81.2527464401458
20000.0,FastTrack,NumTotal,1.0
20000.0,FastTrack,SystemResponseTime_Success,412.4393035664516
20000.0,FastTrack,BusyServers,1.0
20000.0,FastTrack,TimeQueue,30.972717955307715
20000.0,FastTrack,TimeService,50.152072336001005
20000.0,FastTrack,NumQueue,0.0
20000.0,CheckIn,TimeTotal,133.89091374804963
20000.0,CheckIn,NumTotal,5.0
20000.0,CheckIn,SystemResponseTime_Success,412.4393035664516
20000.0,CheckIn,BusyServers,5.0
20000.0,CheckIn,TimeQueue,14.356737097733419
20000.0,CheckIn,TimeService,119.46310369438682
20000.0,CheckIn,NumQueue,0.0
20400.0,Varchi,TimeTotal,20.9502291559257
20400.0,Varchi,NumTotal,5.0
20400.0,Varchi,SystemResponseTime_Success,416.433785586472
20400.0,Varchi,BusyServers,4.0
20400.0,Varchi,TimeQueue,2.1252782811659987
20400.0,Varchi,TimeService,18.833483096648738
20400.0,Varchi,NumQueue,1.0
20400.0,CheckIn,TimeTotal,133.6848753843008
20400.0,CheckIn,NumTotal,3.0
20400.0,CheckIn,SystemResponseTime_Success,416.433785586472
20400.0,CheckIn,BusyServers,3.0
20400.0,CheckIn,TimeQueue,14.200218552712888
20400.0,CheckIn,TimeService,119.44329697172557
20400.0,CheckIn,NumQueue,0.0
20400.0,FastTrack,TimeTotal,81.77715832964047
20400.0,FastTrack,NumTotal,3.0
20400.0,FastTrack,SystemResponseTime_Success,416.433785586472
20400.0,FastTrack,BusyServers,1.0
20400.0,FastTrack,TimeQueue,32.0662648638497
20400.0,FastTrack,TimeService,50.06619785670519
20400.0,FastTrack,NumQueue,2.0
20400.0,TraceDetection,TimeTotal,113.0510477235144
20400.0,TraceDetection,NumTotal,1.0
20400.0,TraceDetection,SystemResponseTime_Success,416.433785586472
20400.0,TraceDetection,BusyServers,1.0
20400.0,TraceDetection,TimeQueue,53.04097948439168
20400.0,TraceDetection,TimeService,59.802876913011815
20400.0,TraceDetection,NumQueue,0.0
20400.0,Recupero,TimeTotal,120.08062225261689
20400.0,Recupero,NumTotal,15.0
20400.0,Recupero,SystemResponseTime_Success,416.433785586472
20400.0,Recupero,BusyServers,15.0
20400.0,Recupero,TimeQueue,0.0
20400.0,Recupero,TimeService,120.08062225261689
20400.0,Recupero,NumQueue,0.0
20400.0,XRay,TimeTotal,224.77029581353187
20400.0,XRay,NumTotal,41.0
20400.0,XRay,SystemResponseTime_Success,416.433785586472
20400.0,XRay,BusyServers,6.0
20400.0,XRay,TimeQueue,173.71183606160247
20400.0,XRay,TimeService,51.33121648116522
20400.0,XRay,NumQueue,35.0
20800.0,CheckIn,TimeTotal,133.60996131593853
20800.0,CheckIn,NumTotal,7.0
20800.0,CheckIn,SystemResponseTime_Success,418.28886237868556
20800.0,CheckIn,BusyServers,7.0
20800.0,CheckIn,TimeQueue,13.95701785437908
20800.0,CheckIn,TimeService,119.55936192422159
20800.0,CheckIn,NumQueue,0.0
20800.0,XRay,TimeTotal,227.15677858297553
20800.0,XRay,NumTotal,35.0
20800.0,XRay,SystemResponseTime_Success,418.28886237868556
20800.0,XRay,BusyServers,6.0
20800.0,XRay,TimeQueue,176.169301671622
20800.0,XRay,TimeService,51.30871665491404
20800.0,XRay,NumQueue,29.0
20800.0,FastTrack,TimeTotal,82.47091448679366
20800.0,FastTrack,NumTotal,0.0
20800.0,FastTrack,SystemResponseTime_Success,418.28886237868556
20800.0,FastTrack,BusyServers,0.0
20800.0,FastTrack,TimeQueue,32.522518967050594
20800.0,FastTrack,TimeService,49.94839551974307
20800.0,FastTrack,NumQueue,0.0
20800.0,Varchi,TimeTotal,20.963694953439788
20800.0,Varchi,NumTotal,2.0
20800.0,Varchi,SystemResponseTime_Success,418.28886237868556
20800.0,Varchi,BusyServers,2.0
20800.0,Varchi,TimeQueue,2.11548501769996
20800.0,Varchi,TimeService,18.84660486364752
20800.0,Varchi,NumQueue,0.0
20800.0,Recupero,TimeTotal,120.09982217250439
20800.0,Recupero,NumTotal,17.0
20800.0,Recupero,SystemResponseTime_Success,418.28886237868556
20800.0,Recupero,BusyServers,17.0
20800.0,Recupero,TimeQueue,0.0
20800.0,Recupero,TimeService,120.09982217250439
20800.0,Recupero,NumQueue,0.0
20800.0,TraceDetection,TimeTotal,112.34266863389024
20800.0,TraceDetection,NumTotal,2.0
20800.0,TraceDetection,SystemResponseTime_Success,418.28886237868556
20800.0,TraceDetection,BusyServers,1.0
20800.0,TraceDetection,TimeQueue,52.467293148173376
20800.0,TraceDetection,TimeService,59.82902858765713
20800.0,TraceDetection,NumQueue,1.0
21200.0,Varchi,TimeTotal,20.95352196771763
21200.0,Varchi,NumTotal,2.0
21200.0,Varchi,SystemResponseTime_Success,419.9507713889064
21200.0,Varchi,BusyServers,2.0
21200.0,Varchi,TimeQueue,2.109489380869254
21200.0,Varchi,TimeService,18.84246535848223
21200.0,Varchi,NumQueue,0.0
21200.0,FastTrack,TimeTotal,82.6614402975709
21200.0,FastTrack,NumTotal,3.0
21200.0,FastTrack,SystemResponseTime_Success,419.9507713889064
21200.0,FastTrack,BusyServers,1.0
21200.0,FastTrack,TimeQueue,32.747242023515824
21200.0,FastTrack,TimeService,50.06359376074252
21200.0,FastTrack,NumQueue,2.0
21200.0,Recupero,TimeTotal,120.25679780487677
21200.0,Recupero,NumTotal,17.0
21200.0,Recupero,SystemResponseTime_Success,419.9507713889064
21200.0,Recupero,BusyServers,17.0
21200.0,Recupero,TimeQueue,0.0
21200.0,Recupero,TimeService,120.25679780487677
21200.0,Recupero,NumQueue,0.0
21200.0,TraceDetection,TimeTotal,112.43649604053176
21200.0,TraceDetection,NumTotal,3.0
21200.0,TraceDetection,SystemResponseTime_Success,419.9507713889064
21200.0,TraceDetection,BusyServers,1.0
21200.0,TraceDetection,TimeQueue,52.81409747079503
21200.0,TraceDetection,TimeService,59.64775608681807
21200.0,TraceDetection,NumQueue,2.0
21200.0,CheckIn,TimeTotal,134.0162130952607
21200.0,CheckIn,NumTotal,4.0
21200.0,CheckIn,SystemResponseTime_Success,419.9507713889064
21200.0,CheckIn,BusyServers,4.0
21200.0,CheckIn,TimeQueue,14.174292402542928
21200.0,CheckIn,TimeService,119.78873385443426
21200.0,CheckIn,NumQueue,0.0
21200.0,XRay,TimeTotal,228.7117688697559
21200.0,XRay,NumTotal,33.0
21200.0,XRay,SystemResponseTime_Success,419.9507713889064
21200.0,XRay,BusyServers,6.0
21200.0,XRay,TimeQueue,177.611723072364
21200.0,XRay,TimeService,51.25450686147266
21200.0,XRay,NumQueue,27.0
21600.0,CheckIn,TimeTotal,133.77173427830445
21600.0,CheckIn,NumTotal,6.0
21600.0,CheckIn,SystemResponseTime_Success,421.2919958082484
21600.0,CheckIn,BusyServers,6.0
21600.0,CheckIn,TimeQueue,13.926990698549984
21600.0,CheckIn,TimeService,119.76758573654915
21600.0,CheckIn,NumQueue,0.0
21600.0,TraceDetection,TimeTotal,111.97798419445077
21600.0,TraceDetection,NumTotal,1.0
21600.0,TraceDetection,SystemResponseTime_Success,421.2919958082484
21600.0,TraceDetection,BusyServers,1.0
21600.0,TraceDetection,TimeQueue,52.355248993581775
21600.0,TraceDetection,TimeService,59.48003441566242
21600.0,TraceDetection,NumQueue,0.0
21600.0,XRay,TimeTotal,229.745281312034
21600.0,XRay,NumTotal,29.0
21600.0,XRay,SystemResponseTime_Success,421.2919958082484
21600.0,XRay,BusyServers,6.0
21600.0,XRay,TimeQueue,178.55687828322675
21600.0,XRay,TimeService,51.280599394349125
21600.0,XRay,NumQueue,23.0
21600.0,Varchi,TimeTotal,20.943639925042472
21600.0,Varchi,NumTotal,4.0
21600.0,Varchi,SystemResponseTime_Success,421.2919958082484
21600.0,Varchi,BusyServers,4.0
21600.0,Varchi,TimeQueue,2.091068290388397
21600.0,Varchi,TimeService,18.84985082880124
21600.0,Varchi,NumQueue,0.0
21600.0,Recupero,TimeTotal,120.36488075450775
21600.0,Recupero,NumTotal,13.0
21600.0,Recupero,SystemResponseTime_Success,421.2919958082484
21600.0,Recupero,BusyServers,13.0
21600.0,Recupero,TimeQueue,0.0
21600.0,Recupero,TimeService,120.36488075450775
21600.0,Recupero,NumQueue,0.0
21600.0,FastTrack,TimeTotal,83.10664502368788
21600.0,FastTrack,NumTotal,0.0
21600.0,FastTrack,SystemResponseTime_Success,421.2919958082484
21600.0,FastTrack,BusyServers,0.0
21600.0,FastTrack,TimeQueue,33.01267670591749
21600.0,FastTrack,TimeService,50.09396831777038
21600.0,FastTrack,NumQueue,0.0
22000.0,FastTrack,TimeTotal,82.9254260264046
22000.0,FastTrack,NumTotal,3.0
22000.0,FastTrack,SystemResponseTime_Success,421.57716319475605
22000.0,FastTrack,BusyServers,1.0
22000.0,FastTrack,TimeQueue,32.78207305760219
22000.0,FastTrack,TimeService,50.16767346493435
22000.0,FastTrack,NumQueue,2.0
22000.0,TraceDetection,TimeTotal,111.87278198895552
22000.0,TraceDetection,NumTotal,2.0
22000.0,TraceDetection,SystemResponseTime_Success,421.57716319475605
22000.0,TraceDetection,BusyServers,1.0
22000.0,TraceDetection,TimeQueue,52.52684521451962
22000.0,TraceDetection,TimeService,59.609805185080944
22000.0,TraceDetection,NumQueue,1.0
22000.0,XRay,TimeTotal,229.8253288177341
22000.0,XRay,NumTotal,25.0
22000.0,XRay,SystemResponseTime_Success,421.57716319475605
22000.0,XRay,BusyServers,6.0
22000.0,XRay,TimeQueue,178.46460240351738
22000.0,XRay,TimeService,51.29247640620326
22000.0,XRay,NumQueue,19.0
22000.0,CheckIn,TimeTotal,133.25501059354545
22000.0,CheckIn,NumTotal,3.0
22000.0,CheckIn,SystemResponseTime_Success,421.57716319475605
22000.0,CheckIn,BusyServers,3.0
22000.0,CheckIn,TimeQueue,13.675827656195612
22000.0,CheckIn,TimeService,119.54208756396054
22000.0,CheckIn,NumQueue,0.0
22000.0,Varchi,TimeTotal,20.93083757843168
22000.0,Varchi,NumTotal,5.0
22000.0,Varchi,SystemResponseTime_Success,421.57716319475605
22000.0,Varchi,BusyServers,4.0
22000.0,Varchi,TimeQueue,2.0783271485204646
22000.0,Varchi,TimeService,18.8503845735557
22000.0,Varchi,NumQueue,1.0
22000.0,Recupero,TimeTotal,120.2912806183299
22000.0,Recupero,NumTotal,15.0
22000.0,Recupero,SystemResponseTime_Success,421.57716319475605
22000.0,Recupero,BusyServers,15.0
22000.0,Recupero,TimeQueue,0.0
22000.0,Recupero,TimeService,120.2912806183299
22000.0,Recupero,NumQueue,0.0
22400.0,FastTrack,TimeTotal,83.48225320893789
22400.0,FastTrack,NumTotal,1.0
22400.0,FastTrack,SystemResponseTime_Success,421.09152835321913
22400.0,FastTrack,BusyServers,1.0
22400.0,FastTrack,TimeQueue,33.26971169008111
22400.0,FastTrack,TimeService,50.08793585709619
22400.0,FastTrack,NumQueue,0.0
22400.0,XRay,TimeTotal,229.63243034473263
22400.0,XRay,NumTotal,30.0
22400.0,XRay,SystemResponseTime_Success,421.09152835321913
22400.0,XRay,BusyServers,6.0
22400.0,XRay,TimeQueue,178.41110792663062
22400.0,XRay,TimeService,51.321816605887435
22400.0,XRay,NumQueue,24.0
22400.0,Varchi,TimeTotal,20.96145150560002
22400.0,Varchi,NumTotal,7.0
22400.0,Varchi,SystemResponseTime_Success,421.09152835321913
22400.0,Varchi,BusyServers,4.0
22400.0,Varchi,TimeQueue,2.093240360585232
22400.0,Varchi,TimeService,18.87638251691102
22400.0,Varchi,NumQueue,3.0
22400.0,TraceDetection,TimeTotal,111.78672299910036
22400.0,TraceDetection,NumTotal,0.0
22400.0,TraceDetection,SystemResponseTime_Success,421.09152835321913
22400.0,TraceDetection,BusyServers,0.0
22400.0,TraceDetection,TimeQueue,52.32399076005551
22400.0,TraceDetection,TimeService,59.46273223904485
22400.0,TraceDetection,NumQueue,0.0
22400.0,Recupero,TimeTotal,120.31035982006155
22400.0,Recupero,NumTotal,17.0
22400.0,Recupero,SystemResponseTime_Success,421.09152835321913
22400.0,Recupero,BusyServers,17.0
22400.0,Recupero,TimeQueue,0.0
22400.0,Recupero,TimeService,120.31035982006155
22400.0,Recupero,NumQueue,0.0
22400.0,CheckIn,TimeTotal,133.11181268759142
22400.0,CheckIn,NumTotal,11.0
22400.0,CheckIn,SystemResponseTime_Success,421.09152835321913
22400.0,CheckIn,BusyServers,8.0
22400.0,CheckIn,TimeQueue,13.697808145106366
22400.0,CheckIn,TimeService,119.5577293653038
22400.0,CheckIn,NumQueue,3.0
22800.0,CheckIn,TimeTotal,133.07092434818222
22800.0,CheckIn,NumTotal,6.0
22800.0,CheckIn,SystemResponseTime_Success,421.0395710093498
22800.0,CheckIn,BusyServers,6.0
22800.0,CheckIn,TimeQueue,13.607502509498405
22800.0,CheckIn,TimeService,119.39192883075297
22800.0,CheckIn,NumQueue,0.0
22800.0,XRay,TimeTotal,230.5285132109909
22800.0,XRay,NumTotal,36.0
22800.0,XRay,SystemResponseTime_Success,421.0395710093498
22800.0,XRay,BusyServers,6.0
22800.0,XRay,TimeQueue,179.34385835815172
22800.0,XRay,TimeService,51.36845598200056
22800.0,XRay,NumQueue,30.0
22800.0,TraceDetection,TimeTotal,111.8799234420139
22800.0,TraceDetection,NumTotal,2.0
22800.0,TraceDetection,SystemResponseTime_Success,421.0395710093498
22800.0,TraceDetection,BusyServers,1.0
22800.0,TraceDetection,TimeQueue,52.14809984398733
22800.0,TraceDetection,TimeService,59.623129427912886
22800.0,TraceDetection,NumQueue,1.0
22800.0,Recupero,TimeTotal,120.22231708326926
22800.0,Recupero,NumTotal,14.0
22800.0,Recupero,SystemResponseTime_Success,421.0395710093498
22800.0,Recupero,BusyServers,14.0
22800.0,Recupero,TimeQueue,0.0
22800.0,Recupero,TimeService,120.22231708326926
22800.0,Recupero,NumQueue,0.0
22800.0,FastTrack,TimeTotal,83.4234993970092
22800.0,FastTrack,NumTotal,0.0
22800.0,FastTrack,SystemResponseTime_Success,421.0395710093498
22800.0,FastTrack,BusyServers,0.0
22800.0,FastTrack,TimeQueue,33.43281325620407
22800.0,FastTrack,TimeService,49.99068614080513
22800.0,FastTrack,NumQueue,0.0
22800.0,Varchi,TimeTotal,21.03855229478971
22800.0,Varchi,NumTotal,2.0
22800.0,Varchi,SystemResponseTime_Success,421.0395710093498
22800.0,Varchi,BusyServers,2.0
22800.0,Varchi,TimeQueue,2.1611681575318236
22800.0,Varchi,TimeService,18.875892647846232
22800.0,Varchi,NumQueue,0.0
23200.0,XRay,TimeTotal,232.13818753515508
23200.0,XRay,NumTotal,40.0
23200.0,XRay,SystemResponseTime_Success,422.4984246890057
23200.0,XRay,BusyServers,6.0
23200.0,XRay,TimeQueue,180.87272858099945
23200.0,XRay,TimeService,51.39789994851908
23200.0,XRay,NumQueue,34.0
23200.0,TraceDetection,TimeTotal,111.64953663818424
23200.0,TraceDetection,NumTotal,1.0
23200.0,TraceDetection,SystemResponseTime_Success,422.4984246890057
23200.0,TraceDetection,BusyServers,1.0
23200.0,TraceDetection,TimeQueue,51.86263295402371
23200.0,TraceDetection,TimeService,59.60989811093861
23200.0,TraceDetection,NumQueue,0.0
23200.0,FastTrack,TimeTotal,83.32721182749901
23200.0,FastTrack,NumTotal,1.0
23200.0,FastTrack,SystemResponseTime_Success,422.4984246890057
23200.0,FastTrack,BusyServers,1.0
23200.0,FastTrack,TimeQueue,33.2408771684998
23200.0,FastTrack,TimeService,50.017918146666545
23200.0,FastTrack,NumQueue,0.0
23200.0,Varchi,TimeTotal,21.129719105958262
23200.0,Varchi,NumTotal,3.0
23200.0,Varchi,SystemResponseTime_Success,422.4984246890057
23200.0,Varchi,BusyServers,3.0
23200.0,Varchi,TimeQueue,2.2248069152815435
23200.0,Varchi,TimeService,18.90265197369543
23200.0,Varchi,NumQueue,0.0
23200.0,CheckIn,TimeTotal,132.91460480980066
23200.0,CheckIn,NumTotal,8.0
23200.0,CheckIn,SystemResponseTime_Success,422.4984246890057
23200.0,CheckIn,BusyServers,8.0
23200.0,CheckIn,TimeQueue,13.500572316853136
23200.0,CheckIn,TimeService,119.36428458027486
23200.0,CheckIn,NumQueue,0.0
23200.0,Recupero,TimeTotal,120.2546903499071
23200.0,Recupero,NumTotal,16.0
23200.0,Recupero,SystemResponseTime_Success,422.4984246890057
23200.0,Recupero,BusyServers,16.0
23200.0,Recupero,TimeQueue,0.0
23200.0,Recupero,TimeService,120.2546903499071
23200.0,Recupero,NumQueue,0.0
23600.0,Recupero,TimeTotal,120.38651348201957
23600.0,Recupero,NumTotal,15.0
23600.0,Recupero,SystemResponseTime_Success,423.5142047545247
23600.0,Recupero,BusyServers,15.0
23600.0,Recupero,TimeQueue,0.0
23600.0,Recupero,TimeService,120.38651348201957
23600.0,Recupero,NumQueue,0.0
23600.0,CheckIn,TimeTotal,132.7343696724131
23600.0,CheckIn,NumTotal,7.0
23600.0,CheckIn,SystemResponseTime_Success,423.5142047545247
23600.0,CheckIn,BusyServers,7.0
23600.0,CheckIn,TimeQueue,13.306565783136735
23600.0,CheckIn,TimeService,119.34859814056715
23600.0,CheckIn,NumQueue,0.0
23600.0,FastTrack,TimeTotal,83.00626761517738
23600.0,FastTrack,NumTotal,1.0
23600.0,FastTrack,SystemResponseTime_Success,423.5142047545247
23600.0,FastTrack,BusyServers,1.0
23600.0,FastTrack,TimeQueue,32.951443664682074
23600.0,FastTrack,TimeService,49.939609112506915
23600.0,FastTrack,NumQueue,0.0
23600.0,XRay,TimeTotal,233.79839980452442
23600.0,XRay,NumTotal,40.0
23600.0,XRay,SystemResponseTime_Success,423.5142047545247
23600.0,XRay,BusyServers,6.0
23600.0,XRay,TimeQueue,182.7062994304981
23600.0,XRay,TimeService,51.41168535531927
23600.0,XRay,NumQueue,34.0
23600.0,TraceDetection,TimeTotal,111.10168219731565
23600.0,TraceDetection,NumTotal,0.0
23600.0,TraceDetection,SystemResponseTime_Success,423.5142047545247
23600.0,TraceDetection,BusyServers,0.0
23600.0,TraceDetection,TimeQueue,51.512209758388416
23600.0,TraceDetection,TimeService,59.589472438927224
23600.0,TraceDetection,NumQueue,0.0
23600.0,Varchi,TimeTotal,21.119549304020804
23600.0,Varchi,NumTotal,1.0
23600.0,Varchi,SystemResponseTime_Success,423.5142047545247
23600.0,Varchi,BusyServers,1.0
23600.0,Varchi,TimeQueue,2.224447817803122
23600.0,Varchi,TimeService,18.89436123735988
23600.0,Varchi,NumQueue,0.0
24000.0,XRay,TimeTotal,236.2188903128334
24000.0,XRay,NumTotal,40.0
24000.0,XRay,SystemResponseTime_Success,425.0309040978104
24000.0,XRay,BusyServers,6.0
24000.0,XRay,TimeQueue,185.0684572270886
24000.0,XRay,TimeService,51.457064315524136
24000.0,XRay,NumQueue,34.0
24000.0,Varchi,TimeTotal,21.067282173160113
24000.0,Varchi,NumTotal,3.0
24000.0,Varchi,SystemResponseTime_Success,425.0309040978104
24000.0,Varchi,BusyServers,3.0
24000.0,Varchi,TimeQueue,2.1893573072737755
24000.0,Varchi,TimeService,18.87577562769206
24000.0,Varchi,NumQueue,0.0
24000.0,FastTrack,TimeTotal,82.71097751926678
24000.0,FastTrack,NumTotal,3.0
24000.0,FastTrack,SystemResponseTime_Success,425.0309040978104
24000.0,FastTrack,BusyServers,1.0
24000.0,FastTrack,TimeQueue,32.70058907249279
24000.0,FastTrack,TimeService,49.9441727514986
24000.0,FastTrack,NumQueue,2.0
24000.0,Recupero,TimeTotal,120.32043998995117
24000.0,Recupero,NumTotal,19.0
24000.0,Recupero,SystemResponseTime_Success,425.0309040978104
24000.0,Recupero,BusyServers,19.0
24000.0,Recupero,TimeQueue,0.0
24000.0,Recupero,TimeService,120.32043998995117
24000.0,Recupero,NumQueue,0.0
24000.0,TraceDetection,TimeTotal,110.42918194698606
24000.0,TraceDetection,NumTotal,1.0
24000.0,TraceDetection,SystemResponseTime_Success,425.0309040978104
24000.0,TraceDetection,BusyServers,1.0
24000.0,TraceDetection,TimeQueue,50.79818060275493
24000.0,TraceDetection,TimeService,59.46167407555524
24000.0,TraceDetection,NumQueue,0.0
24000.0,CheckIn,TimeTotal,132.45411887024906
24000.0,CheckIn,NumTotal,8.0
24000.0,CheckIn,SystemResponseTime_Success,425.0309040978104
24000.0,CheckIn,BusyServers,8.0
24000.0,CheckIn,TimeQueue,13.308169552627012
24000.0,CheckIn,TimeService,119.24493488533737
24000.0,CheckIn,NumQueue,0.0
24400.0,TraceDetection,TimeTotal,110.07700448349793
24400.0,TraceDetection,NumTotal,4.0
24400.0,TraceDetection,SystemResponseTime_Success,427.05925483416104
24400.0,TraceDetection,BusyServers,1.0
24400.0,TraceDetection,TimeQueue,50.958445211454645
24400.0,TraceDetection,TimeService,59.40452106797229
24400.0,TraceDetection,NumQueue,3.0
24400.0,CheckIn,TimeTotal,132.3470424540867
24400.0,CheckIn,NumTotal,3.0
24400.0,CheckIn,SystemResponseTime_Success,427.05925483416104
24400.0,CheckIn,BusyServers,3.0
24400.0,CheckIn,TimeQueue,13.204123090413718
24400.0,CheckIn,TimeService,119.1102897349486
24400.0,CheckIn,NumQueue,0.0
24400.0,XRay,TimeTotal,238.37254852000515
24400.0,XRay,NumTotal,32.0
24400.0,XRay,SystemResponseTime_Success,427.05925483416104
24400.0,XRay,BusyServers,6.0
24400.0,XRay,TimeQueue,187.15487449847208
24400.0,XRay,TimeService,51.444453893100324
24400.0,XRay,NumQueue,26.0
24400.0,FastTrack,TimeTotal,82.75721944588868
24400.0,FastTrack,NumTotal,0.0
24400.0,FastTrack,SystemResponseTime_Success,427.05925483416104
24400.0,FastTrack,BusyServers,0.0
24400.0,FastTrack,TimeQueue,32.79399349321569
24400.0,FastTrack,TimeService,49.96322595267301
24400.0,FastTrack,NumQueue,0.0
24400.0,Recupero,TimeTotal,120.49419546415801
24400.0,Recupero,NumTotal,14.0
24400.0,Recupero,SystemResponseTime_Success,427.05925483416104
24400.0,Recupero,BusyServers,14.0
24400.0,Recupero,TimeQueue,0.0
24400.0,Recupero,TimeService,120.49419546415801
24400.0,Recupero,NumQueue,0.0
24400.0,Varchi,TimeTotal,21.06151171050166
24400.0,Varchi,NumTotal,4.0
24400.0,Varchi,SystemResponseTime_Success,427.05925483416104
24400.0,Varchi,BusyServers,4.0
24400.0,Varchi,TimeQueue,2.1815767778175155
24400.0,Varchi,TimeService,18.877116358035845
24400.0,Varchi,NumQueue,0.0
24800.0,Recupero,TimeTotal,120.49753976691932
24800.0,Recupero,NumTotal,16.0
24800.0,Recupero,SystemResponseTime_Success,429.1955847908597
24800.0,Recupero,BusyServers,16.0
24800.0,Recupero,TimeQueue,0.0
24800.0,Recupero,TimeService,120.49753976691932
24800.0,Recupero,NumQueue,0.0
24800.0,FastTrack,TimeTotal,82.72899548778057
24800.0,FastTrack,NumTotal,1.0
24800.0,FastTrack,SystemResponseTime_Success,429.1955847908597
24800.0,FastTrack,BusyServers,1.0
24800.0,FastTrack,TimeQueue,32.81715675335922
24800.0,FastTrack,TimeService,49.93061242782961
24800.0,FastTrack,NumQueue,0.0
24800.0,XRay,TimeTotal,239.97765254332464
24800.0,XRay,NumTotal,28.0
24800.0,XRay,SystemResponseTime_Success,429.1955847908597
24800.0,XRay,BusyServers,6.0
24800.0,XRay,TimeQueue,188.6514129448846
24800.0,XRay,TimeService,51.46054102525427
24800.0,XRay,NumQueue,22.0
24800.0,Varchi,TimeTotal,21.0372778714971
24800.0,Varchi,NumTotal,3.0
24800.0,Varchi,SystemResponseTime_Success,429.1955847908597
24800.0,Varchi,BusyServers,3.0
24800.0,Varchi,TimeQueue,2.163867355715513
24800.0,Varchi,TimeService,18.87293683878559
24800.0,Varchi,NumQueue,0.0
24800.0,TraceDetection,TimeTotal,113.24236566742707
24800.0,TraceDetection,NumTotal,3.0
24800.0,TraceDetection,SystemResponseTime_Success,429.1955847908597
24800.0,TraceDetection,BusyServers,1.0
24800.0,TraceDetection,TimeQueue,54.3092781301785
24800.0,TraceDetection,TimeService,59.48437294591228
24800.0,TraceDetection,NumQueue,2.0
24800.0,CheckIn,TimeTotal,132.2363026141927
24800.0,CheckIn,NumTotal,6.0
24800.0,CheckIn,SystemResponseTime_Success,429.1955847908597
24800.0,CheckIn,BusyServers,6.0
24800.0,CheckIn,TimeQueue,13.103118537131737
24800.0,CheckIn,TimeService,119.18205243616005
24800.0,CheckIn,NumQueue,0.0
25200.0,Varchi,TimeTotal,21.005627921496714
25200.0,Varchi,NumTotal,0.0
25200.0,Varchi,SystemResponseTime_Success,429.93557088512097
25200.0,Varchi,BusyServers,0.0
25200.0,Varchi,TimeQueue,2.139603200560693
25200.0,Varchi,TimeService,18.866024720936068
25200.0,Varchi,NumQueue,0.0
25200.0,FastTrack,TimeTotal,82.3760224328284
25200.0,FastTrack,NumTotal,0.0
25200.0,FastTrack,SystemResponseTime_Success,429.93557088512097
25200.0,FastTrack,BusyServers,0.0
25200.0,FastTrack,TimeQueue,32.49007545681411
25200.0,FastTrack,TimeService,49.8859469760143
25200.0,FastTrack,NumQueue,0.0
25200.0,CheckIn,TimeTotal,132.32488958513463
25200.0,CheckIn,NumTotal,3.0
25200.0,CheckIn,SystemResponseTime_Success,429.93557088512097
25200.0,CheckIn,BusyServers,3.0
25200.0,CheckIn,TimeQueue,12.966846104345567
25200.0,CheckIn,TimeService,119.32684818142
25200.0,CheckIn,NumQueue,0.0
25200.0,XRay,TimeTotal,239.99561796548085
25200.0,XRay,NumTotal,26.0
25200.0,XRay,SystemResponseTime_Success,429.93557088512097
25200.0,XRay,BusyServers,6.0
25200.0,XRay,TimeQueue,188.42303976378759
25200.0,XRay,TimeService,51.457353613637174
25200.0,XRay,NumQueue,20.0
25200.0,Recupero,TimeTotal,120.43372885718884
25200.0,Recupero,NumTotal,15.0
25200.0,Recupero,SystemResponseTime_Success,429.93557088512097
25200.0,Recupero,BusyServers,15.0
25200.0,Recupero,TimeQueue,0.0
25200.0,Recupero,TimeService,120.43372885718884
25200.0,Recupero,NumQueue,0.0
25200.0,TraceDetection,TimeTotal,114.32672493319392
25200.0,TraceDetection,NumTotal,1.0
25200.0,TraceDetection,SystemResponseTime_Success,429.93557088512097
25200.0,TraceDetection,BusyServers,1.0
25200.0,TraceDetection,TimeQueue,54.571110540338246
25200.0,TraceDetection,TimeService,59.583465779163724
25200.0,TraceDetection,NumQueue,0.0
25600.0,CheckIn,TimeTotal,132.04449502666813
25600.0,CheckIn,NumTotal,6.0
25600.0,CheckIn,SystemResponseTime_Success,429.07680639466423
25600.0,CheckIn,BusyServers,6.0
25600.0,CheckIn,TimeQueue,12.79286316529752
25600.0,CheckIn,TimeService,119.19076177493764
25600.0,CheckIn,NumQueue,0.0
25600.0,Varchi,TimeTotal,20.9786654258266
25600.0,Varchi,NumTotal,1.0
25600.0,Varchi,SystemResponseTime_Success,429.07680639466423
25600.0,Varchi,BusyServers,1.0
25600.0,Varchi,TimeQueue,2.118511640363972
25600.0,Varchi,TimeService,18.859498102503736
25600.0,Varchi,NumQueue,0.0
25600.0,FastTrack,TimeTotal,82.39916723290374
25600.0,FastTrack,NumTotal,1.0
25600.0,FastTrack,SystemResponseTime_Success,429.07680639466423
25600.0,FastTrack,BusyServers,1.0
25600.0,FastTrack,TimeQueue,32.42744051941226
25600.0,FastTrack,TimeService,49.91728050639604
25600.0,FastTrack,NumQueue,0.0
25600.0,XRay,TimeTotal,239.00343850705863
25600.0,XRay,NumTotal,14.0
25600.0,XRay,SystemResponseTime_Success,429.07680639466423
25600.0,XRay,BusyServers,6.0
25600.0,XRay,TimeQueue,187.36861556418538
25600.0,XRay,TimeService,51.43636043169008
25600.0,XRay,NumQueue,8.0
25600.0,TraceDetection,TimeTotal,113.886968517518
25600.0,TraceDetection,NumTotal,0.0
25600.0,TraceDetection,SystemResponseTime_Success,429.07680639466423
25600.0,TraceDetection,BusyServers,0.0
25600.0,TraceDetection,TimeQueue,54.32628036053601
25600.0,TraceDetection,TimeService,59.560688156981925
25600.0,TraceDetection,NumQueue,0.0
25600.0,Recupero,TimeTotal,120.53006298428548
25600.0,Recupero,NumTotal,17.0
25600.0,Recupero,SystemResponseTime_Success,429.07680639466423
25600.0,Recupero,BusyServers,17.0
25600.0,Recupero,TimeQueue,0.0
25600.0,Recupero,TimeService,120.53006298428548
25600.0,Recupero,NumQueue,0.0
26000.0,CheckIn,TimeTotal,132.3171222118788
26000.0,CheckIn,NumTotal,7.0
26000.0,CheckIn,SystemResponseTime_Success,427.41889325732245
26000.0,CheckIn,BusyServers,7.0
26000.0,CheckIn,TimeQueue,12.920059583692261
26000.0,CheckIn,TimeService,119.37801966739876
26000.0,CheckIn,NumQueue,0.0
26000.0,Varchi,TimeTotal,20.946193954977854
26000.0,Varchi,NumTotal,2.0
26000.0,Varchi,SystemResponseTime_Success,427.41889325732245
26000.0,Varchi,BusyServers,2.0
26000.0,Varchi,TimeQueue,2.08793619589901
26000.0,Varchi,TimeService,18.856985015283776
26000.0,Varchi,NumQueue,0.0
26000.0,XRay,TimeTotal,237.39080609879758
26000.0,XRay,NumTotal,15.0
26000.0,XRay,SystemResponseTime_Success,427.41889325732245
26000.0,XRay,BusyServers,6.0
26000.0,XRay,TimeQueue,185.79591580271008
26000.0,XRay,TimeService,51.44857086737404
26000.0,XRay,NumQueue,9.0
26000.0,FastTrack,TimeTotal,82.1121276901606
26000.0,FastTrack,NumTotal,1.0
26000.0,FastTrack,SystemResponseTime_Success,427.41889325732245
26000.0,FastTrack,BusyServers,1.0
26000.0,FastTrack,TimeQueue,32.217554173008295
26000.0,FastTrack,TimeService,49.78997106853865
26000.0,FastTrack,NumQueue,0.0
26000.0,TraceDetection,TimeTotal,113.65911604635005
26000.0,TraceDetection,NumTotal,2.0
26000.0,TraceDetection,SystemResponseTime_Success,427.41889325732245
26000.0,TraceDetection,BusyServers,1.0
26000.0,TraceDetection,TimeQueue,54.09318651699598
26000.0,TraceDetection,TimeService,59.68781567444499
26000.0,TraceDetection,NumQueue,1.0
26000.0,Recupero,TimeTotal,120.53613896187976
26000.0,Recupero,NumTotal,17.0
26000.0,Recupero,SystemResponseTime_Success,427.41889325732245
26000.0,Recupero,BusyServers,17.0
26000.0,Recupero,TimeQueue,0.0
26000.0,Recupero,TimeService,120.53613896187976
26000.0,Recupero,NumQueue,0.0
26400.0,CheckIn,TimeTotal,132.29658278578225
26400.0,CheckIn,NumTotal,3.0
26400.0,CheckIn,SystemResponseTime_Success,426.4894235518693
26400.0,CheckIn,BusyServers,3.0
26400.0,CheckIn,TimeQueue,12.78175752467577
26400.0,CheckIn,TimeService,119.50573187951817
26400.0,CheckIn,NumQueue,0.0
26400.0,Varchi,TimeTotal,20.92351255264945
26400.0,Varchi,NumTotal,0.0
26400.0,Varchi,SystemResponseTime_Success,426.4894235518693
26400.0,Varchi,BusyServers,0.0
26400.0,Varchi,TimeQueue,2.0804242642444417
26400.0,Varchi,TimeService,18.84308828840505
26400.0,Varchi,NumQueue,0.0
26400.0,XRay,TimeTotal,236.27400415947983
26400.0,XRay,NumTotal,27.0
26400.0,XRay,SystemResponseTime_Success,426.4894235518693
26400.0,XRay,BusyServers,6.0
26400.0,XRay,TimeQueue,184.71639238036946
26400.0,XRay,TimeService,51.440917792979484
26400.0,XRay,NumQueue,21.0
26400.0,FastTrack,TimeTotal,81.7792006472206
26400.0,FastTrack,NumTotal,0.0
26400.0,FastTrack,SystemResponseTime_Success,426.4894235518693
26400.0,FastTrack,BusyServers,0.0
26400.0,FastTrack,TimeQueue,31.908889496546728
26400.0,FastTrack,TimeService,49.87031115067388
26400.0,FastTrack,NumQueue,0.0
26400.0,TraceDetection,TimeTotal,113.74554884598851
26400.0,TraceDetection,NumTotal,4.0
26400.0,TraceDetection,SystemResponseTime_Success,426.4894235518693
26400.0,TraceDetection,BusyServers,1.0
26400.0,TraceDetection,TimeQueue,54.32749966325412
26400.0,TraceDetection,TimeService,59.537373335630946
26400.0,TraceDetection,NumQueue,3.0
26400.0,Recupero,TimeTotal,120.52721191790805
26400.0,Recupero,NumTotal,16.0
26400.0,Recupero,SystemResponseTime_Success,426.4894235518693
26400.0,Recupero,BusyServers,16.0
26400.0,Recupero,TimeQueue,0.0
26400.0,Recupero,TimeService,120.52721191790805
26400.0,Recupero,NumQueue,0.0
26800.0,CheckIn,TimeTotal,132.37441682901925
26800.0,CheckIn,NumTotal,10.0
26800.0,CheckIn,SystemResponseTime_Success,425.8429769582509
26800.0,CheckIn,BusyServers,8.0
26800.0,CheckIn,TimeQueue,12.965916434426795
26800.0,CheckIn,TimeService,119.66516151081446
26800.0,CheckIn,NumQueue,2.0
26800.0,Varchi,TimeTotal,20.928609046195653
26800.0,Varchi,NumTotal,3.0
26800.0,Varchi,SystemResponseTime_Success,425.8429769582509
26800.0,Varchi,BusyServers,3.0
26800.0,Varchi,TimeQueue,2.0869321769536633
26800.0,Varchi,TimeService,18.846449968254554
26800.0,Varchi,NumQueue,0.0
26800.0,XRay,TimeTotal,235.64401217696306
26800.0,XRay,NumTotal,23.0
26800.0,XRay,SystemResponseTime_Success,425.8429769582509
26800.0,XRay,BusyServers,6.0
26800.0,XRay,TimeQueue,184.00958397521356
26800.0,XRay,TimeService,51.45915602673354
26800.0,XRay,NumQueue,17.0
26800.0,FastTrack,TimeTotal,81.27314722216366
26800.0,FastTrack,NumTotal,0.0
26800.0,FastTrack,SystemResponseTime_Success,425.8429769582509
26800.0,FastTrack,BusyServers,0.0
26800.0,FastTrack,TimeQueue,31.459636106874484
26800.0,FastTrack,TimeService,49.81351111528918
26800.0,FastTrack,NumQueue,0.0
26800.0,TraceDetection,TimeTotal,114.80138325142396
26800.0,TraceDetection,NumTotal,3.0
26800.0,TraceDetection,SystemResponseTime_Success,425.8429769582509
26800.0,TraceDetection,BusyServers,1.0
26800.0,TraceDetection,TimeQueue,55.39802051053489
26800.0,TraceDetection,TimeService,59.486488059321445
26800.0,TraceDetection,NumQueue,2.0
26800.0,Recupero,TimeTotal,120.52706160002579
26800.0,Recupero,NumTotal,12.0
26800.0,Recupero,SystemResponseTime_Success,425.8429769582509
26800.0,Recupero,BusyServers,12.0
26800.0,Recupero,TimeQueue,0.0
26800.0,Recupero,TimeService,120.52706160002579
26800.0,Recupero,NumQueue,0.0
27200.0,CheckIn,TimeTotal,132.6402589144918
27200.0,CheckIn,NumTotal,9.0
27200.0,CheckIn,SystemResponseTime_Success,425.0306238522789
27200.0,CheckIn,BusyServers,8.0
27200.0,CheckIn,TimeQueue,13.044014566624654
27200.0,CheckIn,TimeService,119.5636776783374
27200.0,CheckIn,NumQueue,1.0
27200.0,Varchi,TimeTotal,20.904281537153675
27200.0,Varchi,NumTotal,3.0
27200.0,Varchi,SystemResponseTime_Success,425.0306238522789
27200.0,Varchi,BusyServers,3.0
27200.0,Varchi,TimeQueue,2.064666188126026
27200.0,Varchi,TimeService,18.83781738137477
27200.0,Varchi,NumQueue,0.0
27200.0,XRay,TimeTotal,234.6397250073172
27200.0,XRay,NumTotal,25.0
27200.0,XRay,SystemResponseTime_Success,425.0306238522789
27200.0,XRay,BusyServers,6.0
27200.0,XRay,TimeQueue,183.12518974834862
27200.0,XRay,TimeService,51.44057647249888
27200.0,XRay,NumQueue,19.0
27200.0,FastTrack,TimeTotal,81.01696999190787
27200.0,FastTrack,NumTotal,2.0
27200.0,FastTrack,SystemResponseTime_Success,425.0306238522789
27200.0,FastTrack,BusyServers,1.0
27200.0,FastTrack,TimeQueue,31.20663813953952
27200.0,FastTrack,TimeService,49.85134917575184
27200.0,FastTrack,NumQueue,1.0
27200.0,TraceDetection,TimeTotal,115.239763474764
27200.0,TraceDetection,NumTotal,0.0
27200.0,TraceDetection,SystemResponseTime_Success,425.0306238522789
27200.0,TraceDetection,BusyServers,0.0
27200.0,TraceDetection,TimeQueue,55.918440307870256
27200.0,TraceDetection,TimeService,59.32132316689369
27200.0,TraceDetection,NumQueue,0.0
27200.0,Recupero,TimeTotal,120.62455188779055
27200.0,Recupero,NumTotal,16.0
27200.0,Recupero,SystemResponseTime_Success,425.0306238522789
27200.0,Recupero,BusyServers,16.0
27200.0,Recupero,TimeQueue,0.0
27200.0,Recupero,TimeService,120.62455188779055
27200.0,Recupero,NumQueue,0.0
27600.0,CheckIn,TimeTotal,132.53039990514577
27600.0,CheckIn,NumTotal,6.0
27600.0,CheckIn,SystemResponseTime_Success,424.8002299028154
27600.0,CheckIn,BusyServers,6.0
27600.0,CheckIn,TimeQueue,12.898528616128875
27600.0,CheckIn,TimeService,119.57529879508635
27600.0,CheckIn,NumQueue,0.0
27600.0,Varchi,TimeTotal,20.891433879730883
27600.0,Varchi,NumTotal,2.0
27600.0,Varchi,SystemResponseTime_Success,424.8002299028154
27600.0,Varchi,BusyServers,2.0
27600.0,Varchi,TimeQueue,2.054347239403901
27600.0,Varchi,TimeService,18.835910038242623
27600.0,Varchi,NumQueue,0.0
27600.0,XRay,TimeTotal,234.19400484002279
27600.0,XRay,NumTotal,19.0
27600.0,XRay,SystemResponseTime_Success,424.8002299028154
27600.0,XRay,BusyServers,6.0
27600.0,XRay,TimeQueue,182.744398236061
27600.0,XRay,TimeService,51.419101022142925
27600.0,XRay,NumQueue,13.0
27600.0,FastTrack,TimeTotal,81.02761175879401
27600.0,FastTrack,NumTotal,2.0
27600.0,FastTrack,SystemResponseTime_Success,424.8002299028154
27600.0,FastTrack,BusyServers,1.0
27600.0,FastTrack,TimeQueue,31.106958835765294
27600.0,FastTrack,TimeService,49.92730090194744
27600.0,FastTrack,NumQueue,1.0
27600.0,TraceDetection,TimeTotal,115.88291813824854
27600.0,TraceDetection,NumTotal,3.0
27600.0,TraceDetection,SystemResponseTime_Success,424.8002299028154
27600.0,TraceDetection,BusyServers,1.0
27600.0,TraceDetection,TimeQueue,56.816339141085884
27600.0,TraceDetection,TimeService,59.4149996541619
27600.0,TraceDetection,NumQueue,2.0
27600.0,Recupero,TimeTotal,120.61859255669744
27600.0,Recupero,NumTotal,18.0
27600.0,Recupero,SystemResponseTime_Success,424.8002299028154
27600.0,Recupero,BusyServers,18.0
27600.0,Recupero,TimeQueue,0.0
27600.0,Recupero,TimeService,120.61859255669744
27600.0,Recupero,NumQueue,0.0
28000.0,CheckIn,TimeTotal,132.93324767898415
28000.0,CheckIn,NumTotal,12.0
28000.0,CheckIn,SystemResponseTime_Success,424.52699562576856
28000.0,CheckIn,BusyServers,8.0
28000.0,CheckIn,TimeQueue,13.56097527938943
28000.0,CheckIn,TimeService,119.73614939827661
28000.0,CheckIn,NumQueue,4.0
28000.0,Varchi,TimeTotal,20.859568260233782
28000.0,Varchi,NumTotal,1.0
28000.0,Varchi,SystemResponseTime_Success,424.52699562576856
28000.0,Varchi,BusyServers,1.0
28000.0,Varchi,TimeQueue,2.039833780038234
28000.0,Varchi,TimeService,18.81915858133055
28000.0,Varchi,NumQueue,0.0
28000.0,XRay,TimeTotal,233.15042161170132
28000.0,XRay,NumTotal,17.0
28000.0,XRay,SystemResponseTime_Success,424.52699562576856
28000.0,XRay,BusyServers,6.0
28000.0,XRay,TimeQueue,181.59995540040683
28000.0,XRay,TimeService,51.39246219325102
28000.0,XRay,NumQueue,11.0
28000.0,FastTrack,TimeTotal,80.79216533798436
28000.0,FastTrack,NumTotal,0.0
28000.0,FastTrack,SystemResponseTime_Success,424.52699562576856
28000.0,FastTrack,BusyServers,0.0
28000.0,FastTrack,TimeQueue,30.846431539612404
28000.0,FastTrack,TimeService,49.94573379837196
28000.0,FastTrack,NumQueue,0.0
28000.0,TraceDetection,TimeTotal,118.04009131124056
28000.0,TraceDetection,NumTotal,3.0
28000.0,TraceDetection,SystemResponseTime_Success,424.52699562576856
28000.0,TraceDetection,BusyServers,1.0
28000.0,TraceDetection,TimeQueue,58.817554491550844
28000.0,TraceDetection,TimeService,59.630520424041656
28000.0,TraceDetection,NumQueue,2.0
28000.0,Recupero,TimeTotal,120.60861446954988
28000.0,Recupero,NumTotal,20.0
28000.0,Recupero,SystemResponseTime_Success,424.52699562576856
28000.0,Recupero,BusyServers,20.0
28000.0,Recupero,TimeQueue,0.0
28000.0,Recupero,TimeService,120.60861446954988
28000.0,Recupero,NumQueue,0.0
28400.0,CheckIn,TimeTotal,133.8095934488693
28400.0,CheckIn,NumTotal,3.0
28400.0,CheckIn,SystemResponseTime_Success,424.0977097993195
28400.0,CheckIn,BusyServers,3.0
28400.0,CheckIn,TimeQueue,13.799409649196548
28400.0,CheckIn,TimeService,119.98092710076973
28400.0,CheckIn,NumQueue,0.0
28400.0,Varchi,TimeTotal,20.848310782099027
28400.0,Varchi,NumTotal,2.0
28400.0,Varchi,SystemResponseTime_Success,424.0977097993195
28400.0,Varchi,BusyServers,2.0
28400.0,Varchi,TimeQueue,2.0318528793996826
28400.0,Varchi,TimeService,18.81532783991887
28400.0,Varchi,NumQueue,0.0
28400.0,XRay,TimeTotal,231.95491804472738
28400.0,XRay,NumTotal,22.0
28400.0,XRay,SystemResponseTime_Success,424.0977097993195
28400.0,XRay,BusyServers,6.0
28400.0,XRay,TimeQueue,180.43450962089628
28400.0,XRay,TimeService,51.41004798247765
28400.0,XRay,NumQueue,16.0
28400.0,FastTrack,TimeTotal,80.66233877478058
28400.0,FastTrack,NumTotal,0.0
28400.0,FastTrack,SystemResponseTime_Success,424.0977097993195
28400.0,FastTrack,BusyServers,0.0
28400.0,FastTrack,TimeQueue,30.713291294435347
28400.0,FastTrack,TimeService,49.949047480345236
28400.0,FastTrack,NumQueue,0.0
28400.0,TraceDetection,TimeTotal,120.84888770841343
28400.0,TraceDetection,NumTotal,2.0
28400.0,TraceDetection,SystemResponseTime_Success,424.0977097993195
28400.0,TraceDetection,BusyServers,1.0
28400.0,TraceDetection,TimeQueue,61.3744523584685
28400.0,TraceDetection,TimeService,59.840727561105496
28400.0,TraceDetection,NumQueue,1.0
28400.0,Recupero,TimeTotal,120.70849471280482
28400.0,Recupero,NumTotal,18.0
28400.0,Recupero,SystemResponseTime_Success,424.0977097993195
28400.0,Recupero,BusyServers,18.0
28400.0,Recupero,TimeQueue,0.0
28400.0,Recupero,TimeService,120.70849471280482
28400.0,Recupero,NumQueue,0.0
28800.0,CheckIn,TimeTotal,133.6765979407034
28800.0,CheckIn,NumTotal,8.0
28800.0,CheckIn,SystemResponseTime_Success,423.5778338983664
28800.0,CheckIn,BusyServers,8.0
28800.0,CheckIn,TimeQueue,13.646369297716916
28800.0,CheckIn,TimeService,119.96750749826485
28800.0,CheckIn,NumQueue,0.0
28800.0,Varchi,TimeTotal,20.861465479597783
28800.0,Varchi,NumTotal,2.0
28800.0,Varchi,SystemResponseTime_Success,423.5778338983664
28800.0,Varchi,BusyServers,2.0
28800.0,Varchi,TimeQueue,2.0443473830881778
28800.0,Varchi,TimeService,18.81599575372454
28800.0,Varchi,NumQueue,0.0
28800.0,XRay,TimeTotal,231.28819765691446
28800.0,XRay,NumTotal,17.0
28800.0,XRay,SystemResponseTime_Success,423.5778338983664
28800.0,XRay,BusyServers,6.0
28800.0,XRay,TimeQueue,179.7156206905973
28800.0,XRay,TimeService,51.417108869278756
28800.0,XRay,NumQueue,11.0
28800.0,FastTrack,TimeTotal,80.2883825235082
28800.0,FastTrack,NumTotal,0.0
28800.0,FastTrack,SystemResponseTime_Success,423.5778338983664
28800.0,FastTrack,BusyServers,0.0
28800.0,FastTrack,TimeQueue,30.44856503243974
28800.0,FastTrack,TimeService,49.83981749106848
28800.0,FastTrack,NumQueue,0.0
28800.0,TraceDetection,TimeTotal,121.93518743085477
28800.0,TraceDetection,NumTotal,1.0
28800.0,TraceDetection,SystemResponseTime_Success,423.5778338983664
28800.0,TraceDetection,BusyServers,1.0
28800.0,TraceDetection,TimeQueue,62.00824769723221
28800.0,TraceDetection,TimeService,59.896077177338356
28800.0,TraceDetection,NumQueue,0.0
28800.0,Recupero,TimeTotal,120.72938874555773
28800.0,Recupero,NumTotal,17.0
28800.0,Recupero,SystemResponseTime_Success,423.5778338983664
28800.0,Recupero,BusyServers,17.0
28800.0,Recupero,TimeQueue,0.0
28800.0,Recupero,TimeService,120.72938874555773
28800.0,Recupero,NumQueue,0.0
29200.0,CheckIn,TimeTotal,133.66154550642693
29200.0,CheckIn,NumTotal,7.0
29200.0,CheckIn,SystemResponseTime_Success,422.5418051750365
29200.0,CheckIn,BusyServers,7.0
29200.0,CheckIn,TimeQueue,13.505588321468117
29200.0,CheckIn,TimeService,120.090622618096
29200.0,CheckIn,NumQueue,0.0
29200.0,Varchi,TimeTotal,20.848029915622632
29200.0,Varchi,NumTotal,3.0
29200.0,Varchi,SystemResponseTime_Success,422.5418051750365
29200.0,Varchi,BusyServers,3.0
29200.0,Varchi,TimeQueue,2.0324124676003943
29200.0,Varchi,TimeService,18.813963287034017
29200.0,Varchi,NumQueue,0.0
29200.0,XRay,TimeTotal,230.0004731055598
29200.0,XRay,NumTotal,8.0
29200.0,XRay,SystemResponseTime_Success,422.5418051750365
29200.0,XRay,BusyServers,6.0
29200.0,XRay,TimeQueue,178.33717879532793
29200.0,XRay,TimeService,51.38231007577438
29200.0,XRay,NumQueue,2.0
29200.0,FastTrack,TimeTotal,80.18981781239474
29200.0,FastTrack,NumTotal,0.0
29200.0,FastTrack,SystemResponseTime_Success,422.5418051750365
29200.0,FastTrack,BusyServers,0.0
29200.0,FastTrack,TimeQueue,30.406822557393586
29200.0,FastTrack,TimeService,49.78299525500116
29200.0,FastTrack,NumQueue,0.0
29200.0,TraceDetection,TimeTotal,121.37175286251795
29200.0,TraceDetection,NumTotal,3.0
29200.0,TraceDetection,SystemResponseTime_Success,422.5418051750365
29200.0,TraceDetection,BusyServers,1.0
29200.0,TraceDetection,TimeQueue,61.38974246511354
29200.0,TraceDetection,TimeService,59.952683915414646
29200.0,TraceDetection,NumQueue,2.0
29200.0,Recupero,TimeTotal,120.72878049362231
29200.0,Recupero,NumTotal,12.0
29200.0,Recupero,SystemResponseTime_Success,422.5418051750365
29200.0,Recupero,BusyServers,12.0
29200.0,Recupero,TimeQueue,0.0
29200.0,Recupero,TimeService,120.72878049362231
29200.0,Recupero,NumQueue,0.0
29600.0,CheckIn,TimeTotal,133.24694287520933
29600.0,CheckIn,NumTotal,2.0
29600.0,CheckIn,SystemResponseTime_Success,420.8116148188778
29600.0,CheckIn,BusyServers,2.0
29600.0,CheckIn,TimeQueue,13.363550487035155
29600.0,CheckIn,TimeService,119.86519830990716
29600.0,CheckIn,NumQueue,0.0
29600.0,Varchi,TimeTotal,20.862387893720417
29600.0,Varchi,NumTotal,3.0
29600.0,Varchi,SystemResponseTime_Success,420.8116148188778
29600.0,Varchi,BusyServers,3.0
29600.0,Varchi,TimeQueue,2.04059908471192
29600.0,Varchi,TimeService,18.820154586570172
29600.0,Varchi,NumQueue,0.0
29600.0,XRay,TimeTotal,227.77272432889433
29600.0,XRay,NumTotal,13.0
29600.0,XRay,SystemResponseTime_Success,420.8116148188778
29600.0,XRay,BusyServers,6.0
29600.0,XRay,TimeQueue,176.24906589946116
29600.0,XRay,TimeService,51.33074793518731
29600.0,XRay,NumQueue,7.0
29600.0,FastTrack,TimeTotal,79.84468936645538
29600.0,FastTrack,NumTotal,0.0
29600.0,FastTrack,SystemResponseTime_Success,420.8116148188778
29600.0,FastTrack,BusyServers,0.0
29600.0,FastTrack,TimeQueue,30.144694776726396
29600.0,FastTrack,TimeService,49.699994589728995
29600.0,FastTrack,NumQueue,0.0
29600.0,TraceDetection,TimeTotal,121.589187584121
29600.0,TraceDetection,NumTotal,1.0
29600.0,TraceDetection,SystemResponseTime_Success,420.8116148188778
29600.0,TraceDetection,BusyServers,1.0
29600.0,TraceDetection,TimeQueue,61.63588660294635
29600.0,TraceDetection,TimeService,60.008904771229126
29600.0,TraceDetection,NumQueue,0.0
29600.0,Recupero,TimeTotal,120.72578491523154
29600.0,Recupero,NumTotal,18.0
29600.0,Recupero,SystemResponseTime_Success,420.8116148188778
29600.0,Recupero,BusyServers,18.0
29600.0,Recupero,TimeQueue,0.0
29600.0,Recupero,TimeService,120.72578491523154
29600.0,Recupero,NumQueue,0.0
30000.0,CheckIn,TimeTotal,133.06727154955726
30000.0,CheckIn,NumTotal,9.0
30000.0,CheckIn,SystemResponseTime_Success,419.0643071927992
30000.0,CheckIn,BusyServers,8.0
30000.0,CheckIn,TimeQueue,13.205161948929454
30000.0,CheckIn,TimeService,119.79395435412923
30000.0,CheckIn,NumQueue,1.0
30000.0,Varchi,TimeTotal,20.896587154319757
30000.0,Varchi,NumTotal,5.0
30000.0,Varchi,SystemResponseTime_Success,419.0643071927992
30000.0,Varchi,BusyServers,4.0
30000.0,Varchi,TimeQueue,2.0846755095419374
30000.0,Varchi,TimeService,18.811347352862974
30000.0,Varchi,NumQueue,1.0
30000.0,XRay,TimeTotal,226.66085471411392
30000.0,XRay,NumTotal,23.0
30000.0,XRay,SystemResponseTime_Success,419.0643071927992
30000.0,XRay,BusyServers,6.0
30000.0,XRay,TimeQueue,175.2411308807413
30000.0,XRay,TimeService,51.322750507442706
30000.0,XRay,NumQueue,17.0
30000.0,FastTrack,TimeTotal,79.7690008962207
30000.0,FastTrack,NumTotal,3.0
30000.0,FastTrack,SystemResponseTime_Success,419.0643071927992
30000.0,FastTrack,BusyServers,1.0
30000.0,FastTrack,TimeQueue,29.949904149233774
30000.0,FastTrack,TimeService,49.74186909846477
30000.0,FastTrack,NumQueue,2.0
30000.0,TraceDetection,TimeTotal,121.38045914941559
30000.0,TraceDetection,NumTotal,1.0
30000.0,TraceDetection,SystemResponseTime_Success,419.0643071927992
30000.0,TraceDetection,BusyServers,1.0
30000.0,TraceDetection,TimeQueue,61.26200514232522
30000.0,TraceDetection,TimeService,59.95681283257232
30000.0,TraceDetection,NumQueue,0.0
30000.0,Recupero,TimeTotal,120.66672685261278
30000.0,Recupero,NumTotal,14.0
30000.0,Recupero,SystemResponseTime_Success,419.0643071927992
30000.0,Recupero,BusyServers,14.0
30000.0,Recupero,TimeQueue,0.0
30000.0,Recupero,TimeService,120.66672685261278
30000.0,Recupero,NumQueue,0.0
30400.0,CheckIn,TimeTotal,133.10873148400208
30400.0,CheckIn,NumTotal,6.0
30400.0,CheckIn,SystemResponseTime_Success,418.1223138694047
30400.0,CheckIn,BusyServers,6.0
30400.0,CheckIn,TimeQueue,13.108815707522933
30400.0,CheckIn,TimeService,119.9475154472018
30400.0,CheckIn,NumQueue,0.0
30400.0,Varchi,TimeTotal,20.932902214393454
30400.0,Varchi,NumTotal,5.0
30400.0,Varchi,SystemResponseTime_Success,418.1223138694047
30400.0,Varchi,BusyServers,4.0
30400.0,Varchi,TimeQueue,2.12286458129267
30400.0,Varchi,TimeService,18.80859208577141
30400.0,Varchi,NumQueue,1.0
30400.0,XRay,TimeTotal,226.3243844375643
30400.0,XRay,NumTotal,25.0
30400.0,XRay,SystemResponseTime_Success,418.1223138694047
30400.0,XRay,BusyServers,6.0
30400.0,XRay,TimeQueue,175.02493754548698
30400.0,XRay,TimeService,51.32315746093297
30400.0,XRay,NumQueue,19.0
30400.0,FastTrack,TimeTotal,79.9638010328498
30400.0,FastTrack,NumTotal,1.0
30400.0,FastTrack,SystemResponseTime_Success,418.1223138694047
30400.0,FastTrack,BusyServers,1.0
30400.0,FastTrack,TimeQueue,30.205178540995618
30400.0,FastTrack,TimeService,49.720106353838325
30400.0,FastTrack,NumQueue,0.0
30400.0,TraceDetection,TimeTotal,121.75829269685119
30400.0,TraceDetection,NumTotal,0.0
30400.0,TraceDetection,SystemResponseTime_Success,418.1223138694047
30400.0,TraceDetection,BusyServers,0.0
30400.0,TraceDetection,TimeQueue,61.74658938593859
30400.0,TraceDetection,TimeService,60.011703310912516
30400.0,TraceDetection,NumQueue,0.0
30400.0,Recupero,TimeTotal,120.70445788799961
30400.0,Recupero,NumTotal,23.0
30400.0,Recupero,SystemResponseTime_Success,418.1223138694047
30400.0,Recupero,BusyServers,23.0
30400.0,Recupero,TimeQueue,0.0
30400.0,Recupero,TimeService,120.70445788799961
30400.0,Recupero,NumQueue,0.0
30800.0,CheckIn,TimeTotal,132.8778401989231
30800.0,CheckIn,NumTotal,6.0
30800.0,CheckIn,SystemResponseTime_Success,418.1565902394942
30800.0,CheckIn,BusyServers,6.0
30800.0,CheckIn,TimeQueue,12.988582441047116
30800.0,CheckIn,TimeService,119.8451821639994
30800.0,CheckIn,NumQueue,0.0
30800.0,Varchi,TimeTotal,20.932924004072355
30800.0,Varchi,NumTotal,4.0
30800.0,Varchi,SystemResponseTime_Success,418.1565902394942
30800.0,Varchi,BusyServers,4.0
30800.0,Varchi,TimeQueue,2.120905266981773
30800.0,Varchi,TimeService,18.809851230430446
30800.0,Varchi,NumQueue,0.0
30800.0,XRay,TimeTotal,226.2971260338325
30800.0,XRay,NumTotal,25.0
30800.0,XRay,SystemResponseTime_Success,418.1565902394942
30800.0,XRay,BusyServers,6.0
30800.0,XRay,TimeQueue,175.01005044256152
30800.0,XRay,TimeService,51.299161149721286
30800.0,XRay,NumQueue,19.0
30800.0,FastTrack,TimeTotal,79.63797587023222
30800.0,FastTrack,NumTotal,0.0
30800.0,FastTrack,SystemResponseTime_Success,418.1565902394942
30800.0,FastTrack,BusyServers,0.0
30800.0,FastTrack,TimeQueue,29.954859381816096
30800.0,FastTrack,TimeService,49.68311648841613
30800.0,FastTrack,NumQueue,0.0
30800.0,TraceDetection,TimeTotal,121.49697223211803
30800.0,TraceDetection,NumTotal,2.0
30800.0,TraceDetection,SystemResponseTime_Success,418.1565902394942
30800.0,TraceDetection,BusyServers,1.0
30800.0,TraceDetection,TimeQueue,61.34061433693313
30800.0,TraceDetection,TimeService,59.999074268679884
30800.0,TraceDetection,NumQueue,1.0
30800.0,Recupero,TimeTotal,120.74445016884435
30800.0,Recupero,NumTotal,16.0
30800.0,Recupero,SystemResponseTime_Success,418.1565902394942
30800.0,Recupero,BusyServers,16.0
30800.0,Recupero,TimeQueue,0.0
30800.0,Recupero,TimeService,120.74445016884435
30800.0,Recupero,NumQueue,0.0
31200.0,CheckIn,TimeTotal,132.8772453194601
31200.0,CheckIn,NumTotal,14.0
31200.0,CheckIn,SystemResponseTime_Success,418.02699182789723
31200.0,CheckIn,BusyServers,8.0
31200.0,CheckIn,TimeQueue,12.915600375561969
31200.0,CheckIn,TimeService,119.94812663059554
31200.0,CheckIn,NumQueue,6.0
31200.0,Varchi,TimeTotal,20.92703934026038
31200.0,Varchi,NumTotal,3.0
31200.0,Varchi,SystemResponseTime_Success,418.02699182789723
31200.0,Varchi,BusyServers,3.0
31200.0,Varchi,TimeQueue,2.1302426052623047
31200.0,Varchi,TimeService,18.796426306257455
31200.0,Varchi,NumQueue,0.0
31200.0,XRay,TimeTotal,226.61872395899033
31200.0,XRay,NumTotal,26.0
31200.0,XRay,SystemResponseTime_Success,418.02699182789723
31200.0,XRay,BusyServers,6.0
31200.0,XRay,TimeQueue,175.36324779480105
31200.0,XRay,TimeService,51.298651204492465
31200.0,XRay,NumQueue,20.0
31200.0,FastTrack,TimeTotal,79.44700867743434
31200.0,FastTrack,NumTotal,2.0
31200.0,FastTrack,SystemResponseTime_Success,418.02699182789723
31200.0,FastTrack,BusyServers,1.0
31200.0,FastTrack,TimeQueue,29.708655058129935
31200.0,FastTrack,TimeService,49.65673643507879
31200.0,FastTrack,NumQueue,1.0
31200.0,TraceDetection,TimeTotal,121.0197845411277
31200.0,TraceDetection,NumTotal,0.0
31200.0,TraceDetection,SystemResponseTime_Success,418.02699182789723
31200.0,TraceDetection,BusyServers,0.0
31200.0,TraceDetection,TimeQueue,60.981125438238195
31200.0,TraceDetection,TimeService,60.038659102889426
31200.0,TraceDetection,NumQueue,0.0
31200.0,Recupero,TimeTotal,120.68460927140319
31200.0,Recupero,NumTotal,17.0
31200.0,Recupero,SystemResponseTime_Success,418.02699182789723
31200.0,Recupero,BusyServers,17.0
31200.0,Recupero,TimeQueue,0.0
31200.0,Recupero,TimeService,120.68460927140319
31200.0,Recupero,NumQueue,0.0
31600.0,CheckIn,TimeTotal,133.4363148796718
31600.0,CheckIn,NumTotal,9.0
31600.0,CheckIn,SystemResponseTime_Success,417.93747243733344
31600.0,CheckIn,BusyServers,8.0
31600.0,CheckIn,TimeQueue,13.397915588373367
31600.0,CheckIn,TimeService,119.98419803213554
31600.0,CheckIn,NumQueue,1.0
31600.0,Varchi,TimeTotal,20.925987166613506
31600.0,Varchi,NumTotal,1.0
31600.0,Varchi,SystemResponseTime_Success,417.93747243733344
31600.0,Varchi,BusyServers,1.0
31600.0,Varchi,TimeQueue,2.1260099368294165
31600.0,Varchi,TimeService,18.799448108346382
31600.0,Varchi,NumQueue,0.0
31600.0,XRay,TimeTotal,226.6357443768253
31600.0,XRay,NumTotal,29.0
31600.0,XRay,SystemResponseTime_Success,417.93747243733344
31600.0,XRay,BusyServers,6.0
31600.0,XRay,TimeQueue,175.40027957740838
31600.0,XRay,TimeService,51.298005573803174
31600.0,XRay,NumQueue,23.0
31600.0,FastTrack,TimeTotal,79.26742911001328
31600.0,FastTrack,NumTotal,0.0
31600.0,FastTrack,SystemResponseTime_Success,417.93747243733344
31600.0,FastTrack,BusyServers,0.0
31600.0,FastTrack,TimeQueue,29.59987561460043
31600.0,FastTrack,TimeService,49.66755349541287
31600.0,FastTrack,NumQueue,0.0
31600.0,TraceDetection,TimeTotal,120.30482171018096
31600.0,TraceDetection,NumTotal,1.0
31600.0,TraceDetection,SystemResponseTime_Success,417.93747243733344
31600.0,TraceDetection,BusyServers,1.0
31600.0,TraceDetection,TimeQueue,60.303890395674436
31600.0,TraceDetection,TimeService,59.984549774217655
31600.0,TraceDetection,NumQueue,0.0
31600.0,Recupero,TimeTotal,120.70333215652391
31600.0,Recupero,NumTotal,16.0
31600.0,Recupero,SystemResponseTime_Success,417.93747243733344
31600.0,Recupero,BusyServers,16.0
31600.0,Recupero,TimeQueue,0.0
31600.0,Recupero,TimeService,120.70333215652391
31600.0,Recupero,NumQueue,0.0
32000.0,CheckIn,TimeTotal,133.22658383978776
32000.0,CheckIn,NumTotal,7.0
32000.0,CheckIn,SystemResponseTime_Success,418.6597367350796
32000.0,CheckIn,BusyServers,7.0
32000.0,CheckIn,TimeQueue,13.264875490795427
32000.0,CheckIn,TimeService,119.90264083726473
32000.0,CheckIn,NumQueue,0.0
32000.0,Varchi,TimeTotal,20.912926057514685
32000.0,Varchi,NumTotal,2.0
32000.0,Varchi,SystemResponseTime_Success,418.6597367350796
32000.0,Varchi,BusyServers,2.0
32000.0,Varchi,TimeQueue,2.105702057226479
32000.0,Varchi,TimeService,18.806188493990113
32000.0,Varchi,NumQueue,0.0
32000.0,XRay,TimeTotal,227.03023336643483
32000.0,XRay,NumTotal,22.0
32000.0,XRay,SystemResponseTime_Success,418.6597367350796
32000.0,XRay,BusyServers,6.0
32000.0,XRay,TimeQueue,175.7032415145177
32000.0,XRay,TimeService,51.300825511792716
32000.0,XRay,NumQueue,16.0
32000.0,FastTrack,TimeTotal,79.92998156491886
32000.0,FastTrack,NumTotal,2.0
32000.0,FastTrack,SystemResponseTime_Success,418.6597367350796
32000.0,FastTrack,BusyServers,1.0
32000.0,FastTrack,TimeQueue,30.18408185778111
32000.0,FastTrack,TimeService,49.732920926031646
32000.0,FastTrack,NumQueue,1.0
32000.0,TraceDetection,TimeTotal,119.95494642731576
32000.0,TraceDetection,NumTotal,0.0
32000.0,TraceDetection,SystemResponseTime_Success,418.6597367350796
32000.0,TraceDetection,BusyServers,0.0
32000.0,TraceDetection,TimeQueue,60.006093406066164
32000.0,TraceDetection,TimeService,59.948853021249526
32000.0,TraceDetection,NumQueue,0.0
32000.0,Recupero,TimeTotal,120.65095987952998
32000.0,Recupero,NumTotal,18.0
32000.0,Recupero,SystemResponseTime_Success,418.6597367350796
32000.0,Recupero,BusyServers,18.0
32000.0,Recupero,TimeQueue,0.0
32000.0,Recupero,TimeService,120.65095987952998
32000.0,Recupero,NumQueue,0.0
32400.0,CheckIn,TimeTotal,132.8501249972527
32400.0,CheckIn,NumTotal,6.0
32400.0,CheckIn,SystemResponseTime_Success,418.321051858406
32400.0,CheckIn,BusyServers,6.0
32400.0,CheckIn,TimeQueue,13.07505366531634
32400.0,CheckIn,TimeService,119.72591699484855
32400.0,CheckIn,NumQueue,0.0
32400.0,Varchi,TimeTotal,20.91304144451703
32400.0,Varchi,NumTotal,1.0
32400.0,Varchi,SystemResponseTime_Success,418.321051858406
32400.0,Varchi,BusyServers,1.0
32400.0,Varchi,TimeQueue,2.1073558352200665
32400.0,Varchi,TimeService,18.805174363339876
32400.0,Varchi,NumQueue,0.0
32400.0,XRay,TimeTotal,226.89441688066006
32400.0,XRay,NumTotal,26.0
32400.0,XRay,SystemResponseTime_Success,418.321051858406
32400.0,XRay,BusyServers,6.0
32400.0,XRay,TimeQueue,175.6227560158313
32400.0,XRay,TimeService,51.313147789847456
32400.0,XRay,NumQueue,20.0
32400.0,FastTrack,TimeTotal,81.67162733869485
32400.0,FastTrack,NumTotal,0.0
32400.0,FastTrack,SystemResponseTime_Success,418.321051858406
32400.0,FastTrack,BusyServers,0.0
32400.0,FastTrack,TimeQueue,31.934060012230027
32400.0,FastTrack,TimeService,49.737567326464834
32400.0,FastTrack,NumQueue,0.0
32400.0,TraceDetection,TimeTotal,119.36624604324692
32400.0,TraceDetection,NumTotal,2.0
32400.0,TraceDetection,SystemResponseTime_Success,418.321051858406
32400.0,TraceDetection,BusyServers,1.0
32400.0,TraceDetection,TimeQueue,59.425521480304205
32400.0,TraceDetection,TimeService,59.95589660955275
32400.0,TraceDetection,NumQueue,1.0
32400.0,Recupero,TimeTotal,120.6926642976684
32400.0,Recupero,NumTotal,16.0
32400.0,Recupero,SystemResponseTime_Success,418.321051858406
32400.0,Recupero,BusyServers,16.0
32400.0,Recupero,TimeQueue,0.0
32400.0,Recupero,TimeService,120.6926642976684
32400.0,Recupero,NumQueue,0.0
32800.0,CheckIn,TimeTotal,132.80976461736623
32800.0,CheckIn,NumTotal,12.0
32800.0,CheckIn,SystemResponseTime_Success,418.2700352774182
32800.0,CheckIn,BusyServers,8.0
32800.0,CheckIn,TimeQueue,13.073496117115845
32800.0,CheckIn,TimeService,119.76244354819987
32800.0,CheckIn,NumQueue,4.0
32800.0,Varchi,TimeTotal,20.923029146532944
32800.0,Varchi,NumTotal,2.0
32800.0,Varchi,SystemResponseTime_Success,418.2700352774182
32800.0,Varchi,BusyServers,2.0
32800.0,Varchi,TimeQueue,2.11148435639763
32800.0,Varchi,TimeService,18.810533542838208
32800.0,Varchi,NumQueue,0.0
32800.0,XRay,TimeTotal,226.97846638478208
32800.0,XRay,NumTotal,30.0
32800.0,XRay,SystemResponseTime_Success,418.2700352774182
32800.0,XRay,BusyServers,6.0
32800.0,XRay,TimeQueue,175.67500583879294
32800.0,XRay,TimeService,51.339995040950335
32800.0,XRay,NumQueue,24.0
32800.0,FastTrack,TimeTotal,81.30697503911092
32800.0,FastTrack,NumTotal,1.0
32800.0,FastTrack,SystemResponseTime_Success,418.2700352774182
32800.0,FastTrack,BusyServers,1.0
32800.0,FastTrack,TimeQueue,31.561384653979797
32800.0,FastTrack,TimeService,49.67234903167118
32800.0,FastTrack,NumQueue,0.0
32800.0,TraceDetection,TimeTotal,119.07641747644116
32800.0,TraceDetection,NumTotal,2.0
32800.0,TraceDetection,SystemResponseTime_Success,418.2700352774182
32800.0,TraceDetection,BusyServers,1.0
32800.0,TraceDetection,TimeQueue,59.0721817518114
32800.0,TraceDetection,TimeService,59.93632019045887
32800.0,TraceDetection,NumQueue,1.0
32800.0,Recupero,TimeTotal,120.74602492961426
32800.0,Recupero,NumTotal,12.0
32800.0,Recupero,SystemResponseTime_Success,418.2700352774182
32800.0,Recupero,BusyServers,12.0
32800.0,Recupero,TimeQueue,0.0
32800.0,Recupero,TimeService,120.74602492961426
32800.0,Recupero,NumQueue,0.0
33200.0,CheckIn,TimeTotal,133.39942089874313
33200.0,CheckIn,NumTotal,9.0
33200.0,CheckIn,SystemResponseTime_Success,418.7416689166545
33200.0,CheckIn,BusyServers,8.0
33200.0,CheckIn,TimeQueue,13.73065578356504
33200.0,CheckIn,TimeService,119.75007755348969
33200.0,CheckIn,NumQueue,1.0
33200.0,Varchi,TimeTotal,20.977592036922758
33200.0,Varchi,NumTotal,5.0
33200.0,Varchi,SystemResponseTime_Success,418.7416689166545
33200.0,Varchi,BusyServers,4.0
33200.0,Varchi,TimeQueue,2.156886050977501
33200.0,Varchi,TimeService,18.8233803338843
33200.0,Varchi,NumQueue,1.0
33200.0,XRay,TimeTotal,227.4853656207379
33200.0,XRay,NumTotal,35.0
33200.0,XRay,SystemResponseTime_Success,418.7416689166545
33200.0,XRay,BusyServers,6.0
33200.0,XRay,TimeQueue,176.15846921037596
33200.0,XRay,TimeService,51.37240819082674
33200.0,XRay,NumQueue,29.0
33200.0,FastTrack,TimeTotal,81.54706940934102
33200.0,FastTrack,NumTotal,2.0
33200.0,FastTrack,SystemResponseTime_Success,418.7416689166545
33200.0,FastTrack,BusyServers,1.0
33200.0,FastTrack,TimeQueue,31.654929294933257
33200.0,FastTrack,TimeService,49.81200105290162
33200.0,FastTrack,NumQueue,1.0
33200.0,TraceDetection,TimeTotal,118.81501090948943
33200.0,TraceDetection,NumTotal,1.0
33200.0,TraceDetection,SystemResponseTime_Success,418.7416689166545
33200.0,TraceDetection,BusyServers,1.0
33200.0,TraceDetection,TimeQueue,58.84218839290292
33200.0,TraceDetection,TimeService,59.83205173095748
33200.0,TraceDetection,NumQueue,0.0
33200.0,Recupero,TimeTotal,120.73896355858992
33200.0,Recupero,NumTotal,13.0
33200.0,Recupero,SystemResponseTime_Success,418.7416689166545
33200.0,Recupero,BusyServers,13.0
33200.0,Recupero,TimeQueue,0.0
33200.0,Recupero,TimeService,120.73896355858992
33200.0,Recupero,NumQueue,0.0
33600.0,CheckIn,TimeTotal,133.5446215148322
33600.0,CheckIn,NumTotal,7.0
33600.0,CheckIn,SystemResponseTime_Success,419.2638100927424
33600.0,CheckIn,BusyServers,7.0
33600.0,CheckIn,TimeQueue,13.786094779098494
33600.0,CheckIn,TimeService,119.84735305197016
33600.0,CheckIn,NumQueue,0.0
33600.0,Varchi,TimeTotal,20.976484405228167
33600.0,Varchi,NumTotal,1.0
33600.0,Varchi,SystemResponseTime_Success,419.2638100927424
33600.0,Varchi,BusyServers,1.0
33600.0,Varchi,TimeQueue,2.1509716959917458
33600.0,Varchi,TimeService,18.825010966363568
33600.0,Varchi,NumQueue,0.0
33600.0,XRay,TimeTotal,228.16499974324395
33600.0,XRay,NumTotal,31.0
33600.0,XRay,SystemResponseTime_Success,419.2638100927424
33600.0,XRay,BusyServers,6.0
33600.0,XRay,TimeQueue,176.90829381293256
33600.0,XRay,TimeService,51.34011078127462
33600.0,XRay,NumQueue,25.0
33600.0,FastTrack,TimeTotal,81.14954256816712
33600.0,FastTrack,NumTotal,2.0
33600.0,FastTrack,SystemResponseTime_Success,419.2638100927424
33600.0,FastTrack,BusyServers,1.0
33600.0,FastTrack,TimeQueue,31.403341211541616
33600.0,FastTrack,TimeService,49.72211320598393
33600.0,FastTrack,NumQueue,1.0
33600.0,TraceDetection,TimeTotal,118.54289151435293
33600.0,TraceDetection,NumTotal,0.0
33600.0,TraceDetection,SystemResponseTime_Success,419.2638100927424
33600.0,TraceDetection,BusyServers,0.0
33600.0,TraceDetection,TimeQueue,58.64236061639357
33600.0,TraceDetection,TimeService,59.900530897959285
33600.0,TraceDetection,NumQueue,0.0
33600.0,Recupero,TimeTotal,120.69443841985273
33600.0,Recupero,NumTotal,20.0
33600.0,Recupero,SystemResponseTime_Success,419.2638100927424
33600.0,Recupero,BusyServers,20.0
33600.0,Recupero,TimeQueue,0.0
33600.0,Recupero,TimeService,120.69443841985273
33600.0,Recupero,NumQueue,0.0
34000.0,XRay,TimeTotal,228.56283570699313
34000.0,XRay,NumTotal,31.0
34000.0,XRay,SystemResponseTime_Success,419.8368534785232
34000.0,XRay,BusyServers,6.0
34000.0,XRay,TimeQueue,177.24713478158634
34000.0,XRay,TimeService,51.33121238793878
34000.0,XRay,NumQueue,25.0
34000.0,Recupero,TimeTotal,120.68072202826791
34000.0,Recupero,NumTotal,14.0
34000.0,Recupero,SystemResponseTime_Success,419.8368534785232
34000.0,Recupero,BusyServers,14.0
34000.0,Recupero,TimeQueue,0.0
34000.0,Recupero,TimeService,120.68072202826791
34000.0,Recupero,NumQueue,0.0
34000.0,TraceDetection,TimeTotal,118.11568922891085
34000.0,TraceDetection,NumTotal,0.0
34000.0,TraceDetection,SystemResponseTime_Success,419.8368534785232
34000.0,TraceDetection,BusyServers,0.0
34000.0,TraceDetection,TimeQueue,58.27253008948476
34000.0,TraceDetection,TimeService,59.84315913942602
34000.0,TraceDetection,NumQueue,0.0
34000.0,Varchi,TimeTotal,20.961394564041512
34000.0,Varchi,NumTotal,0.0
34000.0,Varchi,SystemResponseTime_Success,419.8368534785232
34000.0,Varchi,BusyServers,0.0
34000.0,Varchi,TimeQueue,2.142213340626725
34000.0,Varchi,TimeService,18.819181223414798
34000.0,Varchi,NumQueue,0.0
34000.0,CheckIn,TimeTotal,133.5972002179229
34000.0,CheckIn,NumTotal,5.0
34000.0,CheckIn,SystemResponseTime_Success,419.8368534785232
34000.0,CheckIn,BusyServers,5.0
34000.0,CheckIn,TimeQueue,13.663877626801522
34000.0,CheckIn,TimeService,119.89282502850476
34000.0,CheckIn,NumQueue,0.0
34000.0,FastTrack,TimeTotal,81.29269369396131
34000.0,FastTrack,NumTotal,6.0
34000.0,FastTrack,SystemResponseTime_Success,419.8368534785232
34000.0,FastTrack,BusyServers,1.0
34000.0,FastTrack,TimeQueue,31.83094948867829
34000.0,FastTrack,TimeService,49.78226454371932
34000.0,FastTrack,NumQueue,5.0
34400.0,Varchi,TimeTotal,20.951683817892924
34400.0,Varchi,NumTotal,2.0
34400.0,Varchi,SystemResponseTime_Success,420.0725827633394
34400.0,Varchi,BusyServers,2.0
34400.0,Varchi,TimeQueue,2.1282214488071203
34400.0,Varchi,TimeService,18.822492350193926
34400.0,Varchi,NumQueue,0.0
34400.0,CheckIn,TimeTotal,133.51673642066837
34400.0,CheckIn,NumTotal,11.0
34400.0,CheckIn,SystemResponseTime_Success,420.0725827633394
34400.0,CheckIn,BusyServers,8.0
34400.0,CheckIn,TimeQueue,13.851052157513076
34400.0,CheckIn,TimeService,119.79463358011012
34400.0,CheckIn,NumQueue,3.0
34400.0,TraceDetection,TimeTotal,118.09430658613996
34400.0,TraceDetection,NumTotal,0.0
34400.0,TraceDetection,SystemResponseTime_Success,420.0725827633394
34400.0,TraceDetection,BusyServers,0.0
34400.0,TraceDetection,TimeQueue,58.30819016170443
34400.0,TraceDetection,TimeService,59.78611642443547
34400.0,TraceDetection,NumQueue,0.0
34400.0,FastTrack,TimeTotal,83.91086505594967
34400.0,FastTrack,NumTotal,4.0
34400.0,FastTrack,SystemResponseTime_Success,420.0725827633394
34400.0,FastTrack,BusyServers,1.0
34400.0,FastTrack,TimeQueue,34.24189399753281
34400.0,FastTrack,TimeService,49.76032971535461
34400.0,FastTrack,NumQueue,3.0
34400.0,XRay,TimeTotal,228.7074755166708
34400.0,XRay,NumTotal,22.0
34400.0,XRay,SystemResponseTime_Success,420.0725827633394
34400.0,XRay,BusyServers,6.0
34400.0,XRay,TimeQueue,177.3141526553322
34400.0,XRay,TimeService,51.33369426147653
34400.0,XRay,NumQueue,16.0
34400.0,Recupero,TimeTotal,120.67983327882762
34400.0,Recupero,NumTotal,19.0
34400.0,Recupero,SystemResponseTime_Success,420.0725827633394
34400.0,Recupero,BusyServers,19.0
34400.0,Recupero,TimeQueue,0.0
34400.0,Recupero,TimeService,120.67983327882762
34400.0,Recupero,NumQueue,0.0
34800.0,Varchi,TimeTotal,20.93700757138151
34800.0,Varchi,NumTotal,2.0
34800.0,Varchi,SystemResponseTime_Success,419.8534406490796
34800.0,Varchi,BusyServers,2.0
34800.0,Varchi,TimeQueue,2.1128049235704913
34800.0,Varchi,TimeService,18.823249000813252
34800.0,Varchi,NumQueue,0.0
34800.0,CheckIn,TimeTotal,133.65984799754426
34800.0,CheckIn,NumTotal,9.0
34800.0,CheckIn,SystemResponseTime_Success,419.8534406490796
34800.0,CheckIn,BusyServers,8.0
34800.0,CheckIn,TimeQueue,13.858957364492438
34800.0,CheckIn,TimeService,119.81573720756171
34800.0,CheckIn,NumQueue,1.0
34800.0,XRay,TimeTotal,228.02051063215677
34800.0,XRay,NumTotal,14.0
34800.0,XRay,SystemResponseTime_Success,419.8534406490796
34800.0,XRay,BusyServers,6.0
34800.0,XRay,TimeQueue,176.57033282062633
34800.0,XRay,TimeService,51.30786226677456
34800.0,XRay,NumQueue,8.0
34800.0,FastTrack,TimeTotal,84.68940806962037
34800.0,FastTrack,NumTotal,0.0
34800.0,FastTrack,SystemResponseTime_Success,419.8534406490796
34800.0,FastTrack,BusyServers,0.0
34800.0,FastTrack,TimeQueue,34.83561541148125
34800.0,FastTrack,TimeService,49.85379265813914
34800.0,FastTrack,NumQueue,0.0
34800.0,Recupero,TimeTotal,120.65269439049426
34800.0,Recupero,NumTotal,14.0
34800.0,Recupero,SystemResponseTime_Success,419.8534406490796
34800.0,Recupero,BusyServers,14.0
34800.0,Recupero,TimeQueue,0.0
34800.0,Recupero,TimeService,120.65269439049426
34800.0,Recupero,NumQueue,0.0
34800.0,TraceDetection,TimeTotal,117.7421374354002
34800.0,TraceDetection,NumTotal,0.0
34800.0,TraceDetection,SystemResponseTime_Success,419.8534406490796
34800.0,TraceDetection,BusyServers,0.0
34800.0,TraceDetection,TimeQueue,57.90790510338609
34800.0,TraceDetection,TimeService,59.834232332014025
34800.0,TraceDetection,NumQueue,0.0
35200.0,FastTrack,TimeTotal,84.57679446283235
35200.0,FastTrack,NumTotal,1.0
35200.0,FastTrack,SystemResponseTime_Success,418.9323332955868
35200.0,FastTrack,BusyServers,1.0
35200.0,FastTrack,TimeQueue,34.62977429485579
35200.0,FastTrack,TimeService,49.86610948037178
35200.0,FastTrack,NumQueue,0.0
35200.0,TraceDetection,TimeTotal,117.5438971139626
35200.0,TraceDetection,NumTotal,3.0
35200.0,TraceDetection,SystemResponseTime_Success,418.9323332955868
35200.0,TraceDetection,BusyServers,1.0
35200.0,TraceDetection,TimeQueue,57.65228540528355
35200.0,TraceDetection,TimeService,59.98140552646655
35200.0,TraceDetection,NumQueue,2.0
35200.0,XRay,TimeTotal,226.65942655069279
35200.0,XRay,NumTotal,14.0
35200.0,XRay,SystemResponseTime_Success,418.9323332955868
35200.0,XRay,BusyServers,6.0
35200.0,XRay,TimeQueue,175.1581361058839
35200.0,XRay,TimeService,51.3397828223158
35200.0,XRay,NumQueue,8.0
35200.0,Recupero,TimeTotal,120.63771739797242
35200.0,Recupero,NumTotal,13.0
35200.0,Recupero,SystemResponseTime_Success,418.9323332955868
35200.0,Recupero,BusyServers,13.0
35200.0,Recupero,TimeQueue,0.0
35200.0,Recupero,TimeService,120.63771739797242
35200.0,Recupero,NumQueue,0.0
35200.0,Varchi,TimeTotal,20.922140079384647
35200.0,Varchi,NumTotal,5.0
35200.0,Varchi,SystemResponseTime_Success,418.9323332955868
35200.0,Varchi,BusyServers,4.0
35200.0,Varchi,TimeQueue,2.1019936793031784
35200.0,Varchi,TimeService,18.821677690698813
35200.0,Varchi,NumQueue,1.0
35200.0,CheckIn,TimeTotal,133.57836996850807
35200.0,CheckIn,NumTotal,9.0
35200.0,CheckIn,SystemResponseTime_Success,418.9323332955868
35200.0,CheckIn,BusyServers,8.0
35200.0,CheckIn,TimeQueue,13.73888791293208
35200.0,CheckIn,TimeService,119.81153037597727
35200.0,CheckIn,NumQueue,1.0
35600.0,Varchi,TimeTotal,20.903583984610794
35600.0,Varchi,NumTotal,1.0
35600.0,Varchi,SystemResponseTime_Success,417.8545076796204
35600.0,Varchi,BusyServers,1.0
35600.0,Varchi,TimeQueue,2.0934632936430155
35600.0,Varchi,TimeService,18.809658761732656
35600.0,Varchi,NumQueue,0.0
35600.0,TraceDetection,TimeTotal,119.11193814029482
35600.0,TraceDetection,NumTotal,4.0
35600.0,TraceDetection,SystemResponseTime_Success,417.8545076796204
35600.0,TraceDetection,BusyServers,1.0
35600.0,TraceDetection,TimeQueue,59.69162534255224
35600.0,TraceDetection,TimeService,60.0176311138094
35600.0,TraceDetection,NumQueue,3.0
35600.0,Recupero,TimeTotal,120.68428126705119
35600.0,Recupero,NumTotal,18.0
35600.0,Recupero,SystemResponseTime_Success,417.8545076796204
35600.0,Recupero,BusyServers,18.0
35600.0,Recupero,TimeQueue,0.0
35600.0,Recupero,TimeService,120.68428126705119
35600.0,Recupero,NumQueue,0.0
35600.0,XRay,TimeTotal,225.1296556426351
35600.0,XRay,NumTotal,7.0
35600.0,XRay,SystemResponseTime_Success,417.8545076796204
35600.0,XRay,BusyServers,6.0
35600.0,XRay,TimeQueue,173.5943476953789
35600.0,XRay,TimeService,51.29443051692901
35600.0,XRay,NumQueue,1.0
35600.0,CheckIn,TimeTotal,133.52061921189247
35600.0,CheckIn,NumTotal,7.0
35600.0,CheckIn,SystemResponseTime_Success,417.8545076796204
35600.0,CheckIn,BusyServers,7.0
35600.0,CheckIn,TimeQueue,13.636000914152962
35600.0,CheckIn,TimeService,119.83072106092445
35600.0,CheckIn,NumQueue,0.0
35600.0,FastTrack,TimeTotal,85.11205770141203
35600.0,FastTrack,NumTotal,2.0
35600.0,FastTrack,SystemResponseTime_Success,417.8545076796204
35600.0,FastTrack,BusyServers,1.0
35600.0,FastTrack,TimeQueue,35.259250794342655
35600.0,FastTrack,TimeService,50.015918191428064
35600.0,FastTrack,NumQueue,1.0
36000.0,FastTrack,TimeTotal,85.51424984693188
36000.0,FastTrack,NumTotal,3.0
36000.0,FastTrack,SystemResponseTime_Success,416.46730466328995
36000.0,FastTrack,BusyServers,1.0
36000.0,FastTrack,TimeQueue,35.394247373330785
36000.0,FastTrack,TimeService,50.07941424757308
36000.0,FastTrack,NumQueue,2.0
36000.0,TraceDetection,TimeTotal,121.78546942907616
36000.0,TraceDetection,NumTotal,2.0
36000.0,TraceDetection,SystemResponseTime_Success,416.46730466328995
36000.0,TraceDetection,BusyServers,1.0
36000.0,TraceDetection,TimeQueue,62.07957987006598
36000.0,TraceDetection,TimeService,60.08901567879078
36000.0,TraceDetection,NumQueue,1.0
36000.0,Recupero,TimeTotal,120.72947177956436
36000.0,Recupero,NumTotal,16.0
36000.0,Recupero,SystemResponseTime_Success,416.46730466328995
36000.0,Recupero,BusyServers,16.0
36000.0,Recupero,TimeQueue,0.0
36000.0,Recupero,TimeService,120.72947177956436
36000.0,Recupero,NumQueue,0.0
36000.0,XRay,TimeTotal,223.389321158929
36000.0,XRay,NumTotal,6.0
36000.0,XRay,SystemResponseTime_Success,416.46730466328995
36000.0,XRay,BusyServers,6.0
36000.0,XRay,TimeQueue,171.85943053093612
36000.0,XRay,TimeService,51.29010041898677
36000.0,XRay,NumQueue,0.0
36000.0,Varchi,TimeTotal,20.898277509063938
36000.0,Varchi,NumTotal,2.0
36000.0,Varchi,SystemResponseTime_Success,416.46730466328995
36000.0,Varchi,BusyServers,2.0
36000.0,Varchi,TimeQueue,2.089304136639583
36000.0,Varchi,TimeService,18.808061410775917
36000.0,Varchi,NumQueue,0.0
36000.0,CheckIn,TimeTotal,133.397647347872
36000.0,CheckIn,NumTotal,7.0
36000.0,CheckIn,SystemResponseTime_Success,416.46730466328995
36000.0,CheckIn,BusyServers,7.0
36000.0,CheckIn,TimeQueue,13.529469657011143
36000.0,CheckIn,TimeService,119.81512094710764
36000.0,CheckIn,NumQueue,0.0
36400.0,TraceDetection,TimeTotal,123.07133237320055
36400.0,TraceDetection,NumTotal,3.0
36400.0,TraceDetection,SystemResponseTime_Success,414.65629681152336
36400.0,TraceDetection,BusyServers,1.0
36400.0,TraceDetection,TimeQueue,63.11054620836119
36400.0,TraceDetection,TimeService,60.203300399700396
36400.0,TraceDetection,NumQueue,2.0
36400.0,Recupero,TimeTotal,120.63395898059541
36400.0,Recupero,NumTotal,14.0
36400.0,Recupero,SystemResponseTime_Success,414.65629681152336
36400.0,Recupero,BusyServers,14.0
36400.0,Recupero,TimeQueue,0.0
36400.0,Recupero,TimeService,120.63395898059541
36400.0,Recupero,NumQueue,0.0
36400.0,FastTrack,TimeTotal,85.44397915377044
36400.0,FastTrack,NumTotal,1.0
36400.0,FastTrack,SystemResponseTime_Success,414.65629681152336
36400.0,FastTrack,BusyServers,1.0
36400.0,FastTrack,TimeQueue,35.3248870722219
36400.0,FastTrack,TimeService,50.04006548854582
36400.0,FastTrack,NumQueue,0.0
36400.0,Varchi,TimeTotal,20.87878368190124
36400.0,Varchi,NumTotal,3.0
36400.0,Varchi,SystemResponseTime_Success,414.65629681152336
36400.0,Varchi,BusyServers,3.0
36400.0,Varchi,TimeQueue,2.0787596156153754
36400.0,Varchi,TimeService,18.798677719384603
36400.0,Varchi,NumQueue,0.0
36400.0,CheckIn,TimeTotal,133.2762654902018
36400.0,CheckIn,NumTotal,2.0
36400.0,CheckIn,SystemResponseTime_Success,414.65629681152336
36400.0,CheckIn,BusyServers,2.0
36400.0,CheckIn,TimeQueue,13.44560214927806
36400.0,CheckIn,TimeService,119.8157486408134
36400.0,CheckIn,NumQueue,0.0
36400.0,XRay,TimeTotal,221.64767183552314
36400.0,XRay,NumTotal,6.0
36400.0,XRay,SystemResponseTime_Success,414.65629681152336
36400.0,XRay,BusyServers,6.0
36400.0,XRay,TimeQueue,170.12674045533456
36400.0,XRay,TimeService,51.29039505100734
36400.0,XRay,NumQueue,0.0
36800.0,TraceDetection,TimeTotal,124.24768534516183
36800.0,TraceDetection,NumTotal,0.0
36800.0,TraceDetection,SystemResponseTime_Success,413.09246715521596
36800.0,TraceDetection,BusyServers,0.0
36800.0,TraceDetection,TimeQueue,63.999240587896466
36800.0,TraceDetection,TimeService,60.2484447572653
36800.0,TraceDetection,NumQueue,0.0
36800.0,CheckIn,TimeTotal,133.14788935995006
36800.0,CheckIn,NumTotal,7.0
36800.0,CheckIn,SystemResponseTime_Success,413.09246715521596
36800.0,CheckIn,BusyServers,7.0
36800.0,CheckIn,TimeQueue,13.290970361142879
36800.0,CheckIn,TimeService,119.80577177916538
36800.0,CheckIn,NumQueue,0.0
36800.0,Recupero,TimeTotal,120.57176042021008
36800.0,Recupero,NumTotal,13.0
36800.0,Recupero,SystemResponseTime_Success,413.09246715521596
36800.0,Recupero,BusyServers,13.0
36800.0,Recupero,TimeQueue,0.0
36800.0,Recupero,TimeService,120.57176042021008
36800.0,Recupero,NumQueue,0.0
36800.0,XRay,TimeTotal,220.17322008921843
36800.0,XRay,NumTotal,10.0
36800.0,XRay,SystemResponseTime_Success,413.09246715521596
36800.0,XRay,BusyServers,6.0
36800.0,XRay,TimeQueue,168.67018920393647
36800.0,XRay,TimeService,51.27543443417354
36800.0,XRay,NumQueue,4.0
36800.0,FastTrack,TimeTotal,85.02959555478601
36800.0,FastTrack,NumTotal,1.0
36800.0,FastTrack,SystemResponseTime_Success,413.09246715521596
36800.0,FastTrack,BusyServers,1.0
36800.0,FastTrack,TimeQueue,34.95430665261135
36800.0,FastTrack,TimeService,50.0678140948752
36800.0,FastTrack,NumQueue,0.0
36800.0,Varchi,TimeTotal,20.86083594940865
36800.0,Varchi,NumTotal,5.0
36800.0,Varchi,SystemResponseTime_Success,413.09246715521596
36800.0,Varchi,BusyServers,4.0
36800.0,Varchi,TimeQueue,2.0680862290901856
36800.0,Varchi,TimeService,18.793445361401826
36800.0,Varchi,NumQueue,1.0
37200.0,Varchi,TimeTotal,20.88422849943209
37200.0,Varchi,NumTotal,2.0
37200.0,Varchi,SystemResponseTime_Success,411.64228212325514
37200.0,Varchi,BusyServers,2.0
37200.0,Varchi,TimeQueue,2.0914606653103993
37200.0,Varchi,TimeService,18.791884056109772
37200.0,Varchi,NumQueue,0.0
37200.0,FastTrack,TimeTotal,84.66241436198106
37200.0,FastTrack,NumTotal,0.0
37200.0,FastTrack,SystemResponseTime_Success,411.64228212325514
37200.0,FastTrack,BusyServers,0.0
37200.0,FastTrack,TimeQueue,34.6568229713402
37200.0,FastTrack,TimeService,50.00559139064088
37200.0,FastTrack,NumQueue,0.0
37200.0,TraceDetection,TimeTotal,123.67816338812214
37200.0,TraceDetection,NumTotal,1.0
37200.0,TraceDetection,SystemResponseTime_Success,411.64228212325514
37200.0,TraceDetection,BusyServers,1.0
37200.0,TraceDetection,TimeQueue,63.49213085642705
37200.0,TraceDetection,TimeService,60.05094289157497
37200.0,TraceDetection,NumQueue,0.0
37200.0,CheckIn,TimeTotal,133.01090896569463
37200.0,CheckIn,NumTotal,6.0
37200.0,CheckIn,SystemResponseTime_Success,411.64228212325514
37200.0,CheckIn,BusyServers,6.0
37200.0,CheckIn,TimeQueue,13.18298659909138
37200.0,CheckIn,TimeService,119.78481723330898
37200.0,CheckIn,NumQueue,0.0
37200.0,XRay,TimeTotal,219.05239292633306
37200.0,XRay,NumTotal,13.0
37200.0,XRay,SystemResponseTime_Success,411.64228212325514
37200.0,XRay,BusyServers,6.0
37200.0,XRay,TimeQueue,167.6794412318688
37200.0,XRay,TimeService,51.30038496900254
37200.0,XRay,NumQueue,7.0
37200.0,Recupero,TimeTotal,120.58192047794958
37200.0,Recupero,NumTotal,15.0
37200.0,Recupero,SystemResponseTime_Success,411.64228212325514
37200.0,Recupero,BusyServers,15.0
37200.0,Recupero,TimeQueue,0.0
37200.0,Recupero,TimeService,120.58192047794958
37200.0,Recupero,NumQueue,0.0
37600.0,Recupero,TimeTotal,120.66706688923423
37600.0,Recupero,NumTotal,14.0
37600.0,Recupero,SystemResponseTime_Success,410.7112636980313
37600.0,Recupero,BusyServers,14.0
37600.0,Recupero,TimeQueue,0.0
37600.0,Recupero,TimeService,120.66706688923423
37600.0,Recupero,NumQueue,0.0
37600.0,Varchi,TimeTotal,20.848910379116962
37600.0,Varchi,NumTotal,3.0
37600.0,Varchi,SystemResponseTime_Success,410.7112636980313
37600.0,Varchi,BusyServers,3.0
37600.0,Varchi,TimeQueue,2.0797455220049508
37600.0,Varchi,TimeService,18.769866970985913
37600.0,Varchi,NumQueue,0.0
37600.0,CheckIn,TimeTotal,132.82668591034914
37600.0,CheckIn,NumTotal,1.0
37600.0,CheckIn,SystemResponseTime_Success,410.7112636980313
37600.0,CheckIn,BusyServers,1.0
37600.0,CheckIn,TimeQueue,13.069401361834805
37600.0,CheckIn,TimeService,119.7502428451942
37600.0,CheckIn,NumQueue,0.0
37600.0,FastTrack,TimeTotal,84.80558218247333
37600.0,FastTrack,NumTotal,4.0
37600.0,FastTrack,SystemResponseTime_Success,410.7112636980313
37600.0,FastTrack,BusyServers,1.0
37600.0,FastTrack,TimeQueue,35.054869295983316
37600.0,FastTrack,TimeService,50.03200302346122
37600.0,FastTrack,NumQueue,3.0
37600.0,XRay,TimeTotal,218.0319851561079
37600.0,XRay,NumTotal,7.0
37600.0,XRay,SystemResponseTime_Success,410.7112636980313
37600.0,XRay,BusyServers,6.0
37600.0,XRay,TimeQueue,166.51816217977716
37600.0,XRay,TimeService,51.29229859483244
37600.0,XRay,NumQueue,1.0
37600.0,TraceDetection,TimeTotal,123.49129064592991
37600.0,TraceDetection,NumTotal,1.0
37600.0,TraceDetection,SystemResponseTime_Success,410.7112636980313
37600.0,TraceDetection,BusyServers,1.0
37600.0,TraceDetection,TimeQueue,63.190988248364555
37600.0,TraceDetection,TimeService,60.16754822057292
37600.0,TraceDetection,NumQueue,0.0
38000.0,Varchi,TimeTotal,20.85494393886953
38000.0,Varchi,NumTotal,4.0
38000.0,Varchi,SystemResponseTime_Success,409.46274696665307
38000.0,Varchi,BusyServers,4.0
38000.0,Varchi,TimeQueue,2.090873488878278
38000.0,Varchi,TimeService,18.7733671901612
38000.0,Varchi,NumQueue,0.0
38000.0,XRay,TimeTotal,216.4838325796623
38000.0,XRay,NumTotal,12.0
38000.0,XRay,SystemResponseTime_Success,409.46274696665307
38000.0,XRay,BusyServers,6.0
38000.0,XRay,TimeQueue,165.00292249732533
38000.0,XRay,TimeService,51.31038193553376
38000.0,XRay,NumQueue,6.0
38000.0,TraceDetection,TimeTotal,123.51907214301941
38000.0,TraceDetection,NumTotal,3.0
38000.0,TraceDetection,SystemResponseTime_Success,409.46274696665307
38000.0,TraceDetection,BusyServers,1.0
38000.0,TraceDetection,TimeQueue,63.66638124897361
38000.0,TraceDetection,TimeService,60.14713957798323
38000.0,TraceDetection,NumQueue,2.0
38000.0,FastTrack,TimeTotal,86.87349513477854
38000.0,FastTrack,NumTotal,1.0
38000.0,FastTrack,SystemResponseTime_Success,409.46274696665307
38000.0,FastTrack,BusyServers,1.0
38000.0,FastTrack,TimeQueue,36.94436861024958
38000.0,FastTrack,TimeService,50.09085248532622
38000.0,FastTrack,NumQueue,0.0
38000.0,Recupero,TimeTotal,120.65543148200189
38000.0,Recupero,NumTotal,16.0
38000.0,Recupero,SystemResponseTime_Success,409.46274696665307
38000.0,Recupero,BusyServers,16.0
38000.0,Recupero,TimeQueue,0.0
38000.0,Recupero,TimeService,120.65543148200189
38000.0,Recupero,NumQueue,0.0
38000.0,CheckIn,TimeTotal,132.72854291479536
38000.0,CheckIn,NumTotal,7.0
38000.0,CheckIn,SystemResponseTime_Success,409.46274696665307
38000.0,CheckIn,BusyServers,7.0
38000.0,CheckIn,TimeQueue,13.085182304106047
38000.0,CheckIn,TimeService,119.64074302431604
38000.0,CheckIn,NumQueue,0.0
38400.0,XRay,TimeTotal,215.52577252717134
38400.0,XRay,NumTotal,27.0
38400.0,XRay,SystemResponseTime_Success,408.5431177304015
38400.0,XRay,BusyServers,6.0
38400.0,XRay,TimeQueue,164.20238064806065
38400.0,XRay,TimeService,51.29789651557943
38400.0,XRay,NumQueue,21.0
38400.0,CheckIn,TimeTotal,132.5437656335642
38400.0,CheckIn,NumTotal,4.0
38400.0,CheckIn,SystemResponseTime_Success,408.5431177304015
38400.0,CheckIn,BusyServers,4.0
38400.0,CheckIn,TimeQueue,12.978491456798544
38400.0,CheckIn,TimeService,119.53787894413892
38400.0,CheckIn,NumQueue,0.0
38400.0,Varchi,TimeTotal,20.942224150542824
38400.0,Varchi,NumTotal,3.0
38400.0,Varchi,SystemResponseTime_Success,408.5431177304015
38400.0,Varchi,BusyServers,3.0
38400.0,Varchi,TimeQueue,2.1725492882881126
38400.0,Varchi,TimeService,18.768344730037413
38400.0,Varchi,NumQueue,0.0
38400.0,TraceDetection,TimeTotal,124.11209131455433
38400.0,TraceDetection,NumTotal,3.0
38400.0,TraceDetection,SystemResponseTime_Success,408.5431177304015
38400.0,TraceDetection,BusyServers,1.0
38400.0,TraceDetection,TimeQueue,63.86907457819932
38400.0,TraceDetection,TimeService,60.211488903229636
38400.0,TraceDetection,NumQueue,2.0
38400.0,FastTrack,TimeTotal,87.03932152941361
38400.0,FastTrack,NumTotal,1.0
38400.0,FastTrack,SystemResponseTime_Success,408.5431177304015
38400.0,FastTrack,BusyServers,1.0
38400.0,FastTrack,TimeQueue,36.86659099212274
38400.0,FastTrack,TimeService,50.094952919164044
38400.0,FastTrack,NumQueue,0.0
38400.0,Recupero,TimeTotal,120.61485213593167
38400.0,Recupero,NumTotal,12.0
38400.0,Recupero,SystemResponseTime_Success,408.5431177304015
38400.0,Recupero,BusyServers,12.0
38400.0,Recupero,TimeQueue,0.0
38400.0,Recupero,TimeService,120.61485213593167
38400.0,Recupero,NumQueue,0.0
38800.0,Recupero,TimeTotal,120.60572448151706
38800.0,Recupero,NumTotal,18.0
38800.0,Recupero,SystemResponseTime_Success,408.2857607459794
38800.0,Recupero,BusyServers,18.0
38800.0,Recupero,TimeQueue,0.0
38800.0,Recupero,TimeService,120.60572448151706
38800.0,Recupero,NumQueue,0.0
38800.0,Varchi,TimeTotal,20.91177643981564
38800.0,Varchi,NumTotal,1.0
38800.0,Varchi,SystemResponseTime_Success,408.2857607459794
38800.0,Varchi,BusyServers,1.0
38800.0,Varchi,TimeQueue,2.1561367466134524
38800.0,Varchi,TimeService,18.755204812858
38800.0,Varchi,NumQueue,0.0
38800.0,CheckIn,TimeTotal,132.3745753327792
38800.0,CheckIn,NumTotal,5.0
38800.0,CheckIn,SystemResponseTime_Success,408.2857607459794
38800.0,CheckIn,BusyServers,5.0
38800.0,CheckIn,TimeQueue,12.896999053274882
38800.0,CheckIn,TimeService,119.49779619147256
38800.0,CheckIn,NumQueue,0.0
38800.0,XRay,TimeTotal,215.6267915219516
38800.0,XRay,NumTotal,29.0
38800.0,XRay,SystemResponseTime_Success,408.2857607459794
38800.0,XRay,BusyServers,6.0
38800.0,XRay,TimeQueue,164.3257300247374
38800.0,XRay,TimeService,51.29941474769973
38800.0,XRay,NumQueue,23.0
38800.0,TraceDetection,TimeTotal,124.70333574177133
38800.0,TraceDetection,NumTotal,1.0
38800.0,TraceDetection,SystemResponseTime_Success,408.2857607459794
38800.0,TraceDetection,BusyServers,1.0
38800.0,TraceDetection,TimeQueue,64.57578775531587
38800.0,TraceDetection,TimeService,60.25707447327841
38800.0,TraceDetection,NumQueue,0.0
38800.0,FastTrack,TimeTotal,87.08696690950514
38800.0,FastTrack,NumTotal,1.0
38800.0,FastTrack,SystemResponseTime_Success,408.2857607459794
38800.0,FastTrack,BusyServers,1.0
38800.0,FastTrack,TimeQueue,36.94516033818206
38800.0,FastTrack,TimeService,50.0651568610779
38800.0,FastTrack,NumQueue,0.0
39200.0,Recupero,TimeTotal,120.6415727149922
39200.0,Recupero,NumTotal,12.0
39200.0,Recupero,SystemResponseTime_Success,408.3837511579327
39200.0,Recupero,BusyServers,12.0
39200.0,Recupero,TimeQueue,0.0
39200.0,Recupero,TimeService,120.6415727149922
39200.0,Recupero,NumQueue,0.0
39200.0,FastTrack,TimeTotal,86.91366974945015
39200.0,FastTrack,NumTotal,2.0
39200.0,FastTrack,SystemResponseTime_Success,408.3837511579327
39200.0,FastTrack,BusyServers,1.0
39200.0,FastTrack,TimeQueue,36.79280916152977
39200.0,FastTrack,TimeService,50.04484238717343
39200.0,FastTrack,NumQueue,1.0
39200.0,Varchi,TimeTotal,20.905755847652262
39200.0,Varchi,NumTotal,5.0
39200.0,Varchi,SystemResponseTime_Success,408.3837511579327
39200.0,Varchi,BusyServers,4.0
39200.0,Varchi,TimeQueue,2.150240299828052
39200.0,Varchi,TimeService,18.75379878910181
39200.0,Varchi,NumQueue,1.0
39200.0,CheckIn,TimeTotal,132.40385436323933
39200.0,CheckIn,NumTotal,4.0
39200.0,CheckIn,SystemResponseTime_Success,408.3837511579327
39200.0,CheckIn,BusyServers,4.0
39200.0,CheckIn,TimeQueue,12.794065223928238
39200.0,CheckIn,TimeService,119.58700237813582
39200.0,CheckIn,NumQueue,0.0
39200.0,TraceDetection,TimeTotal,124.17277798771984
39200.0,TraceDetection,NumTotal,0.0
39200.0,TraceDetection,SystemResponseTime_Success,408.3837511579327
39200.0,TraceDetection,BusyServers,0.0
39200.0,TraceDetection,TimeQueue,64.00439504959338
39200.0,TraceDetection,TimeService,60.168382938126385
39200.0,TraceDetection,NumQueue,0.0
39200.0,XRay,TimeTotal,215.9117679654458
39200.0,XRay,NumTotal,31.0
39200.0,XRay,SystemResponseTime_Success,408.3837511579327
39200.0,XRay,BusyServers,6.0
39200.0,XRay,TimeQueue,164.67469820714652
39200.0,XRay,TimeService,51.29400892770616
39200.0,XRay,NumQueue,25.0
39600.0,FastTrack,TimeTotal,87.22592857156202
39600.0,FastTrack,NumTotal,2.0
39600.0,FastTrack,SystemResponseTime_Success,408.6743346555055
39600.0,FastTrack,BusyServers,1.0
39600.0,FastTrack,TimeQueue,37.226038017427825
39600.0,FastTrack,TimeService,50.09212083812674
39600.0,FastTrack,NumQueue,1.0
39600.0,CheckIn,TimeTotal,132.25679831201842
39600.0,CheckIn,NumTotal,4.0
39600.0,CheckIn,SystemResponseTime_Success,408.6743346555055
39600.0,CheckIn,BusyServers,4.0
39600.0,CheckIn,TimeQueue,12.702163267471082
39600.0,CheckIn,TimeService,119.52851234374
39600.0,CheckIn,NumQueue,0.0
39600.0,Varchi,TimeTotal,20.903739610933428
39600.0,Varchi,NumTotal,1.0
39600.0,Varchi,SystemResponseTime_Success,408.6743346555055
39600.0,Varchi,BusyServers,1.0
39600.0,Varchi,TimeQueue,2.1495296665025623
39600.0,Varchi,TimeService,18.753785052225606
39600.0,Varchi,NumQueue,0.0
39600.0,XRay,TimeTotal,216.41725881588422
39600.0,XRay,NumTotal,25.0
39600.0,XRay,SystemResponseTime_Success,408.6743346555055
39600.0,XRay,BusyServers,6.0
39600.0,XRay,TimeQueue,165.20496883109834
39600.0,XRay,TimeService,51.283452041425875
39600.0,XRay,NumQueue,19.0
39600.0,TraceDetection,TimeTotal,124.043864468693
39600.0,TraceDetection,NumTotal,4.0
39600.0,TraceDetection,SystemResponseTime_Success,408.6743346555055
39600.0,TraceDetection,BusyServers,1.0
39600.0,TraceDetection,TimeQueue,64.12531298721159
39600.0,TraceDetection,TimeService,60.17856396477323
39600.0,TraceDetection,NumQueue,3.0
39600.0,Recupero,TimeTotal,120.66126939968478
39600.0,Recupero,NumTotal,15.0
39600.0,Recupero,SystemResponseTime_Success,408.6743346555055
39600.0,Recupero,BusyServers,15.0
39600.0,Recupero,TimeQueue,0.0
39600.0,Recupero,TimeService,120.66126939968478
39600.0,Recupero,NumQueue,0.0
40000.0,XRay,TimeTotal,216.37940460207489
40000.0,XRay,NumTotal,18.0
40000.0,XRay,SystemResponseTime_Success,409.0339915055674
40000.0,XRay,BusyServers,6.0
40000.0,XRay,TimeQueue,165.03306420847338
40000.0,XRay,TimeService,51.28729817942049
40000.0,XRay,NumQueue,12.0
40000.0,TraceDetection,TimeTotal,125.34033765762717
40000.0,TraceDetection,NumTotal,1.0
40000.0,TraceDetection,SystemResponseTime_Success,409.0339915055674
40000.0,TraceDetection,BusyServers,1.0
40000.0,TraceDetection,TimeQueue,65.08773761935458
40000.0,TraceDetection,TimeService,60.12572335675332
40000.0,TraceDetection,NumQueue,0.0
40000.0,Recupero,TimeTotal,120.66576038352049
40000.0,Recupero,NumTotal,19.0
40000.0,Recupero,SystemResponseTime_Success,409.0339915055674
40000.0,Recupero,BusyServers,19.0
40000.0,Recupero,TimeQueue,0.0
40000.0,Recupero,TimeService,120.66576038352049
40000.0,Recupero,NumQueue,0.0
40000.0,FastTrack,TimeTotal,87.03413022141036
40000.0,FastTrack,NumTotal,0.0
40000.0,FastTrack,SystemResponseTime_Success,409.0339915055674
40000.0,FastTrack,BusyServers,0.0
40000.0,FastTrack,TimeQueue,36.9469786333133
40000.0,FastTrack,TimeService,50.087151588097086
40000.0,FastTrack,NumQueue,0.0
40000.0,CheckIn,TimeTotal,132.20713778794885
40000.0,CheckIn,NumTotal,6.0
40000.0,CheckIn,SystemResponseTime_Success,409.0339915055674
40000.0,CheckIn,BusyServers,6.0
40000.0,CheckIn,TimeQueue,12.592327674619094
40000.0,CheckIn,TimeService,119.57626217146847
40000.0,CheckIn,NumQueue,0.0
40000.0,Varchi,TimeTotal,20.91470722619709
40000.0,Varchi,NumTotal,4.0
40000.0,Varchi,SystemResponseTime_Success,409.0339915055674
40000.0,Varchi,BusyServers,4.0
40000.0,Varchi,TimeQueue,2.139308528955471
40000.0,Varchi,TimeService,18.774322802161485
40000.0,Varchi,NumQueue,0.0
40400.0,Varchi,TimeTotal,20.910518791276704
40400.0,Varchi,NumTotal,2.0
40400.0,Varchi,SystemResponseTime_Success,408.4157099688323
40400.0,Varchi,BusyServers,2.0
40400.0,Varchi,TimeQueue,2.1393729093615006
40400.0,Varchi,TimeService,18.770316988885632
40400.0,Varchi,NumQueue,0.0
40400.0,CheckIn,TimeTotal,132.26382439884418
40400.0,CheckIn,NumTotal,10.0
40400.0,CheckIn,SystemResponseTime_Success,408.4157099688323
40400.0,CheckIn,BusyServers,8.0
40400.0,CheckIn,TimeQueue,12.698191471957603
40400.0,CheckIn,TimeService,119.6487985806932
40400.0,CheckIn,NumQueue,2.0
40400.0,XRay,TimeTotal,215.9565152415377
40400.0,XRay,NumTotal,30.0
40400.0,XRay,SystemResponseTime_Success,408.4157099688323
40400.0,XRay,BusyServers,6.0
40400.0,XRay,TimeQueue,164.62942713771477
40400.0,XRay,TimeService,51.30448110550208
40400.0,XRay,NumQueue,24.0
40400.0,TraceDetection,TimeTotal,125.25286476997414
40400.0,TraceDetection,NumTotal,2.0
40400.0,TraceDetection,SystemResponseTime_Success,408.4157099688323
40400.0,TraceDetection,BusyServers,1.0
40400.0,TraceDetection,TimeQueue,65.22665885520414
40400.0,TraceDetection,TimeService,60.18523725427322
40400.0,TraceDetection,NumQueue,1.0
40400.0,FastTrack,TimeTotal,86.85255439367658
40400.0,FastTrack,NumTotal,1.0
40400.0,FastTrack,SystemResponseTime_Success,408.4157099688323
40400.0,FastTrack,BusyServers,1.0
40400.0,FastTrack,TimeQueue,36.72529676151342
40400.0,FastTrack,TimeService,50.05365984306196
40400.0,FastTrack,NumQueue,0.0
40400.0,Recupero,TimeTotal,120.6049726882685
40400.0,Recupero,NumTotal,14.0
40400.0,Recupero,SystemResponseTime_Success,408.4157099688323
40400.0,Recupero,BusyServers,14.0
40400.0,Recupero,TimeQueue,0.0
40400.0,Recupero,TimeService,120.6049726882685
40400.0,Recupero,NumQueue,0.0
40800.0,TraceDetection,TimeTotal,125.62622412725476
40800.0,TraceDetection,NumTotal,0.0
40800.0,TraceDetection,SystemResponseTime_Success,408.3598484499106
40800.0,TraceDetection,BusyServers,0.0
40800.0,TraceDetection,TimeQueue,65.46984753503419
40800.0,TraceDetection,TimeService,60.15637659222052
40800.0,TraceDetection,NumQueue,0.0
40800.0,Varchi,TimeTotal,20.894478341817408
40800.0,Varchi,NumTotal,1.0
40800.0,Varchi,SystemResponseTime_Success,408.3598484499106
40800.0,Varchi,BusyServers,1.0
40800.0,Varchi,TimeQueue,2.1250528635990165
40800.0,Varchi,TimeService,18.76901744195427
40800.0,Varchi,NumQueue,0.0
40800.0,FastTrack,TimeTotal,87.34620685904757
40800.0,FastTrack,NumTotal,1.0
40800.0,FastTrack,SystemResponseTime_Success,408.3598484499106
40800.0,FastTrack,BusyServers,1.0
40800.0,FastTrack,TimeQueue,37.13459547666859
40800.0,FastTrack,TimeService,50.140680023557906
40800.0,FastTrack,NumQueue,0.0
40800.0,XRay,TimeTotal,216.21385731862267
40800.0,XRay,NumTotal,24.0
40800.0,XRay,SystemResponseTime_Success,408.3598484499106
40800.0,XRay,BusyServers,6.0
40800.0,XRay,TimeQueue,164.9911091610022
40800.0,XRay,TimeService,51.31622210526153
40800.0,XRay,NumQueue,18.0
40800.0,CheckIn,TimeTotal,132.22834192313076
40800.0,CheckIn,NumTotal,4.0
40800.0,CheckIn,SystemResponseTime_Success,408.3598484499106
40800.0,CheckIn,BusyServers,4.0
40800.0,CheckIn,TimeQueue,12.636606747642237
40800.0,CheckIn,TimeService,119.56646196199301
40800.0,CheckIn,NumQueue,0.0
40800.0,Recupero,TimeTotal,120.58115488418886
40800.0,Recupero,NumTotal,17.0
40800.0,Recupero,SystemResponseTime_Success,408.3598484499106
40800.0,Recupero,BusyServers,17.0
40800.0,Recupero,TimeQueue,0.0
40800.0,Recupero,TimeService,120.58115488418886
40800.0,Recupero,NumQueue,0.0
41200.0,FastTrack,TimeTotal,87.24417455278456
41200.0,FastTrack,NumTotal,2.0
41200.0,FastTrack,SystemResponseTime_Success,408.683809611397
41200.0,FastTrack,BusyServers,1.0
41200.0,FastTrack,TimeQueue,37.03923728262865
41200.0,FastTrack,TimeService,50.17985828918776
41200.0,FastTrack,NumQueue,1.0
41200.0,Varchi,TimeTotal,20.874349657820588
41200.0,Varchi,NumTotal,1.0
41200.0,Varchi,SystemResponseTime_Success,408.683809611397
41200.0,Varchi,BusyServers,1.0
41200.0,Varchi,TimeQueue,2.1151643444284045
41200.0,Varchi,TimeService,18.75878319089325
41200.0,Varchi,NumQueue,0.0
41200.0,TraceDetection,TimeTotal,125.41741664482639
41200.0,TraceDetection,NumTotal,1.0
41200.0,TraceDetection,SystemResponseTime_Success,408.683809611397
41200.0,TraceDetection,BusyServers,1.0
41200.0,TraceDetection,TimeQueue,65.20028017958282
41200.0,TraceDetection,TimeService,60.196031529279935
41200.0,TraceDetection,NumQueue,0.0
41200.0,XRay,TimeTotal,216.3051157066332
41200.0,XRay,NumTotal,22.0
41200.0,XRay,SystemResponseTime_Success,408.683809611397
41200.0,XRay,BusyServers,6.0
41200.0,XRay,TimeQueue,164.99279769350187
41200.0,XRay,TimeService,51.3056952123477
41200.0,XRay,NumQueue,16.0
41200.0,Recupero,TimeTotal,120.61243330176188
41200.0,Recupero,NumTotal,16.0
41200.0,Recupero,SystemResponseTime_Success,408.683809611397
41200.0,Recupero,BusyServers,16.0
41200.0,Recupero,TimeQueue,0.0
41200.0,Recupero,TimeService,120.61243330176188
41200.0,Recupero,NumQueue,0.0
41200.0,CheckIn,TimeTotal,132.16267220354428
41200.0,CheckIn,NumTotal,4.0
41200.0,CheckIn,SystemResponseTime_Success,408.683809611397
41200.0,CheckIn,BusyServers,4.0
41200.0,CheckIn,TimeQueue,12.575493296418768
41200.0,CheckIn,TimeService,119.57738530039346
41200.0,CheckIn,NumQueue,0.0
41600.0,TraceDetection,TimeTotal,125.19543161196036
41600.0,TraceDetection,NumTotal,1.0
41600.0,TraceDetection,SystemResponseTime_Success,408.34610000624104
41600.0,TraceDetection,BusyServers,1.0
41600.0,TraceDetection,TimeQueue,64.91937360289988
41600.0,TraceDetection,TimeService,60.24119022550794
41600.0,TraceDetection,NumQueue,0.0
41600.0,FastTrack,TimeTotal,87.13416070577165
41600.0,FastTrack,NumTotal,2.0
41600.0,FastTrack,SystemResponseTime_Success,408.34610000624104
41600.0,FastTrack,BusyServers,1.0
41600.0,FastTrack,TimeQueue,36.89438970396434
41600.0,FastTrack,TimeService,50.16785211349549
41600.0,FastTrack,NumQueue,1.0
41600.0,CheckIn,TimeTotal,132.07763947420332
41600.0,CheckIn,NumTotal,2.0
41600.0,CheckIn,SystemResponseTime_Success,408.34610000624104
41600.0,CheckIn,BusyServers,2.0
41600.0,CheckIn,TimeQueue,12.476925879442707
41600.0,CheckIn,TimeService,119.59310150286113
41600.0,CheckIn,NumQueue,0.0
41600.0,XRay,TimeTotal,215.9732411369299
41600.0,XRay,NumTotal,14.0
41600.0,XRay,SystemResponseTime_Success,408.34610000624104
41600.0,XRay,BusyServers,6.0
41600.0,XRay,TimeQueue,164.49102107467522
41600.0,XRay,TimeService,51.316219680018676
41600.0,XRay,NumQueue,8.0
41600.0,Recupero,TimeTotal,120.56970154847336
41600.0,Recupero,NumTotal,13.0
41600.0,Recupero,SystemResponseTime_Success,408.34610000624104
41600.0,Recupero,BusyServers,13.0
41600.0,Recupero,TimeQueue,0.0
41600.0,Recupero,TimeService,120.56970154847336
41600.0,Recupero,NumQueue,0.0
41600.0,Varchi,TimeTotal,20.870320874252155
41600.0,Varchi,NumTotal,3.0
41600.0,Varchi,SystemResponseTime_Success,408.34610000624104
41600.0,Varchi,BusyServers,3.0
41600.0,Varchi,TimeQueue,2.1131003056578552
41600.0,Varchi,TimeService,18.762235433171487
41600.0,Varchi,NumQueue,0.0
42000.0,CheckIn,TimeTotal,132.09415348851567
42000.0,CheckIn,NumTotal,10.0
42000.0,CheckIn,SystemResponseTime_Success,407.44671167408046
42000.0,CheckIn,BusyServers,8.0
42000.0,CheckIn,TimeQueue,12.4106850985703
42000.0,CheckIn,TimeService,119.63515428737148
42000.0,CheckIn,NumQueue,2.0
42000.0,Varchi,TimeTotal,20.878750996037557
42000.0,Varchi,NumTotal,0.0
42000.0,Varchi,SystemResponseTime_Success,407.44671167408046
42000.0,Varchi,BusyServers,0.0
42000.0,Varchi,TimeQueue,2.1177571608039716
42000.0,Varchi,TimeService,18.7609938352336
42000.0,Varchi,NumQueue,0.0
42000.0,XRay,TimeTotal,214.73276736350135
42000.0,XRay,NumTotal,11.0
42000.0,XRay,SystemResponseTime_Success,407.44671167408046
42000.0,XRay,BusyServers,6.0
42000.0,XRay,TimeQueue,163.2499873181421
42000.0,XRay,TimeService,51.32741535783053
42000.0,XRay,NumQueue,5.0
42000.0,FastTrack,TimeTotal,86.76086554885828
42000.0,FastTrack,NumTotal,0.0
42000.0,FastTrack,SystemResponseTime_Success,407.44671167408046
42000.0,FastTrack,BusyServers,0.0
42000.0,FastTrack,TimeQueue,36.66075797568256
42000.0,FastTrack,TimeService,50.100107573175734
42000.0,FastTrack,NumQueue,0.0
42000.0,TraceDetection,TimeTotal,124.97884519182111
42000.0,TraceDetection,NumTotal,0.0
42000.0,TraceDetection,SystemResponseTime_Success,407.44671167408046
42000.0,TraceDetection,BusyServers,0.0
42000.0,TraceDetection,TimeQueue,64.73577805637001
42000.0,TraceDetection,TimeService,60.24306713545102
42000.0,TraceDetection,NumQueue,0.0
42000.0,Recupero,TimeTotal,120.54056887696422
42000.0,Recupero,NumTotal,16.0
42000.0,Recupero,SystemResponseTime_Success,407.44671167408046
42000.0,Recupero,BusyServers,16.0
42000.0,Recupero,TimeQueue,0.0
42000.0,Recupero,TimeService,120.54056887696422
42000.0,Recupero,NumQueue,0.0
42400.0,Recupero,TimeTotal,120.51185982041982
42400.0,Recupero,NumTotal,21.0
42400.0,Recupero,SystemResponseTime_Success,406.26864778998413
42400.0,Recupero,BusyServers,21.0
42400.0,Recupero,TimeQueue,0.0
42400.0,Recupero,TimeService,120.51185982041982
42400.0,Recupero,NumQueue,0.0
42400.0,Varchi,TimeTotal,20.879374367001052
42400.0,Varchi,NumTotal,7.0
42400.0,Varchi,SystemResponseTime_Success,406.26864778998413
42400.0,Varchi,BusyServers,4.0
42400.0,Varchi,TimeQueue,2.115646506880389
42400.0,Varchi,TimeService,18.763418439199732
42400.0,Varchi,NumQueue,3.0
42400.0,CheckIn,TimeTotal,132.2119786329497
42400.0,CheckIn,NumTotal,12.0
42400.0,CheckIn,SystemResponseTime_Success,406.26864778998413
42400.0,CheckIn,BusyServers,8.0
42400.0,CheckIn,TimeQueue,12.726197290680252
42400.0,CheckIn,TimeService,119.61579898853977
42400.0,CheckIn,NumQueue,4.0
42400.0,XRay,TimeTotal,213.38845393029598
42400.0,XRay,NumTotal,5.0
42400.0,XRay,SystemResponseTime_Success,406.26864778998413
42400.0,XRay,BusyServers,5.0
42400.0,XRay,TimeQueue,161.9473499309026
42400.0,XRay,TimeService,51.29865096801935
42400.0,XRay,NumQueue,0.0
42400.0,TraceDetection,TimeTotal,125.07463828497352
42400.0,TraceDetection,NumTotal,1.0
42400.0,TraceDetection,SystemResponseTime_Success,406.26864778998413
42400.0,TraceDetection,BusyServers,1.0
42400.0,TraceDetection,TimeQueue,64.6423535817431
42400.0,TraceDetection,TimeService,60.31279791287596
42400.0,TraceDetection,NumQueue,0.0
42400.0,FastTrack,TimeTotal,87.47764477177707
42400.0,FastTrack,NumTotal,2.0
42400.0,FastTrack,SystemResponseTime_Success,406.26864778998413
42400.0,FastTrack,BusyServers,1.0
42400.0,FastTrack,TimeQueue,37.464119406320215
42400.0,FastTrack,TimeService,50.10966437225221
42400.0,FastTrack,NumQueue,1.0
42800.0,CheckIn,TimeTotal,132.65918840443328
42800.0,CheckIn,NumTotal,7.0
42800.0,CheckIn,SystemResponseTime_Success,405.257207913602
42800.0,CheckIn,BusyServers,7.0
42800.0,CheckIn,TimeQueue,13.13011634476853
42800.0,CheckIn,TimeService,119.65204348484991
42800.0,CheckIn,NumQueue,0.0
42800.0,Varchi,TimeTotal,20.88138697090621
42800.0,Varchi,NumTotal,1.0
42800.0,Varchi,SystemResponseTime_Success,405.257207913602
42800.0,Varchi,BusyServers,1.0
42800.0,Varchi,TimeQueue,2.122722459283898
42800.0,Varchi,TimeService,18.758275520883956
42800.0,Varchi,NumQueue,0.0
42800.0,XRay,TimeTotal,212.16456467341087
42800.0,XRay,NumTotal,11.0
42800.0,XRay,SystemResponseTime_Success,405.257207913602
42800.0,XRay,BusyServers,6.0
42800.0,XRay,TimeQueue,160.74843292533131
42800.0,XRay,TimeService,51.29263442287091
42800.0,XRay,NumQueue,5.0
42800.0,FastTrack,TimeTotal,88.0650595095021
42800.0,FastTrack,NumTotal,1.0
42800.0,FastTrack,SystemResponseTime_Success,405.257207913602
42800.0,FastTrack,BusyServers,1.0
42800.0,FastTrack,TimeQueue,37.93261158926015
42800.0,FastTrack,TimeService,50.206186858788556
42800.0,FastTrack,NumQueue,0.0
42800.0,Recupero,TimeTotal,120.49940707899952
42800.0,Recupero,NumTotal,15.0
42800.0,Recupero,SystemResponseTime_Success,405.257207913602
42800.0,Recupero,BusyServers,15.0
42800.0,Recupero,TimeQueue,0.0
42800.0,Recupero,TimeService,120.49940707899952
42800.0,Recupero,NumQueue,0.0
42800.0,TraceDetection,TimeTotal,124.51891084437172
42800.0,TraceDetection,NumTotal,1.0
42800.0,TraceDetection,SystemResponseTime_Success,405.257207913602
42800.0,TraceDetection,BusyServers,1.0
42800.0,TraceDetection,TimeQueue,64.19451134610019
42800.0,TraceDetection,TimeService,60.20661140405848
42800.0,TraceDetection,NumQueue,0.0
43200.0,XRay,TimeTotal,211.09221405263204
43200.0,XRay,NumTotal,9.0
43200.0,XRay,SystemResponseTime_Success,404.45365095107474
43200.0,XRay,BusyServers,6.0
43200.0,XRay,TimeQueue,159.62495697358858
43200.0,XRay,TimeService,51.29342600022754
43200.0,XRay,NumQueue,3.0
43200.0,FastTrack,TimeTotal,87.92610581406095
43200.0,FastTrack,NumTotal,0.0
43200.0,FastTrack,SystemResponseTime_Success,404.45365095107474
43200.0,FastTrack,BusyServers,0.0
43200.0,FastTrack,TimeQueue,37.72030219603668
43200.0,FastTrack,TimeService,50.205803618024284
43200.0,FastTrack,NumQueue,0.0
43200.0,CheckIn,TimeTotal,132.69754052200844
43200.0,CheckIn,NumTotal,3.0
43200.0,CheckIn,SystemResponseTime_Success,404.45365095107474
43200.0,CheckIn,BusyServers,3.0
43200.0,CheckIn,TimeQueue,13.031532646262525
43200.0,CheckIn,TimeService,119.64763635415774
43200.0,CheckIn,NumQueue,0.0
43200.0,TraceDetection,TimeTotal,124.45784962014353
43200.0,TraceDetection,NumTotal,4.0
43200.0,TraceDetection,SystemResponseTime_Success,404.45365095107474
43200.0,TraceDetection,BusyServers,1.0
43200.0,TraceDetection,TimeQueue,64.4255934261562
43200.0,TraceDetection,TimeService,60.2484583301682
43200.0,TraceDetection,NumQueue,3.0
43200.0,Recupero,TimeTotal,120.48638283324355
43200.0,Recupero,NumTotal,11.0
43200.0,Recupero,SystemResponseTime_Success,404.45365095107474
43200.0,Recupero,BusyServers,11.0
43200.0,Recupero,TimeQueue,0.0
43200.0,Recupero,TimeService,120.48638283324355
43200.0,Recupero,NumQueue,0.0
43200.0,Varchi,TimeTotal,20.87239187801152
43200.0,Varchi,NumTotal,3.0
43200.0,Varchi,SystemResponseTime_Success,404.45365095107474
43200.0,Varchi,BusyServers,3.0
43200.0,Varchi,TimeQueue,2.1137900794761437
43200.0,Varchi,TimeService,18.759095435928117
43200.0,Varchi,NumQueue,0.0
43600.0,XRay,TimeTotal,210.00080088560316
43600.0,XRay,NumTotal,10.0
43600.0,XRay,SystemResponseTime_Success,403.7374212369574
43600.0,XRay,BusyServers,6.0
43600.0,XRay,TimeQueue,158.55872887169707
43600.0,XRay,TimeService,51.29171260523144
43600.0,XRay,NumQueue,4.0
43600.0,FastTrack,TimeTotal,87.83199195946415
43600.0,FastTrack,NumTotal,0.0
43600.0,FastTrack,SystemResponseTime_Success,403.7374212369574
43600.0,FastTrack,BusyServers,0.0
43600.0,FastTrack,TimeQueue,37.65005954762693
43600.0,FastTrack,TimeService,50.18193241183724
43600.0,FastTrack,NumQueue,0.0
43600.0,CheckIn,TimeTotal,132.53784000162165
43600.0,CheckIn,NumTotal,7.0
43600.0,CheckIn,SystemResponseTime_Success,403.7374212369574
43600.0,CheckIn,BusyServers,7.0
43600.0,CheckIn,TimeQueue,12.92214122108968
43600.0,CheckIn,TimeService,119.59869491427206
43600.0,CheckIn,NumQueue,0.0
43600.0,TraceDetection,TimeTotal,126.15743544762458
43600.0,TraceDetection,NumTotal,3.0
43600.0,TraceDetection,SystemResponseTime_Success,403.7374212369574
43600.0,TraceDetection,BusyServers,1.0
43600.0,TraceDetection,TimeQueue,66.07126110484226
43600.0,TraceDetection,TimeService,60.26524190245131
43600.0,TraceDetection,NumQueue,2.0
43600.0,Recupero,TimeTotal,120.52528403767374
43600.0,Recupero,NumTotal,15.0
43600.0,Recupero,SystemResponseTime_Success,403.7374212369574
43600.0,Recupero,BusyServers,15.0
43600.0,Recupero,TimeQueue,0.0
43600.0,Recupero,TimeService,120.52528403767374
43600.0,Recupero,NumQueue,0.0
43600.0,Varchi,TimeTotal,20.87295909702506
43600.0,Varchi,NumTotal,2.0
43600.0,Varchi,SystemResponseTime_Success,403.7374212369574
43600.0,Varchi,BusyServers,2.0
43600.0,Varchi,TimeQueue,2.107169183586039
43600.0,Varchi,TimeService,18.76656281226709
43600.0,Varchi,NumQueue,0.0
44000.0,Varchi,TimeTotal,20.864570907807213
44000.0,Varchi,NumTotal,0.0
44000.0,Varchi,SystemResponseTime_Success,402.8383975963091
44000.0,Varchi,BusyServers,0.0
44000.0,Varchi,TimeQueue,2.094043673347286
44000.0,Varchi,TimeService,18.770527234459955
44000.0,Varchi,NumQueue,0.0
44000.0,TraceDetection,TimeTotal,126.65744885245212
44000.0,TraceDetection,NumTotal,0.0
44000.0,TraceDetection,SystemResponseTime_Success,402.8383975963091
44000.0,TraceDetection,BusyServers,0.0
44000.0,TraceDetection,TimeQueue,66.39391917919653
44000.0,TraceDetection,TimeService,60.26352967325566
44000.0,TraceDetection,NumQueue,0.0
44000.0,XRay,TimeTotal,208.72782855666253
44000.0,XRay,NumTotal,4.0
44000.0,XRay,SystemResponseTime_Success,402.8383975963091
44000.0,XRay,BusyServers,4.0
44000.0,XRay,TimeQueue,157.33592651966956
44000.0,XRay,TimeService,51.26775750870436
44000.0,XRay,NumQueue,0.0
44000.0,CheckIn,TimeTotal,132.42265840792206
44000.0,CheckIn,NumTotal,6.0
44000.0,CheckIn,SystemResponseTime_Success,402.8383975963091
44000.0,CheckIn,BusyServers,6.0
44000.0,CheckIn,TimeQueue,12.83869565969888
44000.0,CheckIn,TimeService,119.54833269551315
44000.0,CheckIn,NumQueue,0.0
44000.0,FastTrack,TimeTotal,87.7154028553369
44000.0,FastTrack,NumTotal,1.0
44000.0,FastTrack,SystemResponseTime_Success,402.8383975963091
44000.0,FastTrack,BusyServers,1.0
44000.0,FastTrack,TimeQueue,37.44089255014011
44000.0,FastTrack,TimeService,50.205046682654796
44000.0,FastTrack,NumQueue,0.0
44000.0,Recupero,TimeTotal,120.537954940103
44000.0,Recupero,NumTotal,14.0
44000.0,Recupero,SystemResponseTime_Success,402.8383975963091
44000.0,Recupero,BusyServers,14.0
44000.0,Recupero,TimeQueue,0.0
44000.0,Recupero,TimeService,120.537954940103
44000.0,Recupero,NumQueue,0.0
44400.0,Varchi,TimeTotal,20.84980673106172
44400.0,Varchi,NumTotal,3.0
44400.0,Varchi,SystemResponseTime_Success,401.7599032850243
44400.0,Varchi,BusyServers,3.0
44400.0,Varchi,TimeQueue,2.0815630271170598
44400.0,Varchi,TimeService,18.76713511365864
44400.0,Varchi,NumQueue,0.0
44400.0,XRay,TimeTotal,207.76640688109677
44400.0,XRay,NumTotal,9.0
44400.0,XRay,SystemResponseTime_Success,401.7599032850243
44400.0,XRay,BusyServers,6.0
44400.0,XRay,TimeQueue,156.32976017638146
44400.0,XRay,TimeService,51.26671461655108
44400.0,XRay,NumQueue,3.0
44400.0,TraceDetection,TimeTotal,126.37069666409144
44400.0,TraceDetection,NumTotal,2.0
44400.0,TraceDetection,SystemResponseTime_Success,401.7599032850243
44400.0,TraceDetection,BusyServers,1.0
44400.0,TraceDetection,TimeQueue,65.9701968502809
44400.0,TraceDetection,TimeService,60.283944695700576
44400.0,TraceDetection,NumQueue,1.0
44400.0,Recupero,TimeTotal,120.53680809673175
44400.0,Recupero,NumTotal,10.0
44400.0,Recupero,SystemResponseTime_Success,401.7599032850243
44400.0,Recupero,BusyServers,10.0
44400.0,Recupero,TimeQueue,0.0
44400.0,Recupero,TimeService,120.53680809673175
44400.0,Recupero,NumQueue,0.0
44400.0,FastTrack,TimeTotal,87.41607263550739
44400.0,FastTrack,NumTotal,0.0
44400.0,FastTrack,SystemResponseTime_Success,401.7599032850243
44400.0,FastTrack,BusyServers,0.0
44400.0,FastTrack,TimeQueue,37.232110764748306
44400.0,FastTrack,TimeService,50.1839618707591
44400.0,FastTrack,NumQueue,0.0
44400.0,CheckIn,TimeTotal,132.29406059394114
44400.0,CheckIn,NumTotal,5.0
44400.0,CheckIn,SystemResponseTime_Success,401.7599032850243
44400.0,CheckIn,BusyServers,5.0
44400.0,CheckIn,TimeQueue,12.762169734171101
44400.0,CheckIn,TimeService,119.50256602122604
44400.0,CheckIn,NumQueue,0.0
44800.0,FastTrack,TimeTotal,87.33611836046107
44800.0,FastTrack,NumTotal,0.0
44800.0,FastTrack,SystemResponseTime_Success,400.6133226061002
44800.0,FastTrack,BusyServers,0.0
44800.0,FastTrack,TimeQueue,37.188707829763835
44800.0,FastTrack,TimeService,50.14741053069726
44800.0,FastTrack,NumQueue,0.0
44800.0,Recupero,TimeTotal,120.53759984850639
44800.0,Recupero,NumTotal,19.0
44800.0,Recupero,SystemResponseTime_Success,400.6133226061002
44800.0,Recupero,BusyServers,19.0
44800.0,Recupero,TimeQueue,0.0
44800.0,Recupero,TimeService,120.53759984850639
44800.0,Recupero,NumQueue,0.0
44800.0,Varchi,TimeTotal,20.864976391571844
44800.0,Varchi,NumTotal,4.0
44800.0,Varchi,SystemResponseTime_Success,400.6133226061002
44800.0,Varchi,BusyServers,4.0
44800.0,Varchi,TimeQueue,2.08083923217631
44800.0,Varchi,TimeService,18.782672295451768
44800.0,Varchi,NumQueue,0.0
44800.0,CheckIn,TimeTotal,132.26250432785645
44800.0,CheckIn,NumTotal,2.0
44800.0,CheckIn,SystemResponseTime_Success,400.6133226061002
44800.0,CheckIn,BusyServers,2.0
44800.0,CheckIn,TimeQueue,12.682531191362187
44800.0,CheckIn,TimeService,119.56840676057836
44800.0,CheckIn,NumQueue,0.0
44800.0,XRay,TimeTotal,206.578430256197
44800.0,XRay,NumTotal,10.0
44800.0,XRay,SystemResponseTime_Success,400.6133226061002
44800.0,XRay,BusyServers,6.0
44800.0,XRay,TimeQueue,155.18213622107413
44800.0,XRay,TimeService,51.26178368530774
44800.0,XRay,NumQueue,4.0
44800.0,TraceDetection,TimeTotal,125.78053100533272
44800.0,TraceDetection,NumTotal,1.0
44800.0,TraceDetection,SystemResponseTime_Success,400.6133226061002
44800.0,TraceDetection,BusyServers,1.0
44800.0,TraceDetection,TimeQueue,65.4947583331974
44800.0,TraceDetection,TimeService,60.17107081866221
44800.0,TraceDetection,NumQueue,0.0
45200.0,CheckIn,TimeTotal,132.06303932821496
45200.0,CheckIn,NumTotal,4.0
45200.0,CheckIn,SystemResponseTime_Success,399.41178902081697
45200.0,CheckIn,BusyServers,4.0
45200.0,CheckIn,TimeQueue,12.590753489389417
45200.0,CheckIn,TimeService,119.44946616779775
45200.0,CheckIn,NumQueue,0.0
45200.0,FastTrack,TimeTotal,87.2424982656266
45200.0,FastTrack,NumTotal,3.0
45200.0,FastTrack,SystemResponseTime_Success,399.41178902081697
45200.0,FastTrack,BusyServers,1.0
45200.0,FastTrack,TimeQueue,37.05477632092011
45200.0,FastTrack,TimeService,50.18853213089815
45200.0,FastTrack,NumQueue,2.0
45200.0,TraceDetection,TimeTotal,125.4194106713364
45200.0,TraceDetection,NumTotal,0.0
45200.0,TraceDetection,SystemResponseTime_Success,399.41178902081697
45200.0,TraceDetection,BusyServers,0.0
45200.0,TraceDetection,TimeQueue,65.33092731631189
45200.0,TraceDetection,TimeService,60.088483355024586
45200.0,TraceDetection,NumQueue,0.0
45200.0,Varchi,TimeTotal,20.86594818875943
45200.0,Varchi,NumTotal,3.0
45200.0,Varchi,SystemResponseTime_Success,399.41178902081697
45200.0,Varchi,BusyServers,3.0
45200.0,Varchi,TimeQueue,2.0757783219135884
45200.0,Varchi,TimeService,18.789082882212313
45200.0,Varchi,NumQueue,0.0
45200.0,XRay,TimeTotal,205.55715350585078
45200.0,XRay,NumTotal,6.0
45200.0,XRay,SystemResponseTime_Success,399.41178902081697
45200.0,XRay,BusyServers,6.0
45200.0,XRay,TimeQueue,154.1355896220947
45200.0,XRay,TimeService,51.268563568905996
45200.0,XRay,NumQueue,0.0
45200.0,Recupero,TimeTotal,120.57753040959908
45200.0,Recupero,NumTotal,17.0
45200.0,Recupero,SystemResponseTime_Success,399.41178902081697
45200.0,Recupero,BusyServers,17.0
45200.0,Recupero,TimeQueue,0.0
45200.0,Recupero,TimeService,120.57753040959908
45200.0,Recupero,NumQueue,0.0
45600.0,XRay,TimeTotal,204.24219303051433
45600.0,XRay,NumTotal,6.0
45600.0,XRay,SystemResponseTime_Success,398.1604387864948
45600.0,XRay,BusyServers,6.0
45600.0,XRay,TimeQueue,152.83744536428003
45600.0,XRay,TimeService,51.25723643084539
45600.0,XRay,NumQueue,0.0
45600.0,TraceDetection,TimeTotal,125.00063079589846
45600.0,TraceDetection,NumTotal,1.0
45600.0,TraceDetection,SystemResponseTime_Success,398.1604387864948
45600.0,TraceDetection,BusyServers,1.0
45600.0,TraceDetection,TimeQueue,64.87881017225438
45600.0,TraceDetection,TimeService,60.00937901156056
45600.0,TraceDetection,NumQueue,0.0
45600.0,Recupero,TimeTotal,120.60259583674664
45600.0,Recupero,NumTotal,16.0
45600.0,Recupero,SystemResponseTime_Success,398.1604387864948
45600.0,Recupero,BusyServers,16.0
45600.0,Recupero,TimeQueue,0.0
45600.0,Recupero,TimeService,120.60259583674664
45600.0,Recupero,NumQueue,0.0
45600.0,CheckIn,TimeTotal,131.77196910610255
45600.0,CheckIn,NumTotal,1.0
45600.0,CheckIn,SystemResponseTime_Success,398.1604387864948
45600.0,CheckIn,BusyServers,1.0
45600.0,CheckIn,TimeQueue,12.492274150958563
45600.0,CheckIn,TimeService,119.27408800983353
45600.0,CheckIn,NumQueue,0.0
45600.0,Varchi,TimeTotal,20.8495840177658
45600.0,Varchi,NumTotal,3.0
45600.0,Varchi,SystemResponseTime_Success,398.1604387864948
45600.0,Varchi,BusyServers,3.0
45600.0,Varchi,TimeQueue,2.0610016151169797
45600.0,Varchi,TimeService,18.787512493521795
45600.0,Varchi,NumQueue,0.0
45600.0,FastTrack,TimeTotal,87.49756641212718
45600.0,FastTrack,NumTotal,3.0
45600.0,FastTrack,SystemResponseTime_Success,398.1604387864948
45600.0,FastTrack,BusyServers,1.0
45600.0,FastTrack,TimeQueue,37.20176838155397
45600.0,FastTrack,TimeService,50.22876781727313
45600.0,FastTrack,NumQueue,2.0
46000.0,Varchi,TimeTotal,20.84888172180798
46000.0,Varchi,NumTotal,3.0
46000.0,Varchi,SystemResponseTime_Success,396.89640270761964
46000.0,Varchi,BusyServers,3.0
46000.0,Varchi,TimeQueue,2.051900167747492
46000.0,Varchi,TimeService,18.795925325422377
46000.0,Varchi,NumQueue,0.0
46000.0,TraceDetection,TimeTotal,124.6501603898872
46000.0,TraceDetection,NumTotal,0.0
46000.0,TraceDetection,SystemResponseTime_Success,396.89640270761964
46000.0,TraceDetection,BusyServers,0.0
46000.0,TraceDetection,TimeQueue,64.65509013717762
46000.0,TraceDetection,TimeService,59.99507025270965
46000.0,TraceDetection,NumQueue,0.0
46000.0,CheckIn,TimeTotal,131.6433113819836
46000.0,CheckIn,NumTotal,4.0
46000.0,CheckIn,SystemResponseTime_Success,396.89640270761964
46000.0,CheckIn,BusyServers,4.0
46000.0,CheckIn,TimeQueue,12.392202528921512
46000.0,CheckIn,TimeService,119.2290095172991
46000.0,CheckIn,NumQueue,0.0
46000.0,FastTrack,TimeTotal,87.3958952655352
46000.0,FastTrack,NumTotal,0.0
46000.0,FastTrack,SystemResponseTime_Success,396.89640270761964
46000.0,FastTrack,BusyServers,0.0
46000.0,FastTrack,TimeQueue,37.16349123599105
46000.0,FastTrack,TimeService,50.23240402954415
46000.0,FastTrack,NumQueue,0.0
46000.0,XRay,TimeTotal,203.1266486614753
46000.0,XRay,NumTotal,11.0
46000.0,XRay,SystemResponseTime_Success,396.89640270761964
46000.0,XRay,BusyServers,6.0
46000.0,XRay,TimeQueue,151.73615413957953
46000.0,XRay,TimeService,51.26594977613849
46000.0,XRay,NumQueue,5.0
46000.0,Recupero,TimeTotal,120.5824290516946
46000.0,Recupero,NumTotal,15.0
46000.0,Recupero,SystemResponseTime_Success,396.89640270761964
46000.0,Recupero,BusyServers,15.0
46000.0,Recupero,TimeQueue,0.0
46000.0,Recupero,TimeService,120.5824290516946
46000.0,Recupero,NumQueue,0.0
46400.0,Varchi,TimeTotal,20.834188956051285
46400.0,Varchi,NumTotal,1.0
46400.0,Varchi,SystemResponseTime_Success,395.7826057087508
46400.0,Varchi,BusyServers,1.0
46400.0,Varchi,TimeQueue,2.046217196236125
46400.0,Varchi,TimeService,18.78762340823261
46400.0,Varchi,NumQueue,0.0
46400.0,TraceDetection,TimeTotal,124.2473028327084
46400.0,TraceDetection,NumTotal,1.0
46400.0,TraceDetection,SystemResponseTime_Success,395.7826057087508
46400.0,TraceDetection,BusyServers,1.0
46400.0,TraceDetection,TimeQueue,64.2674253703995
46400.0,TraceDetection,TimeService,59.943517844774995
46400.0,TraceDetection,NumQueue,0.0
46400.0,FastTrack,TimeTotal,87.21142512425612
46400.0,FastTrack,NumTotal,1.0
46400.0,FastTrack,SystemResponseTime_Success,395.7826057087508
46400.0,FastTrack,BusyServers,1.0
46400.0,FastTrack,TimeQueue,36.90893865818044
46400.0,FastTrack,TimeService,50.23704508547608
46400.0,FastTrack,NumQueue,0.0
46400.0,XRay,TimeTotal,202.11618856483446
46400.0,XRay,NumTotal,6.0
46400.0,XRay,SystemResponseTime_Success,395.7826057087508
46400.0,XRay,BusyServers,6.0
46400.0,XRay,TimeQueue,150.714408853579
46400.0,XRay,TimeService,51.26515856205061
46400.0,XRay,NumQueue,0.0
46400.0,CheckIn,TimeTotal,131.6039667771882
46400.0,CheckIn,NumTotal,6.0
46400.0,CheckIn,SystemResponseTime_Success,395.7826057087508
46400.0,CheckIn,BusyServers,6.0
46400.0,CheckIn,TimeQueue,12.372910571915584
46400.0,CheckIn,TimeService,119.22032558048764
46400.0,CheckIn,NumQueue,0.0
46400.0,Recupero,TimeTotal,120.6171190398706
46400.0,Recupero,NumTotal,14.0
46400.0,Recupero,SystemResponseTime_Success,395.7826057087508
46400.0,Recupero,BusyServers,14.0
46400.0,Recupero,TimeQueue,0.0
46400.0,Recupero,TimeService,120.6171190398706
46400.0,Recupero,NumQueue,0.0
46800.0,CheckIn,TimeTotal,131.63339639847018
46800.0,CheckIn,NumTotal,8.0
46800.0,CheckIn,SystemResponseTime_Success,394.8072086170583
46800.0,CheckIn,BusyServers,8.0
46800.0,CheckIn,TimeQueue,12.297420984285969
46800.0,CheckIn,TimeService,119.314824476409
46800.0,CheckIn,NumQueue,0.0
46800.0,Recupero,TimeTotal,120.62126024286339
46800.0,Recupero,NumTotal,17.0
46800.0,Recupero,SystemResponseTime_Success,394.8072086170583
46800.0,Recupero,BusyServers,17.0
46800.0,Recupero,TimeQueue,0.0
46800.0,Recupero,TimeService,120.62126024286339
46800.0,Recupero,NumQueue,0.0
46800.0,FastTrack,TimeTotal,86.89131660399349
46800.0,FastTrack,NumTotal,1.0
46800.0,FastTrack,SystemResponseTime_Success,394.8072086170583
46800.0,FastTrack,BusyServers,1.0
46800.0,FastTrack,TimeQueue,36.63527469898329
46800.0,FastTrack,TimeService,50.1916565364707
46800.0,FastTrack,NumQueue,0.0
46800.0,Varchi,TimeTotal,20.82372953014329
46800.0,Varchi,NumTotal,4.0
46800.0,Varchi,SystemResponseTime_Success,394.8072086170583
46800.0,Varchi,BusyServers,4.0
46800.0,Varchi,TimeQueue,2.040555970572714
46800.0,Varchi,TimeService,18.782213301412654
46800.0,Varchi,NumQueue,0.0
46800.0,XRay,TimeTotal,200.98198459253692
46800.0,XRay,NumTotal,10.0
46800.0,XRay,SystemResponseTime_Success,394.8072086170583
46800.0,XRay,BusyServers,6.0
46800.0,XRay,TimeQueue,149.56395394813882
46800.0,XRay,TimeService,51.274913130003064
46800.0,XRay,NumQueue,4.0
46800.0,TraceDetection,TimeTotal,123.9403437571901
46800.0,TraceDetection,NumTotal,0.0
46800.0,TraceDetection,SystemResponseTime_Success,394.8072086170583
46800.0,TraceDetection,BusyServers,0.0
46800.0,TraceDetection,TimeQueue,63.974889730524815
46800.0,TraceDetection,TimeService,59.96545402666538
46800.0,TraceDetection,NumQueue,0.0
47200.0,XRay,TimeTotal,200.12682358053078
47200.0,XRay,NumTotal,5.0
47200.0,XRay,SystemResponseTime_Success,393.8765240908053
47200.0,XRay,BusyServers,5.0
47200.0,XRay,TimeQueue,148.69797242000269
47200.0,XRay,TimeService,51.29086120839325
47200.0,XRay,NumQueue,0.0
47200.0,Varchi,TimeTotal,20.819413561148735
47200.0,Varchi,NumTotal,2.0
47200.0,Varchi,SystemResponseTime_Success,393.8765240908053
47200.0,Varchi,BusyServers,2.0
47200.0,Varchi,TimeQueue,2.031331353201334
47200.0,Varchi,TimeService,18.787401238670487
47200.0,Varchi,NumQueue,0.0
47200.0,FastTrack,TimeTotal,86.75571473573139
47200.0,FastTrack,NumTotal,0.0
47200.0,FastTrack,SystemResponseTime_Success,393.8765240908053
47200.0,FastTrack,BusyServers,0.0
47200.0,FastTrack,TimeQueue,36.54937473837077
47200.0,FastTrack,TimeService,50.20633999736063
47200.0,FastTrack,NumQueue,0.0
47200.0,TraceDetection,TimeTotal,123.58164083327578
47200.0,TraceDetection,NumTotal,1.0
47200.0,TraceDetection,SystemResponseTime_Success,393.8765240908053
47200.0,TraceDetection,BusyServers,1.0
47200.0,TraceDetection,TimeQueue,63.58837850036884
47200.0,TraceDetection,TimeService,59.888724591831625
47200.0,TraceDetection,NumQueue,0.0
47200.0,Recupero,TimeTotal,120.63331567849289
47200.0,Recupero,NumTotal,13.0
47200.0,Recupero,SystemResponseTime_Success,393.8765240908053
47200.0,Recupero,BusyServers,13.0
47200.0,Recupero,TimeQueue,0.0
47200.0,Recupero,TimeService,120.63331567849289
47200.0,Recupero,NumQueue,0.0
47200.0,CheckIn,TimeTotal,131.52896998992998
47200.0,CheckIn,NumTotal,6.0
47200.0,CheckIn,SystemResponseTime_Success,393.8765240908053
47200.0,CheckIn,BusyServers,6.0
47200.0,CheckIn,TimeQueue,12.238353694087804
47200.0,CheckIn,TimeService,119.25864845859127
47200.0,CheckIn,NumQueue,0.0
47600.0,CheckIn,TimeTotal,131.37530477470614
47600.0,CheckIn,NumTotal,0.0
47600.0,CheckIn,SystemResponseTime_Success,392.9876034267946
47600.0,CheckIn,BusyServers,0.0
47600.0,CheckIn,TimeQueue,12.164405937628059
47600.0,CheckIn,TimeService,119.21089883707775
47600.0,CheckIn,NumQueue,0.0
47600.0,XRay,TimeTotal,198.987002199577
47600.0,XRay,NumTotal,9.0
47600.0,XRay,SystemResponseTime_Success,392.9876034267946
47600.0,XRay,BusyServers,6.0
47600.0,XRay,TimeQueue,147.59681009652545
47600.0,XRay,TimeService,51.258470825535085
47600.0,XRay,NumQueue,3.0
47600.0,FastTrack,TimeTotal,86.49724833692315
47600.0,FastTrack,NumTotal,0.0
47600.0,FastTrack,SystemResponseTime_Success,392.9876034267946
47600.0,FastTrack,BusyServers,0.0
47600.0,FastTrack,TimeQueue,36.312775445923116
47600.0,FastTrack,TimeService,50.18447289100005
47600.0,FastTrack,NumQueue,0.0
47600.0,Varchi,TimeTotal,20.807264561062276
47600.0,Varchi,NumTotal,3.0
47600.0,Varchi,SystemResponseTime_Success,392.9876034267946
47600.0,Varchi,BusyServers,3.0
47600.0,Varchi,TimeQueue,2.0211509477955047
47600.0,Varchi,TimeService,18.786396380849144
47600.0,Varchi,NumQueue,0.0
47600.0,Recupero,TimeTotal,120.65964445266312
47600.0,Recupero,NumTotal,16.0
47600.0,Recupero,SystemResponseTime_Success,392.9876034267946
47600.0,Recupero,BusyServers,16.0
47600.0,Recupero,TimeQueue,0.0
47600.0,Recupero,TimeService,120.65964445266312
47600.0,Recupero,NumQueue,0.0
47600.0,TraceDetection,TimeTotal,123.038514834248
47600.0,TraceDetection,NumTotal,4.0
47600.0,TraceDetection,SystemResponseTime_Success,392.9876034267946
47600.0,TraceDetection,BusyServers,1.0
47600.0,TraceDetection,TimeQueue,63.15409735693306
47600.0,TraceDetection,TimeService,59.87172296250337
47600.0,TraceDetection,NumQueue,3.0
48000.0,TraceDetection,TimeTotal,123.29668228681157
48000.0,TraceDetection,NumTotal,0.0
48000.0,TraceDetection,SystemResponseTime_Success,391.7389002133549
48000.0,TraceDetection,BusyServers,0.0
48000.0,TraceDetection,TimeQueue,63.40373280325616
48000.0,TraceDetection,TimeService,59.8929494835555
48000.0,TraceDetection,NumQueue,0.0
48000.0,XRay,TimeTotal,197.83229285778216
48000.0,XRay,NumTotal,6.0
48000.0,XRay,SystemResponseTime_Success,391.7389002133549
48000.0,XRay,BusyServers,6.0
48000.0,XRay,TimeQueue,146.43713400343566
48000.0,XRay,TimeService,51.24109298559243
48000.0,XRay,NumQueue,0.0
48000.0,FastTrack,TimeTotal,86.33922350862319
48000.0,FastTrack,NumTotal,2.0
48000.0,FastTrack,SystemResponseTime_Success,391.7389002133549
48000.0,FastTrack,BusyServers,1.0
48000.0,FastTrack,TimeQueue,36.15507857646487
48000.0,FastTrack,TimeService,50.15063367351457
48000.0,FastTrack,NumQueue,1.0
48000.0,Varchi,TimeTotal,20.793743196035003
48000.0,Varchi,NumTotal,0.0
48000.0,Varchi,SystemResponseTime_Success,391.7389002133549
48000.0,Varchi,BusyServers,0.0
48000.0,Varchi,TimeQueue,2.01121798081229
48000.0,Varchi,TimeService,18.78252521522277
48000.0,Varchi,NumQueue,0.0
48000.0,CheckIn,TimeTotal,131.24221041164415
48000.0,CheckIn,NumTotal,7.0
48000.0,CheckIn,SystemResponseTime_Success,391.7389002133549
48000.0,CheckIn,BusyServers,7.0
48000.0,CheckIn,TimeQueue,12.049990832614029
48000.0,CheckIn,TimeService,119.15604893759398
48000.0,CheckIn,NumQueue,0.0
48000.0,Recupero,TimeTotal,120.67076498728521
48000.0,Recupero,NumTotal,17.0
48000.0,Recupero,SystemResponseTime_Success,391.7389002133549
48000.0,Recupero,BusyServers,17.0
48000.0,Recupero,TimeQueue,0.0
48000.0,Recupero,TimeService,120.67076498728521
48000.0,Recupero,NumQueue,0.0
48400.0,CheckIn,TimeTotal,131.19916676257174
48400.0,CheckIn,NumTotal,10.0
48400.0,CheckIn,SystemResponseTime_Success,390.74002501690563
48400.0,CheckIn,BusyServers,8.0
48400.0,CheckIn,TimeQueue,11.982937481019631
48400.0,CheckIn,TimeService,119.20843644064647
48400.0,CheckIn,NumQueue,2.0
48400.0,Recupero,TimeTotal,120.66901654923083
48400.0,Recupero,NumTotal,12.0
48400.0,Recupero,SystemResponseTime_Success,390.74002501690563
48400.0,Recupero,BusyServers,12.0
48400.0,Recupero,TimeQueue,0.0
48400.0,Recupero,TimeService,120.66901654923083
48400.0,Recupero,NumQueue,0.0
48400.0,Varchi,TimeTotal,20.786078117009477
48400.0,Varchi,NumTotal,2.0
48400.0,Varchi,SystemResponseTime_Success,390.74002501690563
48400.0,Varchi,BusyServers,2.0
48400.0,Varchi,TimeQueue,2.001239415809085
48400.0,Varchi,TimeService,18.78418309451223
48400.0,Varchi,NumQueue,0.0
48400.0,FastTrack,TimeTotal,87.00111534296717
48400.0,FastTrack,NumTotal,1.0
48400.0,FastTrack,SystemResponseTime_Success,390.74002501690563
48400.0,FastTrack,BusyServers,1.0
48400.0,FastTrack,TimeQueue,36.772767617622826
48400.0,FastTrack,TimeService,50.16559556217435
48400.0,FastTrack,NumQueue,0.0
48400.0,XRay,TimeTotal,196.87679704378573
48400.0,XRay,NumTotal,3.0
48400.0,XRay,SystemResponseTime_Success,390.74002501690563
48400.0,XRay,BusyServers,3.0
48400.0,XRay,TimeQueue,145.5712499100056
48400.0,XRay,TimeService,51.226360597110464
48400.0,XRay,NumQueue,0.0
48400.0,TraceDetection,TimeTotal,123.05241466035514
48400.0,TraceDetection,NumTotal,1.0
48400.0,TraceDetection,SystemResponseTime_Success,390.74002501690563
48400.0,TraceDetection,BusyServers,1.0
48400.0,TraceDetection,TimeQueue,63.028291246946615
48400.0,TraceDetection,TimeService,59.91994441961201
48400.0,TraceDetection,NumQueue,0.0
48800.0,CheckIn,TimeTotal,131.1373822753523
48800.0,CheckIn,NumTotal,4.0
48800.0,CheckIn,SystemResponseTime_Success,389.87687140999424
48800.0,CheckIn,BusyServers,4.0
48800.0,CheckIn,TimeQueue,11.969053386360546
48800.0,CheckIn,TimeService,119.14817048328808
48800.0,CheckIn,NumQueue,0.0
48800.0,XRay,TimeTotal,195.95347566524822
48800.0,XRay,NumTotal,9.0
48800.0,XRay,SystemResponseTime_Success,389.87687140999424
48800.0,XRay,BusyServers,6.0
48800.0,XRay,TimeQueue,144.57262326003038
48800.0,XRay,TimeService,51.236638179680384
48800.0,XRay,NumQueue,3.0
48800.0,FastTrack,TimeTotal,86.72996394690784
48800.0,FastTrack,NumTotal,3.0
48800.0,FastTrack,SystemResponseTime_Success,389.87687140999424
48800.0,FastTrack,BusyServers,1.0
48800.0,FastTrack,TimeQueue,36.54939229049908
48800.0,FastTrack,TimeService,50.13969485262144
48800.0,FastTrack,NumQueue,2.0
48800.0,Varchi,TimeTotal,20.764662079315816
48800.0,Varchi,NumTotal,5.0
48800.0,Varchi,SystemResponseTime_Success,389.87687140999424
48800.0,Varchi,BusyServers,4.0
48800.0,Varchi,TimeQueue,1.9948208322524696
48800.0,Varchi,TimeService,18.7690888049238
48800.0,Varchi,NumQueue,1.0
48800.0,Recupero,TimeTotal,120.65697469014336
48800.0,Recupero,NumTotal,11.0
48800.0,Recupero,SystemResponseTime_Success,389.87687140999424
48800.0,Recupero,BusyServers,11.0
48800.0,Recupero,TimeQueue,0.0
48800.0,Recupero,TimeService,120.65697469014336
48800.0,Recupero,NumQueue,0.0
48800.0,TraceDetection,TimeTotal,122.88817941752586
48800.0,TraceDetection,NumTotal,3.0
48800.0,TraceDetection,SystemResponseTime_Success,389.87687140999424
48800.0,TraceDetection,BusyServers,1.0
48800.0,TraceDetection,TimeQueue,62.986016146042054
48800.0,TraceDetection,TimeService,59.931049771137644
48800.0,TraceDetection,NumQueue,2.0
49200.0,Varchi,TimeTotal,20.7689057459197
49200.0,Varchi,NumTotal,2.0
49200.0,Varchi,SystemResponseTime_Success,389.17628151029334
49200.0,Varchi,BusyServers,2.0
49200.0,Varchi,TimeQueue,1.9878920243311973
49200.0,Varchi,TimeService,18.78054184956301
49200.0,Varchi,NumQueue,0.0
49200.0,FastTrack,TimeTotal,86.99681614706084
49200.0,FastTrack,NumTotal,0.0
49200.0,FastTrack,SystemResponseTime_Success,389.17628151029334
49200.0,FastTrack,BusyServers,0.0
49200.0,FastTrack,TimeQueue,36.85612192736897
49200.0,FastTrack,TimeService,50.14069421969189
49200.0,FastTrack,NumQueue,0.0
49200.0,XRay,TimeTotal,195.09303011254482
49200.0,XRay,NumTotal,11.0
49200.0,XRay,SystemResponseTime_Success,389.17628151029334
49200.0,XRay,BusyServers,6.0
49200.0,XRay,TimeQueue,143.7480754866776
49200.0,XRay,TimeService,51.25372446917724
49200.0,XRay,NumQueue,5.0
49200.0,Recupero,TimeTotal,120.668221607187
49200.0,Recupero,NumTotal,14.0
49200.0,Recupero,SystemResponseTime_Success,389.17628151029334
49200.0,Recupero,BusyServers,14.0
49200.0,Recupero,TimeQueue,0.0
49200.0,Recupero,TimeService,120.668221607187
49200.0,Recupero,NumQueue,0.0
49200.0,TraceDetection,TimeTotal,124.16681893761464
49200.0,TraceDetection,NumTotal,7.0
49200.0,TraceDetection,SystemResponseTime_Success,389.17628151029334
49200.0,TraceDetection,BusyServers,1.0
49200.0,TraceDetection,TimeQueue,64.58595518274612
49200.0,TraceDetection,TimeService,59.98967203452925
49200.0,TraceDetection,NumQueue,6.0
49200.0,CheckIn,TimeTotal,130.94656468614323
49200.0,CheckIn,NumTotal,5.0
49200.0,CheckIn,SystemResponseTime_Success,389.17628151029334
49200.0,CheckIn,BusyServers,5.0
49200.0,CheckIn,TimeQueue,11.874219352023244
49200.0,CheckIn,TimeService,119.04753501370175
49200.0,CheckIn,NumQueue,0.0
49600.0,XRay,TimeTotal,194.15082125940657
49600.0,XRay,NumTotal,11.0
49600.0,XRay,SystemResponseTime_Success,388.6181137919873
49600.0,XRay,BusyServers,6.0
49600.0,XRay,TimeQueue,142.74863019239766
49600.0,XRay,TimeService,51.25812968728348
49600.0,XRay,NumQueue,5.0
49600.0,FastTrack,TimeTotal,86.90720466101321
49600.0,FastTrack,NumTotal,1.0
49600.0,FastTrack,SystemResponseTime_Success,388.6181137919873
49600.0,FastTrack,BusyServers,1.0
49600.0,FastTrack,TimeQueue,36.67245354567112
49600.0,FastTrack,TimeService,50.173732057861784
49600.0,FastTrack,NumQueue,0.0
49600.0,TraceDetection,TimeTotal,126.40085212539717
49600.0,TraceDetection,NumTotal,7.0
49600.0,TraceDetection,SystemResponseTime_Success,388.6181137919873
49600.0,TraceDetection,BusyServers,1.0
49600.0,TraceDetection,TimeQueue,66.89818906867539
49600.0,TraceDetection,TimeService,59.982805167692824
49600.0,TraceDetection,NumQueue,6.0
49600.0,CheckIn,TimeTotal,130.87755427671036
49600.0,CheckIn,NumTotal,6.0
49600.0,CheckIn,SystemResponseTime_Success,388.6181137919873
49600.0,CheckIn,BusyServers,6.0
49600.0,CheckIn,TimeQueue,11.810194112879195
49600.0,CheckIn,TimeService,119.0378960620939
49600.0,CheckIn,NumQueue,0.0
49600.0,Recupero,TimeTotal,120.63108104711681
49600.0,Recupero,NumTotal,15.0
49600.0,Recupero,SystemResponseTime_Success,388.6181137919873
49600.0,Recupero,BusyServers,15.0
49600.0,Recupero,TimeQueue,0.0
49600.0,Recupero,TimeService,120.63108104711681
49600.0,Recupero,NumQueue,0.0
49600.0,Varchi,TimeTotal,20.765199808326997
49600.0,Varchi,NumTotal,1.0
49600.0,Varchi,SystemResponseTime_Success,388.6181137919873
49600.0,Varchi,BusyServers,1.0
49600.0,Varchi,TimeQueue,1.9799883432374317
49600.0,Varchi,TimeService,18.78489497078925
49600.0,Varchi,NumQueue,0.0
50000.0,FastTrack,TimeTotal,86.83962246112137
50000.0,FastTrack,NumTotal,3.0
50000.0,FastTrack,SystemResponseTime_Success,387.9039195246016
50000.0,FastTrack,BusyServers,1.0
50000.0,FastTrack,TimeQueue,36.666448243313326
50000.0,FastTrack,TimeService,50.244425483516686
50000.0,FastTrack,NumQueue,2.0
50000.0,Recupero,TimeTotal,120.68172321200093
50000.0,Recupero,NumTotal,15.0
50000.0,Recupero,SystemResponseTime_Success,387.9039195246016
50000.0,Recupero,BusyServers,15.0
50000.0,Recupero,TimeQueue,0.0
50000.0,Recupero,TimeService,120.68172321200093
50000.0,Recupero,NumQueue,0.0
50000.0,CheckIn,TimeTotal,130.8443330843671
50000.0,CheckIn,NumTotal,3.0
50000.0,CheckIn,SystemResponseTime_Success,387.9039195246016
50000.0,CheckIn,BusyServers,3.0
50000.0,CheckIn,TimeQueue,11.77062421270966
50000.0,CheckIn,TimeService,119.05915327699998
50000.0,CheckIn,NumQueue,0.0
50000.0,Varchi,TimeTotal,20.78611545560034
50000.0,Varchi,NumTotal,5.0
50000.0,Varchi,SystemResponseTime_Success,387.9039195246016
50000.0,Varchi,BusyServers,4.0
50000.0,Varchi,TimeQueue,2.0086785754625187
50000.0,Varchi,TimeService,18.78486399834663
50000.0,Varchi,NumQueue,1.0
50000.0,TraceDetection,TimeTotal,130.38581363931914
50000.0,TraceDetection,NumTotal,4.0
50000.0,TraceDetection,SystemResponseTime_Success,387.9039195246016
50000.0,TraceDetection,BusyServers,1.0
50000.0,TraceDetection,TimeQueue,70.77764182503796
50000.0,TraceDetection,TimeService,59.92401007009779
50000.0,TraceDetection,NumQueue,3.0
50000.0,XRay,TimeTotal,193.15158136939795
50000.0,XRay,NumTotal,11.0
50000.0,XRay,SystemResponseTime_Success,387.9039195246016
50000.0,XRay,BusyServers,6.0
50000.0,XRay,TimeQueue,141.7570458486251
50000.0,XRay,TimeService,51.26053096612413
50000.0,XRay,NumQueue,5.0
50400.0,TraceDetection,TimeTotal,132.256822667621
50400.0,TraceDetection,NumTotal,2.0
50400.0,TraceDetection,SystemResponseTime_Success,387.36976504833467
50400.0,TraceDetection,BusyServers,1.0
50400.0,TraceDetection,TimeQueue,72.37052779161445
50400.0,TraceDetection,TimeService,59.94240003131155
50400.0,TraceDetection,NumQueue,1.0
50400.0,Recupero,TimeTotal,120.67603880055499
50400.0,Recupero,NumTotal,15.0
50400.0,Recupero,SystemResponseTime_Success,387.36976504833467
50400.0,Recupero,BusyServers,15.0
50400.0,Recupero,TimeQueue,0.0
50400.0,Recupero,TimeService,120.67603880055499
50400.0,Recupero,NumQueue,0.0
50400.0,FastTrack,TimeTotal,87.12161328468432
50400.0,FastTrack,NumTotal,0.0
50400.0,FastTrack,SystemResponseTime_Success,387.36976504833467
50400.0,FastTrack,BusyServers,0.0
50400.0,FastTrack,TimeQueue,36.92576549988573
50400.0,FastTrack,TimeService,50.195847784798595
50400.0,FastTrack,NumQueue,0.0
50400.0,Varchi,TimeTotal,20.772930083773613
50400.0,Varchi,NumTotal,8.0
50400.0,Varchi,SystemResponseTime_Success,387.36976504833467
50400.0,Varchi,BusyServers,4.0
50400.0,Varchi,TimeQueue,1.9996960200997411
50400.0,Varchi,TimeService,18.77402552766884
50400.0,Varchi,NumQueue,4.0
50400.0,CheckIn,TimeTotal,130.84427878058483
50400.0,CheckIn,NumTotal,9.0
50400.0,CheckIn,SystemResponseTime_Success,387.36976504833467
50400.0,CheckIn,BusyServers,8.0
50400.0,CheckIn,TimeQueue,11.7131534272014
50400.0,CheckIn,TimeService,119.14110800175852
50400.0,CheckIn,NumQueue,1.0
50400.0,XRay,TimeTotal,192.51550288498592
50400.0,XRay,NumTotal,18.0
50400.0,XRay,SystemResponseTime_Success,387.36976504833467
50400.0,XRay,BusyServers,6.0
50400.0,XRay,TimeQueue,141.1619443688457
50400.0,XRay,TimeService,51.275721414711725
50400.0,XRay,NumQueue,12.0
50800.0,FastTrack,TimeTotal,87.03483070142613
50800.0,FastTrack,NumTotal,0.0
50800.0,FastTrack,SystemResponseTime_Success,387.09472322748496
50800.0,FastTrack,BusyServers,0.0
50800.0,FastTrack,TimeQueue,36.865723604763964
50800.0,FastTrack,TimeService,50.169107096662174
50800.0,FastTrack,NumQueue,0.0
50800.0,Recupero,TimeTotal,120.67984746542963
50800.0,Recupero,NumTotal,14.0
50800.0,Recupero,SystemResponseTime_Success,387.09472322748496
50800.0,Recupero,BusyServers,14.0
50800.0,Recupero,TimeQueue,0.0
50800.0,Recupero,TimeService,120.67984746542963
50800.0,Recupero,NumQueue,0.0
50800.0,TraceDetection,TimeTotal,132.85069252814645
50800.0,TraceDetection,NumTotal,6.0
50800.0,TraceDetection,SystemResponseTime_Success,387.09472322748496
50800.0,TraceDetection,BusyServers,1.0
50800.0,TraceDetection,TimeQueue,73.10728843430168
50800.0,TraceDetection,TimeService,59.97342610724704
50800.0,TraceDetection,NumQueue,5.0
50800.0,XRay,TimeTotal,192.26991845748967
50800.0,XRay,NumTotal,17.0
50800.0,XRay,SystemResponseTime_Success,387.09472322748496
50800.0,XRay,BusyServers,6.0
50800.0,XRay,TimeQueue,141.01016481347457
50800.0,XRay,TimeService,51.25398114505026
50800.0,XRay,NumQueue,11.0
50800.0,Varchi,TimeTotal,20.77960221244734
50800.0,Varchi,NumTotal,2.0
50800.0,Varchi,SystemResponseTime_Success,387.09472322748496
50800.0,Varchi,BusyServers,2.0
50800.0,Varchi,TimeQueue,2.0018778905614987
50800.0,Varchi,TimeService,18.777100197835864
50800.0,Varchi,NumQueue,0.0
50800.0,CheckIn,TimeTotal,130.8052413517009
50800.0,CheckIn,NumTotal,7.0
50800.0,CheckIn,SystemResponseTime_Success,387.09472322748496
50800.0,CheckIn,BusyServers,7.0
50800.0,CheckIn,TimeQueue,11.645488036340243
50800.0,CheckIn,TimeService,119.12664266700351
50800.0,CheckIn,NumQueue,0.0
51200.0,Recupero,TimeTotal,120.64509970453027
51200.0,Recupero,NumTotal,20.0
51200.0,Recupero,SystemResponseTime_Success,387.0063361606687
51200.0,Recupero,BusyServers,20.0
51200.0,Recupero,TimeQueue,0.0
51200.0,Recupero,TimeService,120.64509970453027
51200.0,Recupero,NumQueue,0.0
51200.0,TraceDetection,TimeTotal,134.67175214465678
51200.0,TraceDetection,NumTotal,1.0
51200.0,TraceDetection,SystemResponseTime_Success,387.0063361606687
51200.0,TraceDetection,BusyServers,1.0
51200.0,TraceDetection,TimeQueue,74.79682969612094
51200.0,TraceDetection,TimeService,60.01652891731404
51200.0,TraceDetection,NumQueue,0.0
51200.0,Varchi,TimeTotal,20.760478882773246
51200.0,Varchi,NumTotal,1.0
51200.0,Varchi,SystemResponseTime_Success,387.0063361606687
51200.0,Varchi,BusyServers,1.0
51200.0,Varchi,TimeQueue,1.9888147746154374
51200.0,Varchi,TimeService,18.771356384999187
51200.0,Varchi,NumQueue,0.0
51200.0,CheckIn,TimeTotal,130.65372357654383
51200.0,CheckIn,NumTotal,7.0
51200.0,CheckIn,SystemResponseTime_Success,387.0063361606687
51200.0,CheckIn,BusyServers,7.0
51200.0,CheckIn,TimeQueue,11.575968921926647
51200.0,CheckIn,TimeService,119.06923124708173
51200.0,CheckIn,NumQueue,0.0
51200.0,XRay,TimeTotal,191.97491189228643
51200.0,XRay,NumTotal,12.0
51200.0,XRay,SystemResponseTime_Success,387.0063361606687
51200.0,XRay,BusyServers,6.0
51200.0,XRay,TimeQueue,140.64644377009918
51200.0,XRay,TimeService,51.23093616431087
51200.0,XRay,NumQueue,6.0
51200.0,FastTrack,TimeTotal,86.73974727398704
51200.0,FastTrack,NumTotal,1.0
51200.0,FastTrack,SystemResponseTime_Success,387.0063361606687
51200.0,FastTrack,BusyServers,1.0
51200.0,FastTrack,TimeQueue,36.5684193821449
51200.0,FastTrack,TimeService,50.11225128540895
51200.0,FastTrack,NumQueue,0.0
51600.0,Varchi,TimeTotal,20.76148793915275
51600.0,Varchi,NumTotal,4.0
51600.0,Varchi,SystemResponseTime_Success,386.4208206674297
51600.0,Varchi,BusyServers,4.0
51600.0,Varchi,TimeQueue,1.9850992375004892
51600.0,Varchi,TimeService,18.775168978618535
51600.0,Varchi,NumQueue,0.0
51600.0,CheckIn,TimeTotal,130.75531857965473
51600.0,CheckIn,NumTotal,8.0
51600.0,CheckIn,SystemResponseTime_Success,386.4208206674297
51600.0,CheckIn,BusyServers,8.0
51600.0,CheckIn,TimeQueue,11.558737248022
51600.0,CheckIn,TimeService,119.22567206237731
51600.0,CheckIn,NumQueue,0.0
51600.0,Recupero,TimeTotal,120.62469073053771
51600.0,Recupero,NumTotal,16.0
51600.0,Recupero,SystemResponseTime_Success,386.4208206674297
51600.0,Recupero,BusyServers,16.0
51600.0,Recupero,TimeQueue,0.0
51600.0,Recupero,TimeService,120.62469073053771
51600.0,Recupero,NumQueue,0.0
51600.0,XRay,TimeTotal,191.11895608746178
51600.0,XRay,NumTotal,5.0
51600.0,XRay,SystemResponseTime_Success,386.4208206674297
51600.0,XRay,BusyServers,5.0
51600.0,XRay,TimeQueue,139.77531741208946
51600.0,XRay,TimeService,51.2294620303446
51600.0,XRay,NumQueue,0.0
51600.0,TraceDetection,TimeTotal,134.29795856643062
51600.0,TraceDetection,NumTotal,0.0
51600.0,TraceDetection,SystemResponseTime_Success,386.4208206674297
51600.0,TraceDetection,BusyServers,0.0
51600.0,TraceDetection,TimeQueue,74.38878225560163
51600.0,TraceDetection,TimeService,59.90917631082901
51600.0,TraceDetection,NumQueue,0.0
51600.0,FastTrack,TimeTotal,86.44234763714302
51600.0,FastTrack,NumTotal,2.0
51600.0,FastTrack,SystemResponseTime_Success,386.4208206674297
51600.0,FastTrack,BusyServers,1.0
51600.0,FastTrack,TimeQueue,36.26003984816118
51600.0,FastTrack,TimeService,50.15345592504596
51600.0,FastTrack,NumQueue,1.0
52000.0,Recupero,TimeTotal,120.62296499642413
52000.0,Recupero,NumTotal,12.0
52000.0,Recupero,SystemResponseTime_Success,385.47926974054405
52000.0,Recupero,BusyServers,12.0
52000.0,Recupero,TimeQueue,0.0
52000.0,Recupero,TimeService,120.62296499642413
52000.0,Recupero,NumQueue,0.0
52000.0,CheckIn,TimeTotal,130.81570470747664
52000.0,CheckIn,NumTotal,4.0
52000.0,CheckIn,SystemResponseTime_Success,385.47926974054405
52000.0,CheckIn,BusyServers,4.0
52000.0,CheckIn,TimeQueue,11.492888598076798
52000.0,CheckIn,TimeService,119.30455893926757
52000.0,CheckIn,NumQueue,0.0
52000.0,Varchi,TimeTotal,20.7530520833116
52000.0,Varchi,NumTotal,1.0
52000.0,Varchi,SystemResponseTime_Success,385.47926974054405
52000.0,Varchi,BusyServers,1.0
52000.0,Varchi,TimeQueue,1.973226241254799
52000.0,Varchi,TimeService,18.77952518287033
52000.0,Varchi,NumQueue,0.0
52000.0,XRay,TimeTotal,190.23588353698713
52000.0,XRay,NumTotal,10.0
52000.0,XRay,SystemResponseTime_Success,385.47926974054405
52000.0,XRay,BusyServers,6.0
52000.0,XRay,TimeQueue,138.89705909254513
52000.0,XRay,TimeService,51.24121874991396
52000.0,XRay,NumQueue,4.0
52000.0,FastTrack,TimeTotal,86.2903341204015
52000.0,FastTrack,NumTotal,1.0
52000.0,FastTrack,SystemResponseTime_Success,385.47926974054405
52000.0,FastTrack,BusyServers,1.0
52000.0,FastTrack,TimeQueue,36.09683166524107
52000.0,FastTrack,TimeService,50.13611480545418
52000.0,FastTrack,NumQueue,0.0
52000.0,TraceDetection,TimeTotal,133.84639168833198
52000.0,TraceDetection,NumTotal,1.0
52000.0,TraceDetection,SystemResponseTime_Success,385.47926974054405
52000.0,TraceDetection,BusyServers,1.0
52000.0,TraceDetection,TimeQueue,73.88991156979156
52000.0,TraceDetection,TimeService,59.84418542010613
52000.0,TraceDetection,NumQueue,0.0
52400.0,FastTrack,TimeTotal,86.15727753810955
52400.0,FastTrack,NumTotal,2.0
52400.0,FastTrack,SystemResponseTime_Success,384.6853487609486
52400.0,FastTrack,BusyServers,1.0
52400.0,FastTrack,TimeQueue,36.1660597662215
52400.0,FastTrack,TimeService,50.10208817508965
52400.0,FastTrack,NumQueue,1.0
52400.0,CheckIn,TimeTotal,130.78504910588055
52400.0,CheckIn,NumTotal,12.0
52400.0,CheckIn,SystemResponseTime_Success,384.6853487609486
52400.0,CheckIn,BusyServers,8.0
52400.0,CheckIn,TimeQueue,11.520912417797424
52400.0,CheckIn,TimeService,119.36011215501318
52400.0,CheckIn,NumQueue,4.0
52400.0,TraceDetection,TimeTotal,133.34712707322285
52400.0,TraceDetection,NumTotal,2.0
52400.0,TraceDetection,SystemResponseTime_Success,384.6853487609486
52400.0,TraceDetection,BusyServers,1.0
52400.0,TraceDetection,TimeQueue,73.44412024810353
52400.0,TraceDetection,TimeService,59.79206404528836
52400.0,TraceDetection,NumQueue,1.0
52400.0,XRay,TimeTotal,189.43660273109177
52400.0,XRay,NumTotal,10.0
52400.0,XRay,SystemResponseTime_Success,384.6853487609486
52400.0,XRay,BusyServers,6.0
52400.0,XRay,TimeQueue,138.07502721492048
52400.0,XRay,TimeService,51.24898085326671
52400.0,XRay,NumQueue,4.0
52400.0,Recupero,TimeTotal,120.67227755907506
52400.0,Recupero,NumTotal,12.0
52400.0,Recupero,SystemResponseTime_Success,384.6853487609486
52400.0,Recupero,BusyServers,12.0
52400.0,Recupero,TimeQueue,0.0
52400.0,Recupero,TimeService,120.67227755907506
52400.0,Recupero,NumQueue,0.0
52400.0,Varchi,TimeTotal,20.758484126380537
52400.0,Varchi,NumTotal,4.0
52400.0,Varchi,SystemResponseTime_Success,384.6853487609486
52400.0,Varchi,BusyServers,4.0
52400.0,Varchi,TimeQueue,1.9741999531888512
52400.0,Varchi,TimeService,18.785143246673414
52400.0,Varchi,NumQueue,0.0
52800.0,XRay,TimeTotal,188.69884444650566
52800.0,XRay,NumTotal,14.0
52800.0,XRay,SystemResponseTime_Success,384.015161970921
52800.0,XRay,BusyServers,6.0
52800.0,XRay,TimeQueue,137.4147886361487
52800.0,XRay,TimeService,51.24191192738275
52800.0,XRay,NumQueue,8.0
52800.0,Varchi,TimeTotal,20.761374827326478
52800.0,Varchi,NumTotal,6.0
52800.0,Varchi,SystemResponseTime_Success,384.015161970921
52800.0,Varchi,BusyServers,4.0
52800.0,Varchi,TimeQueue,1.9724280200366726
52800.0,Varchi,TimeService,18.791638833254776
52800.0,Varchi,NumQueue,2.0
52800.0,TraceDetection,TimeTotal,132.75485928599167
52800.0,TraceDetection,NumTotal,0.0
52800.0,TraceDetection,SystemResponseTime_Success,384.015161970921
52800.0,TraceDetection,BusyServers,0.0
52800.0,TraceDetection,TimeQueue,72.95462434183767
52800.0,TraceDetection,TimeService,59.80023494415402
52800.0,TraceDetection,NumQueue,0.0
52800.0,Recupero,TimeTotal,120.71088372465908
52800.0,Recupero,NumTotal,16.0
52800.0,Recupero,SystemResponseTime_Success,384.015161970921
52800.0,Recupero,BusyServers,16.0
52800.0,Recupero,TimeQueue,0.0
52800.0,Recupero,TimeService,120.71088372465908
52800.0,Recupero,NumQueue,0.0
52800.0,FastTrack,TimeTotal,86.22297587222016
52800.0,FastTrack,NumTotal,3.0
52800.0,FastTrack,SystemResponseTime_Success,384.015161970921
52800.0,FastTrack,BusyServers,1.0
52800.0,FastTrack,TimeQueue,36.198832821336104
52800.0,FastTrack,TimeService,50.09995297959655
52800.0,FastTrack,NumQueue,2.0
52800.0,CheckIn,TimeTotal,131.05540428794953
52800.0,CheckIn,NumTotal,6.0
52800.0,CheckIn,SystemResponseTime_Success,384.015161970921
52800.0,CheckIn,BusyServers,6.0
52800.0,CheckIn,TimeQueue,11.67847700111226
52800.0,CheckIn,TimeService,119.41373883375513
52800.0,CheckIn,NumQueue,0.0
53200.0,XRay,TimeTotal,188.04768209330274
53200.0,XRay,NumTotal,9.0
53200.0,XRay,SystemResponseTime_Success,383.5861452848608
53200.0,XRay,BusyServers,6.0
53200.0,XRay,TimeQueue,136.69665546253285
53200.0,XRay,TimeService,51.23963544084094
53200.0,XRay,NumQueue,3.0
53200.0,Varchi,TimeTotal,20.751461252086767
53200.0,Varchi,NumTotal,3.0
53200.0,Varchi,SystemResponseTime_Success,383.5861452848608
53200.0,Varchi,BusyServers,3.0
53200.0,Varchi,TimeQueue,1.9636507463019321
53200.0,Varchi,TimeService,18.787153156303457
53200.0,Varchi,NumQueue,0.0
53200.0,Recupero,TimeTotal,120.69577949464178
53200.0,Recupero,NumTotal,12.0
53200.0,Recupero,SystemResponseTime_Success,383.5861452848608
53200.0,Recupero,BusyServers,12.0
53200.0,Recupero,TimeQueue,0.0
53200.0,Recupero,TimeService,120.69577949464178
53200.0,Recupero,NumQueue,0.0
53200.0,TraceDetection,TimeTotal,132.40447557510686
53200.0,TraceDetection,NumTotal,3.0
53200.0,TraceDetection,SystemResponseTime_Success,383.5861452848608
53200.0,TraceDetection,BusyServers,1.0
53200.0,TraceDetection,TimeQueue,72.54993876292421
53200.0,TraceDetection,TimeService,59.79617626872237
53200.0,TraceDetection,NumQueue,2.0
53200.0,CheckIn,TimeTotal,131.01966947211918
53200.0,CheckIn,NumTotal,2.0
53200.0,CheckIn,SystemResponseTime_Success,383.5861452848608
53200.0,CheckIn,BusyServers,2.0
53200.0,CheckIn,TimeQueue,11.615129973597508
53200.0,CheckIn,TimeService,119.39553203053103
53200.0,CheckIn,NumQueue,0.0
53200.0,FastTrack,TimeTotal,86.77395046900351
53200.0,FastTrack,NumTotal,0.0
53200.0,FastTrack,SystemResponseTime_Success,383.5861452848608
53200.0,FastTrack,BusyServers,0.0
53200.0,FastTrack,TimeQueue,36.6732516032999
53200.0,FastTrack,TimeService,50.10069886570362
53200.0,FastTrack,NumQueue,0.0
53600.0,Recupero,TimeTotal,120.59972501852576
53600.0,Recupero,NumTotal,14.0
53600.0,Recupero,SystemResponseTime_Success,382.6493664096625
53600.0,Recupero,BusyServers,14.0
53600.0,Recupero,TimeQueue,0.0
53600.0,Recupero,TimeService,120.59972501852576
53600.0,Recupero,NumQueue,0.0
53600.0,Varchi,TimeTotal,20.75146109643829
53600.0,Varchi,NumTotal,1.0
53600.0,Varchi,SystemResponseTime_Success,382.6493664096625
53600.0,Varchi,BusyServers,1.0
53600.0,Varchi,TimeQueue,1.959935684844547
53600.0,Varchi,TimeService,18.79123565173504
53600.0,Varchi,NumQueue,0.0
53600.0,XRay,TimeTotal,187.1441896559658
53600.0,XRay,NumTotal,8.0
53600.0,XRay,SystemResponseTime_Success,382.6493664096625
53600.0,XRay,BusyServers,6.0
53600.0,XRay,TimeQueue,135.78173734438215
53600.0,XRay,TimeService,51.23292487443939
53600.0,XRay,NumQueue,2.0
53600.0,TraceDetection,TimeTotal,133.00899032319253
53600.0,TraceDetection,NumTotal,0.0
53600.0,TraceDetection,SystemResponseTime_Success,382.6493664096625
53600.0,TraceDetection,BusyServers,0.0
53600.0,TraceDetection,TimeQueue,73.11608641750904
53600.0,TraceDetection,TimeService,59.892903905683575
53600.0,TraceDetection,NumQueue,0.0
53600.0,FastTrack,TimeTotal,86.56120062915822
53600.0,FastTrack,NumTotal,1.0
53600.0,FastTrack,SystemResponseTime_Success,382.6493664096625
53600.0,FastTrack,BusyServers,1.0
53600.0,FastTrack,TimeQueue,36.477482724663034
53600.0,FastTrack,TimeService,50.11328390514129
53600.0,FastTrack,NumQueue,0.0
53600.0,CheckIn,TimeTotal,130.90344177791152
53600.0,CheckIn,NumTotal,11.0
53600.0,CheckIn,SystemResponseTime_Success,382.6493664096625
53600.0,CheckIn,BusyServers,8.0
53600.0,CheckIn,TimeQueue,11.52833650367801
53600.0,CheckIn,TimeService,119.3509753186222
53600.0,CheckIn,NumQueue,3.0
54000.0,TraceDetection,TimeTotal,132.92026955651184
54000.0,TraceDetection,NumTotal,0.0
54000.0,TraceDetection,SystemResponseTime_Success,382.00001051833124
54000.0,TraceDetection,BusyServers,0.0
54000.0,TraceDetection,TimeQueue,73.00872065184456
54000.0,TraceDetection,TimeService,59.91154890466735
54000.0,TraceDetection,NumQueue,0.0
54000.0,CheckIn,TimeTotal,130.9479125753757
54000.0,CheckIn,NumTotal,7.0
54000.0,CheckIn,SystemResponseTime_Success,382.00001051833124
54000.0,CheckIn,BusyServers,7.0
54000.0,CheckIn,TimeQueue,11.490586891708448
54000.0,CheckIn,TimeService,119.43115015632192
54000.0,CheckIn,NumQueue,0.0
54000.0,FastTrack,TimeTotal,86.56901102443253
54000.0,FastTrack,NumTotal,3.0
54000.0,FastTrack,SystemResponseTime_Success,382.00001051833124
54000.0,FastTrack,BusyServers,1.0
54000.0,FastTrack,TimeQueue,36.45086929535469
54000.0,FastTrack,TimeService,50.15722938348135
54000.0,FastTrack,NumQueue,2.0
54000.0,Recupero,TimeTotal,120.62147993751466
54000.0,Recupero,NumTotal,15.0
54000.0,Recupero,SystemResponseTime_Success,382.00001051833124
54000.0,Recupero,BusyServers,15.0
54000.0,Recupero,TimeQueue,0.0
54000.0,Recupero,TimeService,120.62147993751466
54000.0,Recupero,NumQueue,0.0
54000.0,XRay,TimeTotal,186.506730501126
54000.0,XRay,NumTotal,6.0
54000.0,XRay,SystemResponseTime_Success,382.00001051833124
54000.0,XRay,BusyServers,6.0
54000.0,XRay,TimeQueue,135.13327604377002
54000.0,XRay,TimeService,51.248540503125646
54000.0,XRay,NumQueue,0.0
54000.0,Varchi,TimeTotal,20.794695942267367
54000.0,Varchi,NumTotal,1.0
54000.0,Varchi,SystemResponseTime_Success,382.00001051833124
54000.0,Varchi,BusyServers,1.0
54000.0,Varchi,TimeQueue,1.9887878653059738
54000.0,Varchi,TimeService,18.80561612336998
54000.0,Varchi,NumQueue,0.0
54400.0,TraceDetection,TimeTotal,132.65615614652685
54400.0,TraceDetection,NumTotal,3.0
54400.0,TraceDetection,SystemResponseTime_Success,381.33196975248507
54400.0,TraceDetection,BusyServers,1.0
54400.0,TraceDetection,TimeQueue,72.66021865768698
54400.0,TraceDetection,TimeService,59.88970909898952
54400.0,TraceDetection,NumQueue,2.0
54400.0,Recupero,TimeTotal,120.63042948761104
54400.0,Recupero,NumTotal,14.0
54400.0,Recupero,SystemResponseTime_Success,381.33196975248507
54400.0,Recupero,BusyServers,14.0
54400.0,Recupero,TimeQueue,0.0
54400.0,Recupero,TimeService,120.63042948761104
54400.0,Recupero,NumQueue,0.0
54400.0,XRay,TimeTotal,185.68072372670875
54400.0,XRay,NumTotal,7.0
54400.0,XRay,SystemResponseTime_Success,381.33196975248507
54400.0,XRay,BusyServers,6.0
54400.0,XRay,TimeQueue,134.35165634326364
54400.0,XRay,TimeService,51.24329660880615
54400.0,XRay,NumQueue,1.0
54400.0,CheckIn,TimeTotal,130.84907911875354
54400.0,CheckIn,NumTotal,11.0
54400.0,CheckIn,SystemResponseTime_Success,381.33196975248507
54400.0,CheckIn,BusyServers,8.0
54400.0,CheckIn,TimeQueue,11.42094697115264
54400.0,CheckIn,TimeService,119.39341802306826
54400.0,CheckIn,NumQueue,3.0
54400.0,FastTrack,TimeTotal,86.57052294452248
54400.0,FastTrack,NumTotal,0.0
54400.0,FastTrack,SystemResponseTime_Success,381.33196975248507
54400.0,FastTrack,BusyServers,0.0
54400.0,FastTrack,TimeQueue,36.400291908512
54400.0,FastTrack,TimeService,50.17023103601048
54400.0,FastTrack,NumQueue,0.0
54400.0,Varchi,TimeTotal,20.80605384050667
54400.0,Varchi,NumTotal,1.0
54400.0,Varchi,SystemResponseTime_Success,381.33196975248507
54400.0,Varchi,BusyServers,1.0
54400.0,Varchi,TimeQueue,2.0015282158224315
54400.0,Varchi,TimeService,18.804233984262407
54400.0,Varchi,NumQueue,0.0
54800.0,XRay,TimeTotal,184.84887402064774
54800.0,XRay,NumTotal,9.0
54800.0,XRay,SystemResponseTime_Success,380.52636427474044
54800.0,XRay,BusyServers,6.0
54800.0,XRay,TimeQueue,133.48387056958813
54800.0,XRay,TimeService,51.24289456529046
54800.0,XRay,NumQueue,3.0
54800.0,CheckIn,TimeTotal,130.84533407195107
54800.0,CheckIn,NumTotal,8.0
54800.0,CheckIn,SystemResponseTime_Success,380.52636427474044
54800.0,CheckIn,BusyServers,8.0
54800.0,CheckIn,TimeQueue,11.440869273612003
54800.0,CheckIn,TimeService,119.44203521453684
54800.0,CheckIn,NumQueue,0.0
54800.0,Recupero,TimeTotal,120.61507384184381
54800.0,Recupero,NumTotal,13.0
54800.0,Recupero,SystemResponseTime_Success,380.52636427474044
54800.0,Recupero,BusyServers,13.0
54800.0,Recupero,TimeQueue,0.0
54800.0,Recupero,TimeService,120.61507384184381
54800.0,Recupero,NumQueue,0.0
54800.0,FastTrack,TimeTotal,86.58460257516252
54800.0,FastTrack,NumTotal,1.0
54800.0,FastTrack,SystemResponseTime_Success,380.52636427474044
54800.0,FastTrack,BusyServers,1.0
54800.0,FastTrack,TimeQueue,36.314061616754145
54800.0,FastTrack,TimeService,50.215933346954614
54800.0,FastTrack,NumQueue,0.0
54800.0,TraceDetection,TimeTotal,132.6040095450039
54800.0,TraceDetection,NumTotal,1.0
54800.0,TraceDetection,SystemResponseTime_Success,380.52636427474044
54800.0,TraceDetection,BusyServers,1.0
54800.0,TraceDetection,TimeQueue,72.55387519308778
54800.0,TraceDetection,TimeService,59.94498380815808
54800.0,TraceDetection,NumQueue,0.0
54800.0,Varchi,TimeTotal,20.802463659468422
54800.0,Varchi,NumTotal,1.0
54800.0,Varchi,SystemResponseTime_Success,380.52636427474044
54800.0,Varchi,BusyServers,1.0
54800.0,Varchi,TimeQueue,1.9931954182240303
54800.0,Varchi,TimeService,18.808979957267333
54800.0,Varchi,NumQueue,0.0
55200.0,Varchi,TimeTotal,20.78398951617596
55200.0,Varchi,NumTotal,3.0
55200.0,Varchi,SystemResponseTime_Success,379.9190068367665
55200.0,Varchi,BusyServers,3.0
55200.0,Varchi,TimeQueue,1.9847025337354718
55200.0,Varchi,TimeService,18.798432857121266
55200.0,Varchi,NumQueue,0.0
55200.0,TraceDetection,TimeTotal,132.5366885801675
55200.0,TraceDetection,NumTotal,0.0
55200.0,TraceDetection,SystemResponseTime_Success,379.9190068367665
55200.0,TraceDetection,BusyServers,0.0
55200.0,TraceDetection,TimeQueue,72.49134196258079
55200.0,TraceDetection,TimeService,60.045346617586816
55200.0,TraceDetection,NumQueue,0.0
55200.0,XRay,TimeTotal,184.13040879855626
55200.0,XRay,NumTotal,15.0
55200.0,XRay,SystemResponseTime_Success,379.9190068367665
55200.0,XRay,BusyServers,6.0
55200.0,XRay,TimeQueue,132.7948216931536
55200.0,XRay,TimeService,51.26829997668905
55200.0,XRay,NumQueue,9.0
55200.0,FastTrack,TimeTotal,86.41354586579867
55200.0,FastTrack,NumTotal,2.0
55200.0,FastTrack,SystemResponseTime_Success,379.9190068367665
55200.0,FastTrack,BusyServers,1.0
55200.0,FastTrack,TimeQueue,36.11290523711065
55200.0,FastTrack,TimeService,50.284033906760435
55200.0,FastTrack,NumQueue,1.0
55200.0,CheckIn,TimeTotal,130.90592760079699
55200.0,CheckIn,NumTotal,5.0
55200.0,CheckIn,SystemResponseTime_Success,379.9190068367665
55200.0,CheckIn,BusyServers,5.0
55200.0,CheckIn,TimeQueue,11.374125171339932
55200.0,CheckIn,TimeService,119.51187021512989
55200.0,CheckIn,NumQueue,0.0
55200.0,Recupero,TimeTotal,120.63991538501621
55200.0,Recupero,NumTotal,17.0
55200.0,Recupero,SystemResponseTime_Success,379.9190068367665
55200.0,Recupero,BusyServers,17.0
55200.0,Recupero,TimeQueue,0.0
55200.0,Recupero,TimeService,120.63991538501621
55200.0,Recupero,NumQueue,0.0
55600.0,CheckIn,TimeTotal,130.9458358694976
55600.0,CheckIn,NumTotal,5.0
55600.0,CheckIn,SystemResponseTime_Success,379.2044701188285
55600.0,CheckIn,BusyServers,5.0
55600.0,CheckIn,TimeQueue,11.320235040081705
55600.0,CheckIn,TimeService,119.60462189123905
55600.0,CheckIn,NumQueue,0.0
55600.0,Recupero,TimeTotal,120.5607397701183
55600.0,Recupero,NumTotal,13.0
55600.0,Recupero,SystemResponseTime_Success,379.2044701188285
55600.0,Recupero,BusyServers,13.0
55600.0,Recupero,TimeQueue,0.0
55600.0,Recupero,TimeService,120.5607397701183
55600.0,Recupero,NumQueue,0.0
55600.0,Varchi,TimeTotal,20.773428530451554
55600.0,Varchi,NumTotal,7.0
55600.0,Varchi,SystemResponseTime_Success,379.2044701188285
55600.0,Varchi,BusyServers,4.0
55600.0,Varchi,TimeQueue,1.9739961101121202
55600.0,Varchi,TimeService,18.800334483840835
55600.0,Varchi,NumQueue,3.0
55600.0,FastTrack,TimeTotal,86.42666017973966
55600.0,FastTrack,NumTotal,1.0
55600.0,FastTrack,SystemResponseTime_Success,379.2044701188285
55600.0,FastTrack,BusyServers,1.0
55600.0,FastTrack,TimeQueue,36.10557706014921
55600.0,FastTrack,TimeService,50.267830056079916
55600.0,FastTrack,NumQueue,0.0
55600.0,XRay,TimeTotal,183.53387298159387
55600.0,XRay,NumTotal,7.0
55600.0,XRay,SystemResponseTime_Success,379.2044701188285
55600.0,XRay,BusyServers,6.0
55600.0,XRay,TimeQueue,132.16942698296936
55600.0,XRay,TimeService,51.26040739917152
55600.0,XRay,NumQueue,1.0
55600.0,TraceDetection,TimeTotal,132.12093127706416
55600.0,TraceDetection,NumTotal,2.0
55600.0,TraceDetection,SystemResponseTime_Success,379.2044701188285
55600.0,TraceDetection,BusyServers,1.0
55600.0,TraceDetection,TimeQueue,72.06540266764821
55600.0,TraceDetection,TimeService,60.00559776849259
55600.0,TraceDetection,NumQueue,1.0
56000.0,XRay,TimeTotal,182.82323998432977
56000.0,XRay,NumTotal,18.0
56000.0,XRay,SystemResponseTime_Success,378.3601294700864
56000.0,XRay,BusyServers,6.0
56000.0,XRay,TimeQueue,131.54571486493353
56000.0,XRay,TimeService,51.244007918353034
56000.0,XRay,NumQueue,12.0
56000.0,FastTrack,TimeTotal,86.34423583625227
56000.0,FastTrack,NumTotal,0.0
56000.0,FastTrack,SystemResponseTime_Success,378.3601294700864
56000.0,FastTrack,BusyServers,0.0
56000.0,FastTrack,TimeQueue,36.10464439328084
56000.0,FastTrack,TimeService,50.23959144297143
56000.0,FastTrack,NumQueue,0.0
56000.0,TraceDetection,TimeTotal,131.58374030098489
56000.0,TraceDetection,NumTotal,2.0
56000.0,TraceDetection,SystemResponseTime_Success,378.3601294700864
56000.0,TraceDetection,BusyServers,1.0
56000.0,TraceDetection,TimeQueue,71.62818679379247
56000.0,TraceDetection,TimeService,59.88982178930859
56000.0,TraceDetection,NumQueue,1.0
56000.0,Recupero,TimeTotal,120.54642128230606
56000.0,Recupero,NumTotal,16.0
56000.0,Recupero,SystemResponseTime_Success,378.3601294700864
56000.0,Recupero,BusyServers,16.0
56000.0,Recupero,TimeQueue,0.0
56000.0,Recupero,TimeService,120.54642128230606
56000.0,Recupero,NumQueue,0.0
56000.0,CheckIn,TimeTotal,130.99908814952613
56000.0,CheckIn,NumTotal,8.0
56000.0,CheckIn,SystemResponseTime_Success,378.3601294700864
56000.0,CheckIn,BusyServers,8.0
56000.0,CheckIn,TimeQueue,11.506095271952839
56000.0,CheckIn,TimeService,119.55485557547648
56000.0,CheckIn,NumQueue,0.0
56000.0,Varchi,TimeTotal,20.813238518063574
56000.0,Varchi,NumTotal,1.0
56000.0,Varchi,SystemResponseTime_Success,378.3601294700864
56000.0,Varchi,BusyServers,1.0
56000.0,Varchi,TimeQueue,2.0080737948312177
56000.0,Varchi,TimeService,18.804881297149944
56000.0,Varchi,NumQueue,0.0
56400.0,CheckIn,TimeTotal,131.0346751489927
56400.0,CheckIn,NumTotal,5.0
56400.0,CheckIn,SystemResponseTime_Success,378.2614350152478
56400.0,CheckIn,BusyServers,5.0
56400.0,CheckIn,TimeQueue,11.426486858339093
56400.0,CheckIn,TimeService,119.5873674326753
56400.0,CheckIn,NumQueue,0.0
56400.0,XRay,TimeTotal,182.5815927184823
56400.0,XRay,NumTotal,12.0
56400.0,XRay,SystemResponseTime_Success,378.2614350152478
56400.0,XRay,BusyServers,6.0
56400.0,XRay,TimeQueue,131.27748249775843
56400.0,XRay,TimeService,51.25209746614593
56400.0,XRay,NumQueue,6.0
56400.0,FastTrack,TimeTotal,86.27101048748821
56400.0,FastTrack,NumTotal,0.0
56400.0,FastTrack,SystemResponseTime_Success,378.2614350152478
56400.0,FastTrack,BusyServers,0.0
56400.0,FastTrack,TimeQueue,36.05209032575059
56400.0,FastTrack,TimeService,50.21892016173762
56400.0,FastTrack,NumQueue,0.0
56400.0,Recupero,TimeTotal,120.52426649561137
56400.0,Recupero,NumTotal,12.0
56400.0,Recupero,SystemResponseTime_Success,378.2614350152478
56400.0,Recupero,BusyServers,12.0
56400.0,Recupero,TimeQueue,0.0
56400.0,Recupero,TimeService,120.52426649561137
56400.0,Recupero,NumQueue,0.0
56400.0,TraceDetection,TimeTotal,131.4373237317662
56400.0,TraceDetection,NumTotal,4.0
56400.0,TraceDetection,SystemResponseTime_Success,378.2614350152478
56400.0,TraceDetection,BusyServers,1.0
56400.0,TraceDetection,TimeQueue,71.57044066816182
56400.0,TraceDetection,TimeService,59.861912527825375
56400.0,TraceDetection,NumQueue,3.0
56400.0,Varchi,TimeTotal,20.813910237833376
56400.0,Varchi,NumTotal,2.0
56400.0,Varchi,SystemResponseTime_Success,378.2614350152478
56400.0,Varchi,BusyServers,2.0
56400.0,Varchi,TimeQueue,2.004972099056108
56400.0,Varchi,TimeService,18.808375497526082
56400.0,Varchi,NumQueue,0.0
56800.0,CheckIn,TimeTotal,130.97866237591455
56800.0,CheckIn,NumTotal,6.0
56800.0,CheckIn,SystemResponseTime_Success,377.9196681784564
56800.0,CheckIn,BusyServers,6.0
56800.0,CheckIn,TimeQueue,11.358542974069309
56800.0,CheckIn,TimeService,119.6033830873676
56800.0,CheckIn,NumQueue,0.0
56800.0,TraceDetection,TimeTotal,132.23597949603098
56800.0,TraceDetection,NumTotal,2.0
56800.0,TraceDetection,SystemResponseTime_Success,377.9196681784564
56800.0,TraceDetection,BusyServers,1.0
56800.0,TraceDetection,TimeQueue,72.29103157979344
56800.0,TraceDetection,TimeService,59.924958410419734
56800.0,TraceDetection,NumQueue,1.0
56800.0,Varchi,TimeTotal,20.808860439701768
56800.0,Varchi,NumTotal,4.0
56800.0,Varchi,SystemResponseTime_Success,377.9196681784564
56800.0,Varchi,BusyServers,4.0
56800.0,Varchi,TimeQueue,1.9978004449050615
56800.0,Varchi,TimeService,18.811533371100552
56800.0,Varchi,NumQueue,0.0
56800.0,XRay,TimeTotal,181.88992223905558
56800.0,XRay,NumTotal,7.0
56800.0,XRay,SystemResponseTime_Success,377.9196681784564
56800.0,XRay,BusyServers,6.0
56800.0,XRay,TimeQueue,130.54588081317542
56800.0,XRay,TimeService,51.23792416218751
56800.0,XRay,NumQueue,1.0
56800.0,Recupero,TimeTotal,120.51840931498519
56800.0,Recupero,NumTotal,14.0
56800.0,Recupero,SystemResponseTime_Success,377.9196681784564
56800.0,Recupero,BusyServers,14.0
56800.0,Recupero,TimeQueue,0.0
56800.0,Recupero,TimeService,120.51840931498519
56800.0,Recupero,NumQueue,0.0
56800.0,FastTrack,TimeTotal,86.03589900370375
56800.0,FastTrack,NumTotal,0.0
56800.0,FastTrack,SystemResponseTime_Success,377.9196681784564
56800.0,FastTrack,BusyServers,0.0
56800.0,FastTrack,TimeQueue,35.86266558967215
56800.0,FastTrack,TimeService,50.17323341403161
56800.0,FastTrack,NumQueue,0.0
57200.0,Varchi,TimeTotal,20.798661414818252
57200.0,Varchi,NumTotal,2.0
57200.0,Varchi,SystemResponseTime_Success,377.2839639555035
57200.0,Varchi,BusyServers,2.0
57200.0,Varchi,TimeQueue,1.9873595122258414
57200.0,Varchi,TimeService,18.81075169231782
57200.0,Varchi,NumQueue,0.0
57200.0,FastTrack,TimeTotal,85.92565589034399
57200.0,FastTrack,NumTotal,0.0
57200.0,FastTrack,SystemResponseTime_Success,377.2839639555035
57200.0,FastTrack,BusyServers,0.0
57200.0,FastTrack,TimeQueue,35.753648530474415
57200.0,FastTrack,TimeService,50.17200735986958
57200.0,FastTrack,NumQueue,0.0
57200.0,Recupero,TimeTotal,120.50634599119027
57200.0,Recupero,NumTotal,15.0
57200.0,Recupero,SystemResponseTime_Success,377.2839639555035
57200.0,Recupero,BusyServers,15.0
57200.0,Recupero,TimeQueue,0.0
57200.0,Recupero,TimeService,120.50634599119027
57200.0,Recupero,NumQueue,0.0
57200.0,CheckIn,TimeTotal,130.93015459443345
57200.0,CheckIn,NumTotal,5.0
57200.0,CheckIn,SystemResponseTime_Success,377.2839639555035
57200.0,CheckIn,BusyServers,5.0
57200.0,CheckIn,TimeQueue,11.293357648536631
57200.0,CheckIn,TimeService,119.61650704713882
57200.0,CheckIn,NumQueue,0.0
57200.0,TraceDetection,TimeTotal,132.75631577614297
57200.0,TraceDetection,NumTotal,1.0
57200.0,TraceDetection,SystemResponseTime_Success,377.2839639555035
57200.0,TraceDetection,BusyServers,1.0
57200.0,TraceDetection,TimeQueue,73.03809533698922
57200.0,TraceDetection,TimeService,59.86435712360907
57200.0,TraceDetection,NumQueue,0.0
57200.0,XRay,TimeTotal,181.0727365937424
57200.0,XRay,NumTotal,13.0
57200.0,XRay,SystemResponseTime_Success,377.2839639555035
57200.0,XRay,BusyServers,6.0
57200.0,XRay,TimeQueue,129.7496658559483
57200.0,XRay,TimeService,51.232704599836296
57200.0,XRay,NumQueue,7.0
57600.0,Recupero,TimeTotal,120.57713168583804
57600.0,Recupero,NumTotal,11.0
57600.0,Recupero,SystemResponseTime_Success,376.7618007271354
57600.0,Recupero,BusyServers,11.0
57600.0,Recupero,TimeQueue,0.0
57600.0,Recupero,TimeService,120.57713168583804
57600.0,Recupero,NumQueue,0.0
57600.0,TraceDetection,TimeTotal,132.67828227846158
57600.0,TraceDetection,NumTotal,1.0
57600.0,TraceDetection,SystemResponseTime_Success,376.7618007271354
57600.0,TraceDetection,BusyServers,1.0
57600.0,TraceDetection,TimeQueue,72.6659224258875
57600.0,TraceDetection,TimeService,59.9132248970136
57600.0,TraceDetection,NumQueue,0.0
57600.0,CheckIn,TimeTotal,131.0534955644718
57600.0,CheckIn,NumTotal,7.0
57600.0,CheckIn,SystemResponseTime_Success,376.7618007271354
57600.0,CheckIn,BusyServers,7.0
57600.0,CheckIn,TimeQueue,11.479112601379464
57600.0,CheckIn,TimeService,119.60066239400373
57600.0,CheckIn,NumQueue,0.0
57600.0,FastTrack,TimeTotal,85.81831052017306
57600.0,FastTrack,NumTotal,0.0
57600.0,FastTrack,SystemResponseTime_Success,376.7618007271354
57600.0,FastTrack,BusyServers,0.0
57600.0,FastTrack,TimeQueue,35.644028986396634
57600.0,FastTrack,TimeService,50.17428153377643
57600.0,FastTrack,NumQueue,0.0
57600.0,Varchi,TimeTotal,20.78807429843678
57600.0,Varchi,NumTotal,1.0
57600.0,Varchi,SystemResponseTime_Success,376.7618007271354
57600.0,Varchi,BusyServers,1.0
57600.0,Varchi,TimeQueue,1.9828526368883563
57600.0,Varchi,TimeService,18.80494910448503
57600.0,Varchi,NumQueue,0.0
57600.0,XRay,TimeTotal,180.46298092287495
57600.0,XRay,NumTotal,17.0
57600.0,XRay,SystemResponseTime_Success,376.7618007271354
57600.0,XRay,BusyServers,6.0
57600.0,XRay,TimeQueue,129.16361591030292
57600.0,XRay,TimeService,51.24543734725275
57600.0,XRay,NumQueue,11.0
58000.0,CheckIn,TimeTotal,131.05269503896335
58000.0,CheckIn,NumTotal,7.0
58000.0,CheckIn,SystemResponseTime_Success,376.47021019348745
58000.0,CheckIn,BusyServers,7.0
58000.0,CheckIn,TimeQueue,11.395817154736958
58000.0,CheckIn,TimeService,119.62866043814081
58000.0,CheckIn,NumQueue,0.0
58000.0,FastTrack,TimeTotal,85.62310664786445
58000.0,FastTrack,NumTotal,0.0
58000.0,FastTrack,SystemResponseTime_Success,376.47021019348745
58000.0,FastTrack,BusyServers,0.0
58000.0,FastTrack,TimeQueue,35.48947844646159
58000.0,FastTrack,TimeService,50.13362820140286
58000.0,FastTrack,NumQueue,0.0
58000.0,Varchi,TimeTotal,20.775545824204883
58000.0,Varchi,NumTotal,2.0
58000.0,Varchi,SystemResponseTime_Success,376.47021019348745
58000.0,Varchi,BusyServers,2.0
58000.0,Varchi,TimeQueue,1.979142301304183
58000.0,Varchi,TimeService,18.795863216512224
58000.0,Varchi,NumQueue,0.0
58000.0,TraceDetection,TimeTotal,132.74071454865637
58000.0,TraceDetection,NumTotal,5.0
58000.0,TraceDetection,SystemResponseTime_Success,376.47021019348745
58000.0,TraceDetection,BusyServers,1.0
58000.0,TraceDetection,TimeQueue,73.00653171084075
58000.0,TraceDetection,TimeService,59.924189847641856
58000.0,TraceDetection,NumQueue,4.0
58000.0,XRay,TimeTotal,179.98015557328182
58000.0,XRay,NumTotal,13.0
58000.0,XRay,SystemResponseTime_Success,376.47021019348745
58000.0,XRay,BusyServers,6.0
58000.0,XRay,TimeQueue,128.68224523882867
58000.0,XRay,TimeService,51.24220811357303
58000.0,XRay,NumQueue,7.0
58000.0,Recupero,TimeTotal,120.56561622990512
58000.0,Recupero,NumTotal,19.0
58000.0,Recupero,SystemResponseTime_Success,376.47021019348745
58000.0,Recupero,BusyServers,19.0
58000.0,Recupero,TimeQueue,0.0
58000.0,Recupero,TimeService,120.56561622990512
58000.0,Recupero,NumQueue,0.0
58400.0,FastTrack,TimeTotal,85.68916810709892
58400.0,FastTrack,NumTotal,5.0
58400.0,FastTrack,SystemResponseTime_Success,376.03129585683365
58400.0,FastTrack,BusyServers,1.0
58400.0,FastTrack,TimeQueue,35.724290781011305
58400.0,FastTrack,TimeService,50.13038550373869
58400.0,FastTrack,NumQueue,4.0
58400.0,XRay,TimeTotal,179.57644071404852
58400.0,XRay,NumTotal,21.0
58400.0,XRay,SystemResponseTime_Success,376.03129585683365
58400.0,XRay,BusyServers,6.0
58400.0,XRay,TimeQueue,128.30125490830895
58400.0,XRay,TimeService,51.25360713398673
58400.0,XRay,NumQueue,15.0
58400.0,CheckIn,TimeTotal,131.0373725063569
58400.0,CheckIn,NumTotal,6.0
58400.0,CheckIn,SystemResponseTime_Success,376.03129585683365
58400.0,CheckIn,BusyServers,6.0
58400.0,CheckIn,TimeQueue,11.376661254530552
58400.0,CheckIn,TimeService,119.65937366725848
58400.0,CheckIn,NumQueue,0.0
58400.0,TraceDetection,TimeTotal,134.4675943241715
58400.0,TraceDetection,NumTotal,3.0
58400.0,TraceDetection,SystemResponseTime_Success,376.03129585683365
58400.0,TraceDetection,BusyServers,1.0
58400.0,TraceDetection,TimeQueue,74.67412897987799
58400.0,TraceDetection,TimeService,59.99572333929276
58400.0,TraceDetection,NumQueue,2.0
58400.0,Recupero,TimeTotal,120.56490201739288
58400.0,Recupero,NumTotal,16.0
58400.0,Recupero,SystemResponseTime_Success,376.03129585683365
58400.0,Recupero,BusyServers,16.0
58400.0,Recupero,TimeQueue,0.0
58400.0,Recupero,TimeService,120.56490201739288
58400.0,Recupero,NumQueue,0.0
58400.0,Varchi,TimeTotal,20.779957995788653
58400.0,Varchi,NumTotal,1.0
58400.0,Varchi,SystemResponseTime_Success,376.03129585683365
58400.0,Varchi,BusyServers,1.0
58400.0,Varchi,TimeQueue,1.9911508276033596
58400.0,Varchi,TimeService,18.788537729643085
58400.0,Varchi,NumQueue,0.0
58800.0,Varchi,TimeTotal,20.778329558105955
58800.0,Varchi,NumTotal,3.0
58800.0,Varchi,SystemResponseTime_Success,376.0788308350994
58800.0,Varchi,BusyServers,3.0
58800.0,Varchi,TimeQueue,1.9911232201287157
58800.0,Varchi,TimeService,18.78640411266705
58800.0,Varchi,NumQueue,0.0
58800.0,CheckIn,TimeTotal,130.97362638583488
58800.0,CheckIn,NumTotal,8.0
58800.0,CheckIn,SystemResponseTime_Success,376.0788308350994
58800.0,CheckIn,BusyServers,8.0
58800.0,CheckIn,TimeQueue,11.309151921716976
58800.0,CheckIn,TimeService,119.64262684810586
58800.0,CheckIn,NumQueue,0.0
58800.0,XRay,TimeTotal,179.49435764754165
58800.0,XRay,NumTotal,25.0
58800.0,XRay,SystemResponseTime_Success,376.0788308350994
58800.0,XRay,BusyServers,6.0
58800.0,XRay,TimeQueue,128.26236340724915
58800.0,XRay,TimeService,51.235895007952166
58800.0,XRay,NumQueue,19.0
58800.0,Recupero,TimeTotal,120.57426833459216
58800.0,Recupero,NumTotal,16.0
58800.0,Recupero,SystemResponseTime_Success,376.0788308350994
58800.0,Recupero,BusyServers,16.0
58800.0,Recupero,TimeQueue,0.0
58800.0,Recupero,TimeService,120.57426833459216
58800.0,Recupero,NumQueue,0.0
58800.0,FastTrack,TimeTotal,86.55865699940864
58800.0,FastTrack,NumTotal,1.0
58800.0,FastTrack,SystemResponseTime_Success,376.0788308350994
58800.0,FastTrack,BusyServers,1.0
58800.0,FastTrack,TimeQueue,36.40623485022165
58800.0,FastTrack,TimeService,50.10164636836382
58800.0,FastTrack,NumQueue,0.0
58800.0,TraceDetection,TimeTotal,135.37482353482116
58800.0,TraceDetection,NumTotal,6.0
58800.0,TraceDetection,SystemResponseTime_Success,376.0788308350994
58800.0,TraceDetection,BusyServers,1.0
58800.0,TraceDetection,TimeQueue,75.51523222090636
58800.0,TraceDetection,TimeService,59.99800290246882
58800.0,TraceDetection,NumQueue,5.0
59200.0,TraceDetection,TimeTotal,137.08248614739728
59200.0,TraceDetection,NumTotal,5.0
59200.0,TraceDetection,SystemResponseTime_Success,376.2693940756781
59200.0,TraceDetection,BusyServers,1.0
59200.0,TraceDetection,TimeQueue,77.3127535528567
59200.0,TraceDetection,TimeService,60.04938410808464
59200.0,TraceDetection,NumQueue,4.0
59200.0,Recupero,TimeTotal,120.55632802153394
59200.0,Recupero,NumTotal,16.0
59200.0,Recupero,SystemResponseTime_Success,376.2693940756781
59200.0,Recupero,BusyServers,16.0
59200.0,Recupero,TimeQueue,0.0
59200.0,Recupero,TimeService,120.55632802153394
59200.0,Recupero,NumQueue,0.0
59200.0,CheckIn,TimeTotal,130.93421995514095
59200.0,CheckIn,NumTotal,8.0
59200.0,CheckIn,SystemResponseTime_Success,376.2693940756781
59200.0,CheckIn,BusyServers,8.0
59200.0,CheckIn,TimeQueue,11.26783153704205
59200.0,CheckIn,TimeService,119.66809835896468
59200.0,CheckIn,NumQueue,0.0
59200.0,FastTrack,TimeTotal,86.25388599815241
59200.0,FastTrack,NumTotal,0.0
59200.0,FastTrack,SystemResponseTime_Success,376.2693940756781
59200.0,FastTrack,BusyServers,0.0
59200.0,FastTrack,TimeQueue,36.21633098602408
59200.0,FastTrack,TimeService,50.03755501212833
59200.0,FastTrack,NumQueue,0.0
59200.0,Varchi,TimeTotal,20.77815651936024
59200.0,Varchi,NumTotal,5.0
59200.0,Varchi,SystemResponseTime_Success,376.2693940756781
59200.0,Varchi,BusyServers,4.0
59200.0,Varchi,TimeQueue,1.9832924358532888
59200.0,Varchi,TimeService,18.794874215200164
59200.0,Varchi,NumQueue,1.0
59200.0,XRay,TimeTotal,179.60336515717626
59200.0,XRay,NumTotal,17.0
59200.0,XRay,SystemResponseTime_Success,376.2693940756781
59200.0,XRay,BusyServers,6.0
59200.0,XRay,TimeQueue,128.38493852369632
59200.0,XRay,TimeService,51.2205097016663
59200.0,XRay,NumQueue,11.0
59600.0,XRay,TimeTotal,179.3747641076347
59600.0,XRay,NumTotal,11.0
59600.0,XRay,SystemResponseTime_Success,376.3968611553699
59600.0,XRay,BusyServers,6.0
59600.0,XRay,TimeQueue,128.12260620882623
59600.0,XRay,TimeService,51.20252211283261
59600.0,XRay,NumQueue,5.0
59600.0,Recupero,TimeTotal,120.57018543970501
59600.0,Recupero,NumTotal,16.0
59600.0,Recupero,SystemResponseTime_Success,376.3968611553699
59600.0,Recupero,BusyServers,16.0
59600.0,Recupero,TimeQueue,0.0
59600.0,Recupero,TimeService,120.57018543970501
59600.0,Recupero,NumQueue,0.0
59600.0,CheckIn,TimeTotal,131.00360024012573
59600.0,CheckIn,NumTotal,6.0
59600.0,CheckIn,SystemResponseTime_Success,376.3968611553699
59600.0,CheckIn,BusyServers,6.0
59600.0,CheckIn,TimeQueue,11.24670402180442
59600.0,CheckIn,TimeService,119.73369118939023
59600.0,CheckIn,NumQueue,0.0
59600.0,FastTrack,TimeTotal,86.07870210687652
59600.0,FastTrack,NumTotal,0.0
59600.0,FastTrack,SystemResponseTime_Success,376.3968611553699
59600.0,FastTrack,BusyServers,0.0
59600.0,FastTrack,TimeQueue,36.06688257755356
59600.0,FastTrack,TimeService,50.01181952932296
59600.0,FastTrack,NumQueue,0.0
59600.0,Varchi,TimeTotal,20.784467507320453
59600.0,Varchi,NumTotal,3.0
59600.0,Varchi,SystemResponseTime_Success,376.3968611553699
59600.0,Varchi,BusyServers,3.0
59600.0,Varchi,TimeQueue,1.9806915971884358
59600.0,Varchi,TimeService,18.80298783655233
59600.0,Varchi,NumQueue,0.0
59600.0,TraceDetection,TimeTotal,138.52306341783643
59600.0,TraceDetection,NumTotal,5.0
59600.0,TraceDetection,SystemResponseTime_Success,376.3968611553699
59600.0,TraceDetection,BusyServers,1.0
59600.0,TraceDetection,TimeQueue,78.60656239365632
59600.0,TraceDetection,TimeService,60.036265468718604
59600.0,TraceDetection,NumQueue,4.0
60000.0,FastTrack,TimeTotal,85.85247848097886
60000.0,FastTrack,NumTotal,1.0
60000.0,FastTrack,SystemResponseTime_Success,376.1228144179574
60000.0,FastTrack,BusyServers,1.0
60000.0,FastTrack,TimeQueue,35.884162623853264
60000.0,FastTrack,TimeService,49.98295230603846
60000.0,FastTrack,NumQueue,0.0
60000.0,Recupero,TimeTotal,120.548774557557
60000.0,Recupero,NumTotal,16.0
60000.0,Recupero,SystemResponseTime_Success,376.1228144179574
60000.0,Recupero,BusyServers,16.0
60000.0,Recupero,TimeQueue,0.0
60000.0,Recupero,TimeService,120.548774557557
60000.0,Recupero,NumQueue,0.0
60000.0,TraceDetection,TimeTotal,140.01892792222847
60000.0,TraceDetection,NumTotal,3.0
60000.0,TraceDetection,SystemResponseTime_Success,376.1228144179574
60000.0,TraceDetection,BusyServers,1.0
60000.0,TraceDetection,TimeQueue,80.13751137923514
60000.0,TraceDetection,TimeService,59.9346994787084
60000.0,TraceDetection,NumQueue,2.0
60000.0,XRay,TimeTotal,178.77453221763898
60000.0,XRay,NumTotal,5.0
60000.0,XRay,SystemResponseTime_Success,376.1228144179574
60000.0,XRay,BusyServers,5.0
60000.0,XRay,TimeQueue,127.48497474034771
60000.0,XRay,TimeService,51.19910742281591
60000.0,XRay,NumQueue,0.0
60000.0,Varchi,TimeTotal,20.789049112102415
60000.0,Varchi,NumTotal,2.0
60000.0,Varchi,SystemResponseTime_Success,376.1228144179574
60000.0,Varchi,BusyServers,2.0
60000.0,Varchi,TimeQueue,1.980949874265633
60000.0,Varchi,TimeService,18.80757697317189
60000.0,Varchi,NumQueue,0.0
60000.0,CheckIn,TimeTotal,131.0329467076244
60000.0,CheckIn,NumTotal,2.0
60000.0,CheckIn,SystemResponseTime_Success,376.1228144179574
60000.0,CheckIn,BusyServers,2.0
60000.0,CheckIn,TimeQueue,11.218385704198404
60000.0,CheckIn,TimeService,119.8068876889906
60000.0,CheckIn,NumQueue,0.0
60400.0,FastTrack,TimeTotal,85.70471637091532
60400.0,FastTrack,NumTotal,1.0
60400.0,FastTrack,SystemResponseTime_Success,375.4754951862157
60400.0,FastTrack,BusyServers,1.0
60400.0,FastTrack,TimeQueue,35.695795415398926
60400.0,FastTrack,TimeService,49.960355247468236
60400.0,FastTrack,NumQueue,0.0
60400.0,TraceDetection,TimeTotal,140.2320901104848
60400.0,TraceDetection,NumTotal,0.0
60400.0,TraceDetection,SystemResponseTime_Success,375.4754951862157
60400.0,TraceDetection,BusyServers,0.0
60400.0,TraceDetection,TimeQueue,80.25594721918479
60400.0,TraceDetection,TimeService,59.976142891300164
60400.0,TraceDetection,NumQueue,0.0
60400.0,Varchi,TimeTotal,20.780610285196317
60400.0,Varchi,NumTotal,1.0
60400.0,Varchi,SystemResponseTime_Success,375.4754951862157
60400.0,Varchi,BusyServers,1.0
60400.0,Varchi,TimeQueue,1.9726654969806334
60400.0,Varchi,TimeService,18.80768614582728
60400.0,Varchi,NumQueue,0.0
60400.0,XRay,TimeTotal,178.14789504079414
60400.0,XRay,NumTotal,8.0
60400.0,XRay,SystemResponseTime_Success,375.4754951862157
60400.0,XRay,BusyServers,6.0
60400.0,XRay,TimeQueue,126.85386580215302
60400.0,XRay,TimeService,51.19102982023668
60400.0,XRay,NumQueue,2.0
60400.0,CheckIn,TimeTotal,130.99569510362537
60400.0,CheckIn,NumTotal,4.0
60400.0,CheckIn,SystemResponseTime_Success,375.4754951862157
60400.0,CheckIn,BusyServers,4.0
60400.0,CheckIn,TimeQueue,11.172565204385476
60400.0,CheckIn,TimeService,119.80789804483696
60400.0,CheckIn,NumQueue,0.0
60400.0,Recupero,TimeTotal,120.56792869992745
60400.0,Recupero,NumTotal,11.0
60400.0,Recupero,SystemResponseTime_Success,375.4754951862157
60400.0,Recupero,BusyServers,11.0
60400.0,Recupero,TimeQueue,0.0
60400.0,Recupero,TimeService,120.56792869992745
60400.0,Recupero,NumQueue,0.0
60800.0,CheckIn,TimeTotal,130.92915017425616
60800.0,CheckIn,NumTotal,6.0
60800.0,CheckIn,SystemResponseTime_Success,374.7496693379964
60800.0,CheckIn,BusyServers,6.0
60800.0,CheckIn,TimeQueue,11.104531992721425
60800.0,CheckIn,TimeService,119.80203269273575
60800.0,CheckIn,NumQueue,0.0
60800.0,Varchi,TimeTotal,20.765796350346072
60800.0,Varchi,NumTotal,0.0
60800.0,Varchi,SystemResponseTime_Success,374.7496693379964
60800.0,Varchi,BusyServers,0.0
60800.0,Varchi,TimeQueue,1.9650643417487352
60800.0,Varchi,TimeService,18.800732008597418
60800.0,Varchi,NumQueue,0.0
60800.0,XRay,TimeTotal,177.5146788461148
60800.0,XRay,NumTotal,7.0
60800.0,XRay,SystemResponseTime_Success,374.7496693379964
60800.0,XRay,BusyServers,6.0
60800.0,XRay,TimeQueue,126.21094508965292
60800.0,XRay,TimeService,51.19959636790416
60800.0,XRay,NumQueue,1.0
60800.0,TraceDetection,TimeTotal,139.86788528114056
60800.0,TraceDetection,NumTotal,1.0
60800.0,TraceDetection,SystemResponseTime_Success,374.7496693379964
60800.0,TraceDetection,BusyServers,1.0
60800.0,TraceDetection,TimeQueue,79.85708225359562
60800.0,TraceDetection,TimeService,59.90829072683446
60800.0,TraceDetection,NumQueue,0.0
60800.0,FastTrack,TimeTotal,85.52639806990793
60800.0,FastTrack,NumTotal,0.0
60800.0,FastTrack,SystemResponseTime_Success,374.7496693379964
60800.0,FastTrack,BusyServers,0.0
60800.0,FastTrack,TimeQueue,35.59905884245747
60800.0,FastTrack,TimeService,49.92733922745046
60800.0,FastTrack,NumQueue,0.0
60800.0,Recupero,TimeTotal,120.54199049249274
60800.0,Recupero,NumTotal,12.0
60800.0,Recupero,SystemResponseTime_Success,374.7496693379964
60800.0,Recupero,BusyServers,12.0
60800.0,Recupero,TimeQueue,0.0
60800.0,Recupero,TimeService,120.54199049249274
60800.0,Recupero,NumQueue,0.0
61200.0,FastTrack,TimeTotal,85.46546940979465
61200.0,FastTrack,NumTotal,1.0
61200.0,FastTrack,SystemResponseTime_Success,374.0952528021228
61200.0,FastTrack,BusyServers,1.0
61200.0,FastTrack,TimeQueue,35.503214979763264
61200.0,FastTrack,TimeService,49.97444729926831
61200.0,FastTrack,NumQueue,0.0
61200.0,Varchi,TimeTotal,20.761064141855012
61200.0,Varchi,NumTotal,1.0
61200.0,Varchi,SystemResponseTime_Success,374.0952528021228
61200.0,Varchi,BusyServers,1.0
61200.0,Varchi,TimeQueue,1.9569663982379932
61200.0,Varchi,TimeService,18.80384438183588
61200.0,Varchi,NumQueue,0.0
61200.0,TraceDetection,TimeTotal,139.66447928878316
61200.0,TraceDetection,NumTotal,1.0
61200.0,TraceDetection,SystemResponseTime_Success,374.0952528021228
61200.0,TraceDetection,BusyServers,1.0
61200.0,TraceDetection,TimeQueue,79.65284419156598
61200.0,TraceDetection,TimeService,59.90964682040355
61200.0,TraceDetection,NumQueue,0.0
61200.0,CheckIn,TimeTotal,130.81178584987742
61200.0,CheckIn,NumTotal,4.0
61200.0,CheckIn,SystemResponseTime_Success,374.0952528021228
61200.0,CheckIn,BusyServers,4.0
61200.0,CheckIn,TimeQueue,11.039452417839696
61200.0,CheckIn,TimeService,119.75959845240767
61200.0,CheckIn,NumQueue,0.0
61200.0,Recupero,TimeTotal,120.55680030049243
61200.0,Recupero,NumTotal,12.0
61200.0,Recupero,SystemResponseTime_Success,374.0952528021228
61200.0,Recupero,BusyServers,12.0
61200.0,Recupero,TimeQueue,0.0
61200.0,Recupero,TimeService,120.55680030049243
61200.0,Recupero,NumQueue,0.0
61200.0,XRay,TimeTotal,177.01340573928314
61200.0,XRay,NumTotal,19.0
61200.0,XRay,SystemResponseTime_Success,374.0952528021228
61200.0,XRay,BusyServers,6.0
61200.0,XRay,TimeQueue,125.7362052271413
61200.0,XRay,TimeService,51.220594827958195
61200.0,XRay,NumQueue,13.0
61600.0,Recupero,TimeTotal,120.58270723918301
61600.0,Recupero,NumTotal,12.0
61600.0,Recupero,SystemResponseTime_Success,373.7726420496629
61600.0,Recupero,BusyServers,12.0
61600.0,Recupero,TimeQueue,0.0
61600.0,Recupero,TimeService,120.58270723918301
61600.0,Recupero,NumQueue,0.0
61600.0,Varchi,TimeTotal,20.75439087384675
61600.0,Varchi,NumTotal,1.0
61600.0,Varchi,SystemResponseTime_Success,373.7726420496629
61600.0,Varchi,BusyServers,1.0
61600.0,Varchi,TimeQueue,1.9511884411997844
61600.0,Varchi,TimeService,18.802951604977537
61600.0,Varchi,NumQueue,0.0
61600.0,TraceDetection,TimeTotal,139.07820031808583
61600.0,TraceDetection,NumTotal,5.0
61600.0,TraceDetection,SystemResponseTime_Success,373.7726420496629
61600.0,TraceDetection,BusyServers,1.0
61600.0,TraceDetection,TimeQueue,79.28129374601768
61600.0,TraceDetection,TimeService,59.801349627685404
61600.0,TraceDetection,NumQueue,4.0
61600.0,XRay,TimeTotal,176.74218683679646
61600.0,XRay,NumTotal,22.0
61600.0,XRay,SystemResponseTime_Success,373.7726420496629
61600.0,XRay,BusyServers,6.0
61600.0,XRay,TimeQueue,125.5041011351838
61600.0,XRay,TimeService,51.22861475552488
61600.0,XRay,NumQueue,16.0
61600.0,CheckIn,TimeTotal,130.73832501589058
61600.0,CheckIn,NumTotal,9.0
61600.0,CheckIn,SystemResponseTime_Success,373.7726420496629
61600.0,CheckIn,BusyServers,8.0
61600.0,CheckIn,TimeQueue,11.02206376532259
61600.0,CheckIn,TimeService,119.72008856869965
61600.0,CheckIn,NumQueue,1.0
61600.0,FastTrack,TimeTotal,85.58067703030002
61600.0,FastTrack,NumTotal,1.0
61600.0,FastTrack,SystemResponseTime_Success,373.7726420496629
61600.0,FastTrack,BusyServers,1.0
61600.0,FastTrack,TimeQueue,35.513949646996195
61600.0,FastTrack,TimeService,50.03995988537439
61600.0,FastTrack,NumQueue,0.0
62000.0,Varchi,TimeTotal,20.75773239317817
62000.0,Varchi,NumTotal,2.0
62000.0,Varchi,SystemResponseTime_Success,373.7084670789471
62000.0,Varchi,BusyServers,2.0
62000.0,Varchi,TimeQueue,1.9461021332077286
62000.0,Varchi,TimeService,18.811133425113958
62000.0,Varchi,NumQueue,0.0
62000.0,XRay,TimeTotal,176.73236655155677
62000.0,XRay,NumTotal,22.0
62000.0,XRay,SystemResponseTime_Success,373.7084670789471
62000.0,XRay,BusyServers,6.0
62000.0,XRay,TimeQueue,125.50459952188416
62000.0,XRay,TimeService,51.219884000726054
62000.0,XRay,NumQueue,16.0
62000.0,TraceDetection,TimeTotal,139.92797368661866
62000.0,TraceDetection,NumTotal,4.0
62000.0,TraceDetection,SystemResponseTime_Success,373.7084670789471
62000.0,TraceDetection,BusyServers,1.0
62000.0,TraceDetection,TimeQueue,80.18164650826847
62000.0,TraceDetection,TimeService,59.836901887512965
62000.0,TraceDetection,NumQueue,3.0
62000.0,CheckIn,TimeTotal,130.88606496391245
62000.0,CheckIn,NumTotal,8.0
62000.0,CheckIn,SystemResponseTime_Success,373.7084670789471
62000.0,CheckIn,BusyServers,8.0
62000.0,CheckIn,TimeQueue,11.222379684901757
62000.0,CheckIn,TimeService,119.74353742697052
62000.0,CheckIn,NumQueue,0.0
62000.0,Recupero,TimeTotal,120.57921847877644
62000.0,Recupero,NumTotal,17.0
62000.0,Recupero,SystemResponseTime_Success,373.7084670789471
62000.0,Recupero,BusyServers,17.0
62000.0,Recupero,TimeQueue,0.0
62000.0,Recupero,TimeService,120.57921847877644
62000.0,Recupero,NumQueue,0.0
62000.0,FastTrack,TimeTotal,85.47147086903885
62000.0,FastTrack,NumTotal,2.0
62000.0,FastTrack,SystemResponseTime_Success,373.7084670789471
62000.0,FastTrack,BusyServers,1.0
62000.0,FastTrack,TimeQueue,35.47344942003447
62000.0,FastTrack,TimeService,50.039565701837816
62000.0,FastTrack,NumQueue,1.0
62400.0,CheckIn,TimeTotal,130.91137249815444
62400.0,CheckIn,NumTotal,6.0
62400.0,CheckIn,SystemResponseTime_Success,373.9427159300096
62400.0,CheckIn,BusyServers,6.0
62400.0,CheckIn,TimeQueue,11.163295092944393
62400.0,CheckIn,TimeService,119.72599373539185
62400.0,CheckIn,NumQueue,0.0
62400.0,TraceDetection,TimeTotal,140.6838824202874
62400.0,TraceDetection,NumTotal,2.0
62400.0,TraceDetection,SystemResponseTime_Success,373.9427159300096
62400.0,TraceDetection,BusyServers,1.0
62400.0,TraceDetection,TimeQueue,80.94157491887103
62400.0,TraceDetection,TimeService,59.81384474706024
62400.0,TraceDetection,NumQueue,1.0
62400.0,XRay,TimeTotal,176.88036564454526
62400.0,XRay,NumTotal,21.0
62400.0,XRay,SystemResponseTime_Success,373.9427159300096
62400.0,XRay,BusyServers,6.0
62400.0,XRay,TimeQueue,125.65246335990483
62400.0,XRay,TimeService,51.23461922935134
62400.0,XRay,NumQueue,15.0
62400.0,FastTrack,TimeTotal,85.50575976715645
62400.0,FastTrack,NumTotal,0.0
62400.0,FastTrack,SystemResponseTime_Success,373.9427159300096
62400.0,FastTrack,BusyServers,0.0
62400.0,FastTrack,TimeQueue,35.43595878595278
62400.0,FastTrack,TimeService,50.06980098120367
62400.0,FastTrack,NumQueue,0.0
62400.0,Recupero,TimeTotal,120.56943739732583
62400.0,Recupero,NumTotal,20.0
62400.0,Recupero,SystemResponseTime_Success,373.9427159300096
62400.0,Recupero,BusyServers,20.0
62400.0,Recupero,TimeQueue,0.0
62400.0,Recupero,TimeService,120.56943739732583
62400.0,Recupero,NumQueue,0.0
62400.0,Varchi,TimeTotal,20.75788214126369
62400.0,Varchi,NumTotal,1.0
62400.0,Varchi,SystemResponseTime_Success,373.9427159300096
62400.0,Varchi,BusyServers,1.0
62400.0,Varchi,TimeQueue,1.9449920573533537
62400.0,Varchi,TimeService,18.812643382736223
62400.0,Varchi,NumQueue,0.0
62800.0,TraceDetection,TimeTotal,140.44657360275303
62800.0,TraceDetection,NumTotal,1.0
62800.0,TraceDetection,SystemResponseTime_Success,374.0404811894573
62800.0,TraceDetection,BusyServers,1.0
62800.0,TraceDetection,TimeQueue,80.61303691462027
62800.0,TraceDetection,TimeService,59.73376807809009
62800.0,TraceDetection,NumQueue,0.0
62800.0,Recupero,TimeTotal,120.54493239340403
62800.0,Recupero,NumTotal,15.0
62800.0,Recupero,SystemResponseTime_Success,374.0404811894573
62800.0,Recupero,BusyServers,15.0
62800.0,Recupero,TimeQueue,0.0
62800.0,Recupero,TimeService,120.54493239340403
62800.0,Recupero,NumQueue,0.0
62800.0,Varchi,TimeTotal,20.74874413543946
62800.0,Varchi,NumTotal,2.0
62800.0,Varchi,SystemResponseTime_Success,374.0404811894573
62800.0,Varchi,BusyServers,2.0
62800.0,Varchi,TimeQueue,1.936243645267411
62800.0,Varchi,TimeService,18.813207725868654
62800.0,Varchi,NumQueue,0.0
62800.0,CheckIn,TimeTotal,130.87760078145985
62800.0,CheckIn,NumTotal,2.0
62800.0,CheckIn,SystemResponseTime_Success,374.0404811894573
62800.0,CheckIn,BusyServers,2.0
62800.0,CheckIn,TimeQueue,11.115745015549805
62800.0,CheckIn,TimeService,119.75456675278481
62800.0,CheckIn,NumQueue,0.0
62800.0,FastTrack,TimeTotal,85.35816850218481
62800.0,FastTrack,NumTotal,2.0
62800.0,FastTrack,SystemResponseTime_Success,374.0404811894573
62800.0,FastTrack,BusyServers,1.0
62800.0,FastTrack,TimeQueue,35.25018704919811
62800.0,FastTrack,TimeService,50.061721364995634
62800.0,FastTrack,NumQueue,1.0
62800.0,XRay,TimeTotal,176.84512323856367
62800.0,XRay,NumTotal,20.0
62800.0,XRay,SystemResponseTime_Success,374.0404811894573
62800.0,XRay,BusyServers,6.0
62800.0,XRay,TimeQueue,125.6361654633837
62800.0,XRay,TimeService,51.22390561146406
62800.0,XRay,NumQueue,14.0
63200.0,Recupero,TimeTotal,120.56961588219392
63200.0,Recupero,NumTotal,15.0
63200.0,Recupero,SystemResponseTime_Success,373.87529838948154
63200.0,Recupero,BusyServers,15.0
63200.0,Recupero,TimeQueue,0.0
63200.0,Recupero,TimeService,120.56961588219392
63200.0,Recupero,NumQueue,0.0
63200.0,TraceDetection,TimeTotal,140.1599600759313
63200.0,TraceDetection,NumTotal,0.0
63200.0,TraceDetection,SystemResponseTime_Success,373.87529838948154
63200.0,TraceDetection,BusyServers,0.0
63200.0,TraceDetection,TimeQueue,80.41423781002194
63200.0,TraceDetection,TimeService,59.74572226590953
63200.0,TraceDetection,NumQueue,0.0
63200.0,Varchi,TimeTotal,20.74639555621102
63200.0,Varchi,NumTotal,3.0
63200.0,Varchi,SystemResponseTime_Success,373.87529838948154
63200.0,Varchi,BusyServers,3.0
63200.0,Varchi,TimeQueue,1.9307549684513847
63200.0,Varchi,TimeService,18.81518229754695
63200.0,Varchi,NumQueue,0.0
63200.0,XRay,TimeTotal,176.74884401915793
63200.0,XRay,NumTotal,11.0
63200.0,XRay,SystemResponseTime_Success,373.87529838948154
63200.0,XRay,BusyServers,6.0
63200.0,XRay,TimeQueue,125.44282329299064
63200.0,XRay,TimeService,51.24362761917465
63200.0,XRay,NumQueue,5.0
63200.0,FastTrack,TimeTotal,85.19995738985843
63200.0,FastTrack,NumTotal,0.0
63200.0,FastTrack,SystemResponseTime_Success,373.87529838948154
63200.0,FastTrack,BusyServers,0.0
63200.0,FastTrack,TimeQueue,35.10905348104863
63200.0,FastTrack,TimeService,50.09090390880979
63200.0,FastTrack,NumQueue,0.0
63200.0,CheckIn,TimeTotal,130.90055974889853
63200.0,CheckIn,NumTotal,5.0
63200.0,CheckIn,SystemResponseTime_Success,373.87529838948154
63200.0,CheckIn,BusyServers,5.0
63200.0,CheckIn,TimeQueue,11.064988188994784
63200.0,CheckIn,TimeService,119.81749742042456
63200.0,CheckIn,NumQueue,0.0
63600.0,XRay,TimeTotal,176.14707347569473
63600.0,XRay,NumTotal,5.0
63600.0,XRay,SystemResponseTime_Success,373.34391560531037
63600.0,XRay,BusyServers,5.0
63600.0,XRay,TimeQueue,124.82229344718246
63600.0,XRay,TimeService,51.24530145897903
63600.0,XRay,NumQueue,0.0
63600.0,Recupero,TimeTotal,120.56162934433853
63600.0,Recupero,NumTotal,14.0
63600.0,Recupero,SystemResponseTime_Success,373.34391560531037
63600.0,Recupero,BusyServers,14.0
63600.0,Recupero,TimeQueue,0.0
63600.0,Recupero,TimeService,120.56162934433853
63600.0,Recupero,NumQueue,0.0
63600.0,FastTrack,TimeTotal,85.22969225817286
63600.0,FastTrack,NumTotal,3.0
63600.0,FastTrack,SystemResponseTime_Success,373.34391560531037
63600.0,FastTrack,BusyServers,1.0
63600.0,FastTrack,TimeQueue,35.17039305799377
63600.0,FastTrack,TimeService,50.11747382359558
63600.0,FastTrack,NumQueue,2.0
63600.0,CheckIn,TimeTotal,130.96643015275168
63600.0,CheckIn,NumTotal,7.0
63600.0,CheckIn,SystemResponseTime_Success,373.34391560531037
63600.0,CheckIn,BusyServers,7.0
63600.0,CheckIn,TimeQueue,11.087897449356943
63600.0,CheckIn,TimeService,119.87484519958257
63600.0,CheckIn,NumQueue,0.0
63600.0,Varchi,TimeTotal,20.748890845548033
63600.0,Varchi,NumTotal,3.0
63600.0,Varchi,SystemResponseTime_Success,373.34391560531037
63600.0,Varchi,BusyServers,3.0
63600.0,Varchi,TimeQueue,1.9289348680729397
63600.0,Varchi,TimeService,18.81923461065839
63600.0,Varchi,NumQueue,0.0
63600.0,TraceDetection,TimeTotal,139.7469467936277
63600.0,TraceDetection,NumTotal,1.0
63600.0,TraceDetection,SystemResponseTime_Success,373.34391560531037
63600.0,TraceDetection,BusyServers,1.0
63600.0,TraceDetection,TimeQueue,79.98826036167483
63600.0,TraceDetection,TimeService,59.66054132721473
63600.0,TraceDetection,NumQueue,0.0
64000.0,TraceDetection,TimeTotal,139.40142265000827
64000.0,TraceDetection,NumTotal,1.0
64000.0,TraceDetection,SystemResponseTime_Success,372.7275467385186
64000.0,TraceDetection,BusyServers,1.0
64000.0,TraceDetection,TimeQueue,79.61258346461209
64000.0,TraceDetection,TimeService,59.691632123778945
64000.0,TraceDetection,NumQueue,0.0
64000.0,Recupero,TimeTotal,120.61372655378551
64000.0,Recupero,NumTotal,14.0
64000.0,Recupero,SystemResponseTime_Success,372.7275467385186
64000.0,Recupero,BusyServers,14.0
64000.0,Recupero,TimeQueue,0.0
64000.0,Recupero,TimeService,120.61372655378551
64000.0,Recupero,NumQueue,0.0
64000.0,FastTrack,TimeTotal,85.50478216474949
64000.0,FastTrack,NumTotal,2.0
64000.0,FastTrack,SystemResponseTime_Success,372.7275467385186
64000.0,FastTrack,BusyServers,1.0
64000.0,FastTrack,TimeQueue,35.41361932710423
64000.0,FastTrack,TimeService,50.153093234407216
64000.0,FastTrack,NumQueue,1.0
64000.0,Varchi,TimeTotal,20.742594758105454
64000.0,Varchi,NumTotal,4.0
64000.0,Varchi,SystemResponseTime_Success,372.7275467385186
64000.0,Varchi,BusyServers,4.0
64000.0,Varchi,TimeQueue,1.9240510149695609
64000.0,Varchi,TimeService,18.817591006807692
64000.0,Varchi,NumQueue,0.0
64000.0,XRay,TimeTotal,175.4340047849966
64000.0,XRay,NumTotal,7.0
64000.0,XRay,SystemResponseTime_Success,372.7275467385186
64000.0,XRay,BusyServers,6.0
64000.0,XRay,TimeQueue,124.12230004061877
64000.0,XRay,TimeService,51.23041410780272
64000.0,XRay,NumQueue,1.0
64000.0,CheckIn,TimeTotal,130.9022799514318
64000.0,CheckIn,NumTotal,10.0
64000.0,CheckIn,SystemResponseTime_Success,372.7275467385186
64000.0,CheckIn,BusyServers,8.0
64000.0,CheckIn,TimeQueue,11.116634630528267
64000.0,CheckIn,TimeService,119.79845768284173
64000.0,CheckIn,NumQueue,2.0
64400.0,Varchi,TimeTotal,20.73270503647905
64400.0,Varchi,NumTotal,5.0
64400.0,Varchi,SystemResponseTime_Success,372.2640080152074
64400.0,Varchi,BusyServers,4.0
64400.0,Varchi,TimeQueue,1.9181724883072113
64400.0,Varchi,TimeService,18.816770969348703
64400.0,Varchi,NumQueue,1.0
64400.0,CheckIn,TimeTotal,130.8983578949974
64400.0,CheckIn,NumTotal,3.0
64400.0,CheckIn,SystemResponseTime_Success,372.2640080152074
64400.0,CheckIn,BusyServers,3.0
64400.0,CheckIn,TimeQueue,11.108881166415891
64400.0,CheckIn,TimeService,119.7788496101184
64400.0,CheckIn,NumQueue,0.0
64400.0,Recupero,TimeTotal,120.61416574552008
64400.0,Recupero,NumTotal,15.0
64400.0,Recupero,SystemResponseTime_Success,372.2640080152074
64400.0,Recupero,BusyServers,15.0
64400.0,Recupero,TimeQueue,0.0
64400.0,Recupero,TimeService,120.61416574552008
64400.0,Recupero,NumQueue,0.0
64400.0,TraceDetection,TimeTotal,139.15500345346467
64400.0,TraceDetection,NumTotal,1.0
64400.0,TraceDetection,SystemResponseTime_Success,372.2640080152074
64400.0,TraceDetection,BusyServers,1.0
64400.0,TraceDetection,TimeQueue,79.44220999195133
64400.0,TraceDetection,TimeService,59.7400840996647
64400.0,TraceDetection,NumQueue,0.0
64400.0,FastTrack,TimeTotal,85.67245609234506
64400.0,FastTrack,NumTotal,3.0
64400.0,FastTrack,SystemResponseTime_Success,372.2640080152074
64400.0,FastTrack,BusyServers,1.0
64400.0,FastTrack,TimeQueue,35.48396562478339
64400.0,FastTrack,TimeService,50.18268028029551
64400.0,FastTrack,NumQueue,2.0
64400.0,XRay,TimeTotal,174.898656768975
64400.0,XRay,NumTotal,11.0
64400.0,XRay,SystemResponseTime_Success,372.2640080152074
64400.0,XRay,BusyServers,6.0
64400.0,XRay,TimeQueue,123.61253634869965
64400.0,XRay,TimeService,51.23746748679718
64400.0,XRay,NumQueue,5.0
64800.0,XRay,TimeTotal,174.3410640491791
64800.0,XRay,NumTotal,12.0
64800.0,XRay,SystemResponseTime_Success,371.81285082407015
64800.0,XRay,BusyServers,6.0
64800.0,XRay,TimeQueue,123.04131886112579
64800.0,XRay,TimeService,51.226309981995875
64800.0,XRay,NumQueue,6.0
64800.0,CheckIn,TimeTotal,130.8413707305128
64800.0,CheckIn,NumTotal,7.0
64800.0,CheckIn,SystemResponseTime_Success,371.81285082407015
64800.0,CheckIn,BusyServers,7.0
64800.0,CheckIn,TimeQueue,11.05974628284542
64800.0,CheckIn,TimeService,119.77909260748874
64800.0,CheckIn,NumQueue,0.0
64800.0,TraceDetection,TimeTotal,139.1064283357591
64800.0,TraceDetection,NumTotal,1.0
64800.0,TraceDetection,SystemResponseTime_Success,371.81285082407015
64800.0,TraceDetection,BusyServers,1.0
64800.0,TraceDetection,TimeQueue,79.34574899301846
64800.0,TraceDetection,TimeService,59.758083739304205
64800.0,TraceDetection,NumQueue,0.0
64800.0,Recupero,TimeTotal,120.62725180968413
64800.0,Recupero,NumTotal,21.0
64800.0,Recupero,SystemResponseTime_Success,371.81285082407015
64800.0,Recupero,BusyServers,21.0
64800.0,Recupero,TimeQueue,0.0
64800.0,Recupero,TimeService,120.62725180968413
64800.0,Recupero,NumQueue,0.0
64800.0,Varchi,TimeTotal,20.730275158429414
64800.0,Varchi,NumTotal,5.0
64800.0,Varchi,SystemResponseTime_Success,371.81285082407015
64800.0,Varchi,BusyServers,4.0
64800.0,Varchi,TimeQueue,1.9225331777046806
64800.0,Varchi,TimeService,18.815502007857628
64800.0,Varchi,NumQueue,1.0
64800.0,FastTrack,TimeTotal,86.14668985039269
64800.0,FastTrack,NumTotal,1.0
64800.0,FastTrack,SystemResponseTime_Success,371.81285082407015
64800.0,FastTrack,BusyServers,1.0
64800.0,FastTrack,TimeQueue,35.951377963879935
64800.0,FastTrack,TimeService,50.16198202872156
64800.0,FastTrack,NumQueue,0.0
65200.0,XRay,TimeTotal,173.9798392315517
65200.0,XRay,NumTotal,16.0
65200.0,XRay,SystemResponseTime_Success,371.2947642460095
65200.0,XRay,BusyServers,6.0
65200.0,XRay,TimeQueue,122.71816125696031
65200.0,XRay,TimeService,51.241159865064716
65200.0,XRay,NumQueue,10.0
65200.0,CheckIn,TimeTotal,130.85192795559595
65200.0,CheckIn,NumTotal,3.0
65200.0,CheckIn,SystemResponseTime_Success,371.2947642460095
65200.0,CheckIn,BusyServers,3.0
65200.0,CheckIn,TimeQueue,11.02485749330963
65200.0,CheckIn,TimeService,119.81662695976627
65200.0,CheckIn,NumQueue,0.0
65200.0,TraceDetection,TimeTotal,138.98448289622777
65200.0,TraceDetection,NumTotal,1.0
65200.0,TraceDetection,SystemResponseTime_Success,371.2947642460095
65200.0,TraceDetection,BusyServers,1.0
65200.0,TraceDetection,TimeQueue,79.12318752488027
65200.0,TraceDetection,TimeService,59.76619538634173
65200.0,TraceDetection,NumQueue,0.0
65200.0,Varchi,TimeTotal,20.74765665691208
65200.0,Varchi,NumTotal,6.0
65200.0,Varchi,SystemResponseTime_Success,371.2947642460095
65200.0,Varchi,BusyServers,4.0
65200.0,Varchi,TimeQueue,1.9259579402424645
65200.0,Varchi,TimeService,18.822698071466622
65200.0,Varchi,NumQueue,2.0
65200.0,FastTrack,TimeTotal,86.24379407704947
65200.0,FastTrack,NumTotal,2.0
65200.0,FastTrack,SystemResponseTime_Success,371.2947642460095
65200.0,FastTrack,BusyServers,1.0
65200.0,FastTrack,TimeQueue,35.997489487763396
65200.0,FastTrack,TimeService,50.20141993905195
65200.0,FastTrack,NumQueue,1.0
65200.0,Recupero,TimeTotal,120.63634907802309
65200.0,Recupero,NumTotal,17.0
65200.0,Recupero,SystemResponseTime_Success,371.2947642460095
65200.0,Recupero,BusyServers,17.0
65200.0,Recupero,TimeQueue,0.0
65200.0,Recupero,TimeService,120.63634907802309
65200.0,Recupero,NumQueue,0.0
65600.0,Recupero,TimeTotal,120.63730609925095
65600.0,Recupero,NumTotal,16.0
65600.0,Recupero,SystemResponseTime_Success,370.9595285744538
65600.0,Recupero,BusyServers,16.0
65600.0,Recupero,TimeQueue,0.0
65600.0,Recupero,TimeService,120.63730609925095
65600.0,Recupero,NumQueue,0.0
65600.0,CheckIn,TimeTotal,130.96640447385113
65600.0,CheckIn,NumTotal,8.0
65600.0,CheckIn,SystemResponseTime_Success,370.9595285744538
65600.0,CheckIn,BusyServers,8.0
65600.0,CheckIn,TimeQueue,11.274402738751492
65600.0,CheckIn,TimeService,119.79137835050108
65600.0,CheckIn,NumQueue,0.0
65600.0,Varchi,TimeTotal,20.786532671414044
65600.0,Varchi,NumTotal,7.0
65600.0,Varchi,SystemResponseTime_Success,370.9595285744538
65600.0,Varchi,BusyServers,4.0
65600.0,Varchi,TimeQueue,1.9802562867112161
65600.0,Varchi,TimeService,18.817492268853865
65600.0,Varchi,NumQueue,3.0
65600.0,XRay,TimeTotal,173.95707230199568
65600.0,XRay,NumTotal,29.0
65600.0,XRay,SystemResponseTime_Success,370.9595285744538
65600.0,XRay,BusyServers,6.0
65600.0,XRay,TimeQueue,122.69093718928441
65600.0,XRay,TimeService,51.25673439530369
65600.0,XRay,NumQueue,23.0
65600.0,FastTrack,TimeTotal,86.07666089481162
65600.0,FastTrack,NumTotal,0.0
65600.0,FastTrack,SystemResponseTime_Success,370.9595285744538
65600.0,FastTrack,BusyServers,0.0
65600.0,FastTrack,TimeQueue,35.89307884969433
65600.0,FastTrack,TimeService,50.18358204511729
65600.0,FastTrack,NumQueue,0.0
65600.0,TraceDetection,TimeTotal,138.60422444761872
65600.0,TraceDetection,NumTotal,1.0
65600.0,TraceDetection,SystemResponseTime_Success,370.9595285744538
65600.0,TraceDetection,BusyServers,1.0
65600.0,TraceDetection,TimeQueue,78.78900375395796
65600.0,TraceDetection,TimeService,59.77651614335189
65600.0,TraceDetection,NumQueue,0.0
66000.0,FastTrack,TimeTotal,85.99160982377536
66000.0,FastTrack,NumTotal,0.0
66000.0,FastTrack,SystemResponseTime_Success,371.25995388060846
66000.0,FastTrack,BusyServers,0.0
66000.0,FastTrack,TimeQueue,35.763786868858524
66000.0,FastTrack,TimeService,50.227822954916824
66000.0,FastTrack,NumQueue,0.0
66000.0,XRay,TimeTotal,174.32101299120498
66000.0,XRay,NumTotal,47.0
66000.0,XRay,SystemResponseTime_Success,371.25995388060846
66000.0,XRay,BusyServers,6.0
66000.0,XRay,TimeQueue,123.16523405525152
66000.0,XRay,TimeService,51.26775315862474
66000.0,XRay,NumQueue,41.0
66000.0,CheckIn,TimeTotal,131.0333838967929
66000.0,CheckIn,NumTotal,11.0
66000.0,CheckIn,SystemResponseTime_Success,371.25995388060846
66000.0,CheckIn,BusyServers,8.0
66000.0,CheckIn,TimeQueue,11.326446235003154
66000.0,CheckIn,TimeService,119.78346454697842
66000.0,CheckIn,NumQueue,3.0
66000.0,Recupero,TimeTotal,120.62982473487979
66000.0,Recupero,NumTotal,13.0
66000.0,Recupero,SystemResponseTime_Success,371.25995388060846
66000.0,Recupero,BusyServers,13.0
66000.0,Recupero,TimeQueue,0.0
66000.0,Recupero,TimeService,120.62982473487979
66000.0,Recupero,NumQueue,0.0
66000.0,Varchi,TimeTotal,20.852026910620495
66000.0,Varchi,NumTotal,4.0
66000.0,Varchi,SystemResponseTime_Success,371.25995388060846
66000.0,Varchi,BusyServers,4.0
66000.0,Varchi,TimeQueue,2.0362858055804414
66000.0,Varchi,TimeService,18.816613650750035
66000.0,Varchi,NumQueue,0.0
66000.0,TraceDetection,TimeTotal,138.2140955902396
66000.0,TraceDetection,NumTotal,1.0
66000.0,TraceDetection,SystemResponseTime_Success,371.25995388060846
66000.0,TraceDetection,BusyServers,1.0
66000.0,TraceDetection,TimeQueue,78.35754658230294
66000.0,TraceDetection,TimeService,59.763487788717846
66000.0,TraceDetection,NumQueue,0.0
66400.0,Recupero,TimeTotal,120.6356270221397
66400.0,Recupero,NumTotal,16.0
66400.0,Recupero,SystemResponseTime_Success,371.9082714830065
66400.0,Recupero,BusyServers,16.0
66400.0,Recupero,TimeQueue,0.0
66400.0,Recupero,TimeService,120.6356270221397
66400.0,Recupero,NumQueue,0.0
66400.0,XRay,TimeTotal,175.27365593362504
66400.0,XRay,NumTotal,56.0
66400.0,XRay,SystemResponseTime_Success,371.9082714830065
66400.0,XRay,BusyServers,6.0
66400.0,XRay,TimeQueue,124.19215770646217
66400.0,XRay,TimeService,51.2828114089526
66400.0,XRay,NumQueue,50.0
66400.0,CheckIn,TimeTotal,131.26711469881343
66400.0,CheckIn,NumTotal,4.0
66400.0,CheckIn,SystemResponseTime_Success,371.9082714830065
66400.0,CheckIn,BusyServers,4.0
66400.0,CheckIn,TimeQueue,11.434123441154657
66400.0,CheckIn,TimeService,119.81886633679223
66400.0,CheckIn,NumQueue,0.0
66400.0,TraceDetection,TimeTotal,138.03983974321696
66400.0,TraceDetection,NumTotal,0.0
66400.0,TraceDetection,SystemResponseTime_Success,371.9082714830065
66400.0,TraceDetection,BusyServers,0.0
66400.0,TraceDetection,TimeQueue,78.26470588730022
66400.0,TraceDetection,TimeService,59.775133855916835
66400.0,TraceDetection,NumQueue,0.0
66400.0,Varchi,TimeTotal,20.850220524737402
66400.0,Varchi,NumTotal,5.0
66400.0,Varchi,SystemResponseTime_Success,371.9082714830065
66400.0,Varchi,BusyServers,4.0
66400.0,Varchi,TimeQueue,2.0378691186795455
66400.0,Varchi,TimeService,18.81138490422311
66400.0,Varchi,NumQueue,1.0
66400.0,FastTrack,TimeTotal,86.09517432988301
66400.0,FastTrack,NumTotal,1.0
66400.0,FastTrack,SystemResponseTime_Success,371.9082714830065
66400.0,FastTrack,BusyServers,1.0
66400.0,FastTrack,TimeQueue,35.78488074674116
66400.0,FastTrack,TimeService,50.268971506661636
66400.0,FastTrack,NumQueue,0.0
66800.0,Varchi,TimeTotal,20.838345770549278
66800.0,Varchi,NumTotal,2.0
66800.0,Varchi,SystemResponseTime_Success,373.2033176395001
66800.0,Varchi,BusyServers,2.0
66800.0,Varchi,TimeQueue,2.028156882058191
66800.0,Varchi,TimeService,18.810311443770885
66800.0,Varchi,NumQueue,0.0
66800.0,XRay,TimeTotal,177.02105195321857
66800.0,XRay,NumTotal,59.0
66800.0,XRay,SystemResponseTime_Success,373.2033176395001
66800.0,XRay,BusyServers,6.0
66800.0,XRay,TimeQueue,125.9848540139845
66800.0,XRay,TimeService,51.2850145022579
66800.0,XRay,NumQueue,53.0
66800.0,Recupero,TimeTotal,120.61573869963232
66800.0,Recupero,NumTotal,18.0
66800.0,Recupero,SystemResponseTime_Success,373.2033176395001
66800.0,Recupero,BusyServers,18.0
66800.0,Recupero,TimeQueue,0.0
66800.0,Recupero,TimeService,120.61573869963232
66800.0,Recupero,NumQueue,0.0
66800.0,CheckIn,TimeTotal,131.15627180503887
66800.0,CheckIn,NumTotal,10.0
66800.0,CheckIn,SystemResponseTime_Success,373.2033176395001
66800.0,CheckIn,BusyServers,8.0
66800.0,CheckIn,TimeQueue,11.365560751378823
66800.0,CheckIn,TimeService,119.76431476870678
66800.0,CheckIn,NumQueue,2.0
66800.0,FastTrack,TimeTotal,85.91584741518452
66800.0,FastTrack,NumTotal,0.0
66800.0,FastTrack,SystemResponseTime_Success,373.2033176395001
66800.0,FastTrack,BusyServers,0.0
66800.0,FastTrack,TimeQueue,35.651316418944646
66800.0,FastTrack,TimeService,50.26453099623986
66800.0,FastTrack,NumQueue,0.0
66800.0,TraceDetection,TimeTotal,137.71228692824243
66800.0,TraceDetection,NumTotal,1.0
66800.0,TraceDetection,SystemResponseTime_Success,373.2033176395001
66800.0,TraceDetection,BusyServers,1.0
66800.0,TraceDetection,TimeQueue,77.9378424978183
66800.0,TraceDetection,TimeService,59.73499160608188
66800.0,TraceDetection,NumQueue,0.0
67200.0,CheckIn,TimeTotal,131.12145908183467
67200.0,CheckIn,NumTotal,4.0
67200.0,CheckIn,SystemResponseTime_Success,375.034517244863
67200.0,CheckIn,BusyServers,4.0
67200.0,CheckIn,TimeQueue,11.408688498712339
67200.0,CheckIn,TimeService,119.69885754836744
67200.0,CheckIn,NumQueue,0.0
67200.0,XRay,TimeTotal,178.8892658450639
67200.0,XRay,NumTotal,63.0
67200.0,XRay,SystemResponseTime_Success,375.034517244863
67200.0,XRay,BusyServers,6.0
67200.0,XRay,TimeQueue,127.84061123591363
67200.0,XRay,TimeService,51.28753709224016
67200.0,XRay,NumQueue,57.0
67200.0,TraceDetection,TimeTotal,137.29243457643096
67200.0,TraceDetection,NumTotal,0.0
67200.0,TraceDetection,SystemResponseTime_Success,375.034517244863
67200.0,TraceDetection,BusyServers,0.0
67200.0,TraceDetection,TimeQueue,77.61425601569573
67200.0,TraceDetection,TimeService,59.678178560735326
67200.0,TraceDetection,NumQueue,0.0
67200.0,FastTrack,TimeTotal,85.69881540966587
67200.0,FastTrack,NumTotal,4.0
67200.0,FastTrack,SystemResponseTime_Success,375.034517244863
67200.0,FastTrack,BusyServers,1.0
67200.0,FastTrack,TimeQueue,35.50393176133694
67200.0,FastTrack,TimeService,50.21894094555095
67200.0,FastTrack,NumQueue,3.0
67200.0,Varchi,TimeTotal,20.831494404749506
67200.0,Varchi,NumTotal,1.0
67200.0,Varchi,SystemResponseTime_Success,375.034517244863
67200.0,Varchi,BusyServers,1.0
67200.0,Varchi,TimeQueue,2.0181677949414483
67200.0,Varchi,TimeService,18.813090428673526
67200.0,Varchi,NumQueue,0.0
67200.0,Recupero,TimeTotal,120.64570677366342
67200.0,Recupero,NumTotal,15.0
67200.0,Recupero,SystemResponseTime_Success,375.034517244863
67200.0,Recupero,BusyServers,15.0
67200.0,Recupero,TimeQueue,0.0
67200.0,Recupero,TimeService,120.64570677366342
67200.0,Recupero,NumQueue,0.0
67600.0,FastTrack,TimeTotal,86.08486282645019
67600.0,FastTrack,NumTotal,0.0
67600.0,FastTrack,SystemResponseTime_Success,376.6135670629556
67600.0,FastTrack,BusyServers,0.0
67600.0,FastTrack,TimeQueue,35.901038234262884
67600.0,FastTrack,TimeService,50.18382459218729
67600.0,FastTrack,NumQueue,0.0
67600.0,XRay,TimeTotal,181.04002739073084
67600.0,XRay,NumTotal,62.0
67600.0,XRay,SystemResponseTime_Success,376.6135670629556
67600.0,XRay,BusyServers,6.0
67600.0,XRay,TimeQueue,130.01318060941819
67600.0,XRay,TimeService,51.29342264945972
67600.0,XRay,NumQueue,56.0
67600.0,Varchi,TimeTotal,20.828771640761836
67600.0,Varchi,NumTotal,3.0
67600.0,Varchi,SystemResponseTime_Success,376.6135670629556
67600.0,Varchi,BusyServers,3.0
67600.0,Varchi,TimeQueue,2.0123884433951083
67600.0,Varchi,TimeService,18.816436832074427
67600.0,Varchi,NumQueue,0.0
67600.0,TraceDetection,TimeTotal,137.09126452868912
67600.0,TraceDetection,NumTotal,1.0
67600.0,TraceDetection,SystemResponseTime_Success,376.6135670629556
67600.0,TraceDetection,BusyServers,1.0
67600.0,TraceDetection,TimeQueue,77.34224343620147
67600.0,TraceDetection,TimeService,59.658562328234886
67600.0,TraceDetection,NumQueue,0.0
67600.0,CheckIn,TimeTotal,131.11376967601717
67600.0,CheckIn,NumTotal,6.0
67600.0,CheckIn,SystemResponseTime_Success,376.6135670629556
67600.0,CheckIn,BusyServers,6.0
67600.0,CheckIn,TimeQueue,11.398098406925328
67600.0,CheckIn,TimeService,119.72096233058349
67600.0,CheckIn,NumQueue,0.0
67600.0,Recupero,TimeTotal,120.60158884200757
67600.0,Recupero,NumTotal,17.0
67600.0,Recupero,SystemResponseTime_Success,376.6135670629556
67600.0,Recupero,BusyServers,17.0
67600.0,Recupero,TimeQueue,0.0
67600.0,Recupero,TimeService,120.60158884200757
67600.0,Recupero,NumQueue,0.0
68000.0,FastTrack,TimeTotal,85.9279104210153
68000.0,FastTrack,NumTotal,1.0
68000.0,FastTrack,SystemResponseTime_Success,378.3546307481215
68000.0,FastTrack,BusyServers,1.0
68000.0,FastTrack,TimeQueue,35.82526373064463
68000.0,FastTrack,TimeService,50.14649062398963
68000.0,FastTrack,NumQueue,0.0
68000.0,CheckIn,TimeTotal,131.15055170180895
68000.0,CheckIn,NumTotal,9.0
68000.0,CheckIn,SystemResponseTime_Success,378.3546307481215
68000.0,CheckIn,BusyServers,8.0
68000.0,CheckIn,TimeQueue,11.360486608958768
68000.0,CheckIn,TimeService,119.76313717911142
68000.0,CheckIn,NumQueue,1.0
68000.0,TraceDetection,TimeTotal,136.68132311472914
68000.0,TraceDetection,NumTotal,1.0
68000.0,TraceDetection,SystemResponseTime_Success,378.3546307481215
68000.0,TraceDetection,BusyServers,1.0
68000.0,TraceDetection,TimeQueue,77.01839075325267
68000.0,TraceDetection,TimeService,59.625726906021626
68000.0,TraceDetection,NumQueue,0.0
68000.0,Varchi,TimeTotal,20.82435486880699
68000.0,Varchi,NumTotal,0.0
68000.0,Varchi,SystemResponseTime_Success,378.3546307481215
68000.0,Varchi,BusyServers,0.0
68000.0,Varchi,TimeQueue,2.00351774711384
68000.0,Varchi,TimeService,18.820837121693206
68000.0,Varchi,NumQueue,0.0
68000.0,XRay,TimeTotal,183.05052050207075
68000.0,XRay,NumTotal,61.0
68000.0,XRay,SystemResponseTime_Success,378.3546307481215
68000.0,XRay,BusyServers,6.0
68000.0,XRay,TimeQueue,132.03914722303392
68000.0,XRay,TimeService,51.309966086665774
68000.0,XRay,NumQueue,55.0
68000.0,Recupero,TimeTotal,120.55167186921095
68000.0,Recupero,NumTotal,16.0
68000.0,Recupero,SystemResponseTime_Success,378.3546307481215
68000.0,Recupero,BusyServers,16.0
68000.0,Recupero,TimeQueue,0.0
68000.0,Recupero,TimeService,120.55167186921095
68000.0,Recupero,NumQueue,0.0
68400.0,XRay,TimeTotal,185.224134985143
68400.0,XRay,NumTotal,64.0
68400.0,XRay,SystemResponseTime_Success,380.3207099327439
68400.0,XRay,BusyServers,6.0
68400.0,XRay,TimeQueue,134.2146979114918
68400.0,XRay,TimeService,51.310259573943966
68400.0,XRay,NumQueue,58.0
68400.0,CheckIn,TimeTotal,131.26544504838483
68400.0,CheckIn,NumTotal,8.0
68400.0,CheckIn,SystemResponseTime_Success,380.3207099327439
68400.0,CheckIn,BusyServers,8.0
68400.0,CheckIn,TimeQueue,11.449765744035087
68400.0,CheckIn,TimeService,119.79956080460826
68400.0,CheckIn,NumQueue,0.0
68400.0,Recupero,TimeTotal,120.56673224022599
68400.0,Recupero,NumTotal,12.0
68400.0,Recupero,SystemResponseTime_Success,380.3207099327439
68400.0,Recupero,BusyServers,12.0
68400.0,Recupero,TimeQueue,0.0
68400.0,Recupero,TimeService,120.56673224022599
68400.0,Recupero,NumQueue,0.0
68400.0,Varchi,TimeTotal,20.83648405504079
68400.0,Varchi,NumTotal,3.0
68400.0,Varchi,SystemResponseTime_Success,380.3207099327439
68400.0,Varchi,BusyServers,3.0
68400.0,Varchi,TimeQueue,2.0171214093140106
68400.0,Varchi,TimeService,18.818666766675786
68400.0,Varchi,NumQueue,0.0
68400.0,TraceDetection,TimeTotal,136.49309262367797
68400.0,TraceDetection,NumTotal,1.0
68400.0,TraceDetection,SystemResponseTime_Success,380.3207099327439
68400.0,TraceDetection,BusyServers,1.0
68400.0,TraceDetection,TimeQueue,76.76036097893112
68400.0,TraceDetection,TimeService,59.65319176788369
68400.0,TraceDetection,NumQueue,0.0
68400.0,FastTrack,TimeTotal,85.84864891820857
68400.0,FastTrack,NumTotal,1.0
68400.0,FastTrack,SystemResponseTime_Success,380.3207099327439
68400.0,FastTrack,BusyServers,1.0
68400.0,FastTrack,TimeQueue,35.66820117294128
68400.0,FastTrack,TimeService,50.138036091078284
68400.0,FastTrack,NumQueue,0.0
68800.0,Varchi,TimeTotal,20.829362279166013
68800.0,Varchi,NumTotal,2.0
68800.0,Varchi,SystemResponseTime_Success,382.18972507071715
68800.0,Varchi,BusyServers,2.0
68800.0,Varchi,TimeQueue,2.0126071619667942
68800.0,Varchi,TimeService,18.816295092705115
68800.0,Varchi,NumQueue,0.0
68800.0,XRay,TimeTotal,187.34438230695454
68800.0,XRay,NumTotal,66.0
68800.0,XRay,SystemResponseTime_Success,382.18972507071715
68800.0,XRay,BusyServers,6.0
68800.0,XRay,TimeQueue,136.3146400511887
68800.0,XRay,TimeService,51.31962426387928
68800.0,XRay,NumQueue,60.0
68800.0,Recupero,TimeTotal,120.55580290326195
68800.0,Recupero,NumTotal,15.0
68800.0,Recupero,SystemResponseTime_Success,382.18972507071715
68800.0,Recupero,BusyServers,15.0
68800.0,Recupero,TimeQueue,0.0
68800.0,Recupero,TimeService,120.55580290326195
68800.0,Recupero,NumQueue,0.0
68800.0,FastTrack,TimeTotal,85.55891218616684
68800.0,FastTrack,NumTotal,1.0
68800.0,FastTrack,SystemResponseTime_Success,382.18972507071715
68800.0,FastTrack,BusyServers,1.0
68800.0,FastTrack,TimeQueue,35.46264149989549
68800.0,FastTrack,TimeService,50.05435267031401
68800.0,FastTrack,NumQueue,0.0
68800.0,CheckIn,TimeTotal,131.17452418413595
68800.0,CheckIn,NumTotal,4.0
68800.0,CheckIn,SystemResponseTime_Success,382.18972507071715
68800.0,CheckIn,BusyServers,4.0
68800.0,CheckIn,TimeQueue,11.392426862354723
68800.0,CheckIn,TimeService,119.77236661367242
68800.0,CheckIn,NumQueue,0.0
68800.0,TraceDetection,TimeTotal,136.26939888464528
68800.0,TraceDetection,NumTotal,3.0
68800.0,TraceDetection,SystemResponseTime_Success,382.18972507071715
68800.0,TraceDetection,BusyServers,1.0
68800.0,TraceDetection,TimeQueue,76.53973919994192
68800.0,TraceDetection,TimeService,59.66172177703635
68800.0,TraceDetection,NumQueue,2.0
69200.0,TraceDetection,TimeTotal,136.57806909999795
69200.0,TraceDetection,NumTotal,1.0
69200.0,TraceDetection,SystemResponseTime_Success,383.99359396974927
69200.0,TraceDetection,BusyServers,1.0
69200.0,TraceDetection,TimeQueue,76.79133675335589
69200.0,TraceDetection,TimeService,59.69887040527674
69200.0,TraceDetection,NumQueue,0.0
69200.0,Recupero,TimeTotal,120.52989061143862
69200.0,Recupero,NumTotal,21.0
69200.0,Recupero,SystemResponseTime_Success,383.99359396974927
69200.0,Recupero,BusyServers,21.0
69200.0,Recupero,TimeQueue,0.0
69200.0,Recupero,TimeService,120.52989061143862
69200.0,Recupero,NumQueue,0.0
69200.0,CheckIn,TimeTotal,131.11840642629213
69200.0,CheckIn,NumTotal,9.0
69200.0,CheckIn,SystemResponseTime_Success,383.99359396974927
69200.0,CheckIn,BusyServers,8.0
69200.0,CheckIn,TimeQueue,11.334265419879923
69200.0,CheckIn,TimeService,119.77309742983753
69200.0,CheckIn,NumQueue,1.0
69200.0,Varchi,TimeTotal,20.82382353771395
69200.0,Varchi,NumTotal,2.0
69200.0,Varchi,SystemResponseTime_Success,383.99359396974927
69200.0,Varchi,BusyServers,2.0
69200.0,Varchi,TimeQueue,2.0043660950445497
69200.0,Varchi,TimeService,18.819001749570663
69200.0,Varchi,NumQueue,0.0
69200.0,XRay,TimeTotal,189.56502083095225
69200.0,XRay,NumTotal,59.0
69200.0,XRay,SystemResponseTime_Success,383.99359396974927
69200.0,XRay,BusyServers,6.0
69200.0,XRay,TimeQueue,138.54929813401503
69200.0,XRay,TimeService,51.32808331610489
69200.0,XRay,NumQueue,53.0
69200.0,FastTrack,TimeTotal,85.28954793728548
69200.0,FastTrack,NumTotal,2.0
69200.0,FastTrack,SystemResponseTime_Success,383.99359396974927
69200.0,FastTrack,BusyServers,1.0
69200.0,FastTrack,TimeQueue,35.29635380628326
69200.0,FastTrack,TimeService,49.99237354883945
69200.0,FastTrack,NumQueue,1.0
69600.0,CheckIn,TimeTotal,131.0058156525559
69600.0,CheckIn,NumTotal,5.0
69600.0,CheckIn,SystemResponseTime_Success,386.1061664910558
69600.0,CheckIn,BusyServers,5.0
69600.0,CheckIn,TimeQueue,11.284354423055106
69600.0,CheckIn,TimeService,119.70491040165794
69600.0,CheckIn,NumQueue,0.0
69600.0,XRay,TimeTotal,191.7252481476285
69600.0,XRay,NumTotal,64.0
69600.0,XRay,SystemResponseTime_Success,386.1061664910558
69600.0,XRay,BusyServers,6.0
69600.0,XRay,TimeQueue,140.64167721939512
69600.0,XRay,TimeService,51.33009720103714
69600.0,XRay,NumQueue,58.0
69600.0,FastTrack,TimeTotal,85.65705601964595
69600.0,FastTrack,NumTotal,2.0
69600.0,FastTrack,SystemResponseTime_Success,386.1061664910558
69600.0,FastTrack,BusyServers,1.0
69600.0,FastTrack,TimeQueue,35.73160893032216
69600.0,FastTrack,TimeService,50.04722096246871
69600.0,FastTrack,NumQueue,1.0
69600.0,Recupero,TimeTotal,120.50751451918114
69600.0,Recupero,NumTotal,20.0
69600.0,Recupero,SystemResponseTime_Success,386.1061664910558
69600.0,Recupero,BusyServers,20.0
69600.0,Recupero,TimeQueue,0.0
69600.0,Recupero,TimeService,120.50751451918114
69600.0,Recupero,NumQueue,0.0
69600.0,TraceDetection,TimeTotal,136.43041235430218
69600.0,TraceDetection,NumTotal,0.0
69600.0,TraceDetection,SystemResponseTime_Success,386.1061664910558
69600.0,TraceDetection,BusyServers,0.0
69600.0,TraceDetection,TimeQueue,76.70367541003014
69600.0,TraceDetection,TimeService,59.726736944272126
69600.0,TraceDetection,NumQueue,0.0
69600.0,Varchi,TimeTotal,20.83110185966217
69600.0,Varchi,NumTotal,3.0
69600.0,Varchi,SystemResponseTime_Success,386.1061664910558
69600.0,Varchi,BusyServers,3.0
69600.0,Varchi,TimeQueue,1.9997249051244728
69600.0,Varchi,TimeService,18.831355902004326
69600.0,Varchi,NumQueue,0.0
70000.0,FastTrack,TimeTotal,86.10980126378514
70000.0,FastTrack,NumTotal,1.0
70000.0,FastTrack,SystemResponseTime_Success,387.81886702504687
70000.0,FastTrack,BusyServers,1.0
70000.0,FastTrack,TimeQueue,35.97880783383035
70000.0,FastTrack,TimeService,50.08944746247923
70000.0,FastTrack,NumQueue,0.0
70000.0,Recupero,TimeTotal,120.52690456692353
70000.0,Recupero,NumTotal,17.0
70000.0,Recupero,SystemResponseTime_Success,387.81886702504687
70000.0,Recupero,BusyServers,17.0
70000.0,Recupero,TimeQueue,0.0
70000.0,Recupero,TimeService,120.52690456692353
70000.0,Recupero,NumQueue,0.0
70000.0,CheckIn,TimeTotal,131.03594180649588
70000.0,CheckIn,NumTotal,11.0
70000.0,CheckIn,SystemResponseTime_Success,387.81886702504687
70000.0,CheckIn,BusyServers,8.0
70000.0,CheckIn,TimeQueue,11.486071535979443
70000.0,CheckIn,TimeService,119.68194022071745
70000.0,CheckIn,NumQueue,3.0
70000.0,TraceDetection,TimeTotal,136.07101000521843
70000.0,TraceDetection,NumTotal,1.0
70000.0,TraceDetection,SystemResponseTime_Success,387.81886702504687
70000.0,TraceDetection,BusyServers,1.0
70000.0,TraceDetection,TimeQueue,76.30685109046121
70000.0,TraceDetection,TimeService,59.71583143725558
70000.0,TraceDetection,NumQueue,0.0
70000.0,XRay,TimeTotal,193.5844194498165
70000.0,XRay,NumTotal,73.0
70000.0,XRay,SystemResponseTime_Success,387.81886702504687
70000.0,XRay,BusyServers,6.0
70000.0,XRay,TimeQueue,142.5020773253297
70000.0,XRay,TimeService,51.32440634005165
70000.0,XRay,NumQueue,67.0
70000.0,Varchi,TimeTotal,20.826892111508567
70000.0,Varchi,NumTotal,3.0
70000.0,Varchi,SystemResponseTime_Success,387.81886702504687
70000.0,Varchi,BusyServers,3.0
70000.0,Varchi,TimeQueue,1.9965057700506912
70000.0,Varchi,TimeService,18.832750301754363
70000.0,Varchi,NumQueue,0.0
70400.0,Varchi,TimeTotal,20.85773012125242
70400.0,Varchi,NumTotal,5.0
70400.0,Varchi,SystemResponseTime_Success,389.46873089305393
70400.0,Varchi,BusyServers,4.0
70400.0,Varchi,TimeQueue,2.0268560483933613
70400.0,Varchi,TimeService,18.83082788068054
70400.0,Varchi,NumQueue,1.0
70400.0,TraceDetection,TimeTotal,135.99737571890097
70400.0,TraceDetection,NumTotal,6.0
70400.0,TraceDetection,SystemResponseTime_Success,389.46873089305393
70400.0,TraceDetection,BusyServers,1.0
70400.0,TraceDetection,TimeQueue,76.31237738357996
70400.0,TraceDetection,TimeService,59.75112011305813
70400.0,TraceDetection,NumQueue,5.0
70400.0,Recupero,TimeTotal,120.48426545929648
70400.0,Recupero,NumTotal,14.0
70400.0,Recupero,SystemResponseTime_Success,389.46873089305393
70400.0,Recupero,BusyServers,14.0
70400.0,Recupero,TimeQueue,0.0
70400.0,Recupero,TimeService,120.48426545929648
70400.0,Recupero,NumQueue,0.0
70400.0,FastTrack,TimeTotal,85.97492409056203
70400.0,FastTrack,NumTotal,2.0
70400.0,FastTrack,SystemResponseTime_Success,389.46873089305393
70400.0,FastTrack,BusyServers,1.0
70400.0,FastTrack,TimeQueue,35.84393812744464
70400.0,FastTrack,TimeService,50.09134764906061
70400.0,FastTrack,NumQueue,1.0
70400.0,CheckIn,TimeTotal,131.51428473528907
70400.0,CheckIn,NumTotal,7.0
70400.0,CheckIn,SystemResponseTime_Success,389.46873089305393
70400.0,CheckIn,BusyServers,7.0
70400.0,CheckIn,TimeQueue,11.862043988957701
70400.0,CheckIn,TimeService,119.66499503288843
70400.0,CheckIn,NumQueue,0.0
70400.0,XRay,TimeTotal,195.65228581756776
70400.0,XRay,NumTotal,86.0
70400.0,XRay,SystemResponseTime_Success,389.46873089305393
70400.0,XRay,BusyServers,6.0
70400.0,XRay,TimeQueue,144.60353339192025
70400.0,XRay,TimeService,51.31861711258013
70400.0,XRay,NumQueue,80.0
70800.0,Varchi,TimeTotal,20.852226838895664
70800.0,Varchi,NumTotal,2.0
70800.0,Varchi,SystemResponseTime_Success,391.65568008782657
70800.0,Varchi,BusyServers,2.0
70800.0,Varchi,TimeQueue,2.0224293973060408
70800.0,Varchi,TimeService,18.829349654719906
70800.0,Varchi,NumQueue,0.0
70800.0,CheckIn,TimeTotal,131.52323126854213
70800.0,CheckIn,NumTotal,8.0
70800.0,CheckIn,SystemResponseTime_Success,391.65568008782657
70800.0,CheckIn,BusyServers,8.0
70800.0,CheckIn,TimeQueue,11.842254515710971
70800.0,CheckIn,TimeService,119.68217567942742
70800.0,CheckIn,NumQueue,0.0
70800.0,XRay,TimeTotal,198.12043666370502
70800.0,XRay,NumTotal,80.0
70800.0,XRay,SystemResponseTime_Success,391.65568008782657
70800.0,XRay,BusyServers,6.0
70800.0,XRay,TimeQueue,147.15613441301946
70800.0,XRay,TimeService,51.29333934583742
70800.0,XRay,NumQueue,74.0
70800.0,FastTrack,TimeTotal,85.82363204609881
70800.0,FastTrack,NumTotal,1.0
70800.0,FastTrack,SystemResponseTime_Success,391.65568008782657
70800.0,FastTrack,BusyServers,1.0
70800.0,FastTrack,TimeQueue,35.750485313493776
70800.0,FastTrack,TimeService,50.032382211152914
70800.0,FastTrack,NumQueue,0.0
70800.0,TraceDetection,TimeTotal,137.00001638636323
70800.0,TraceDetection,NumTotal,4.0
70800.0,TraceDetection,SystemResponseTime_Success,391.65568008782657
70800.0,TraceDetection,BusyServers,1.0
70800.0,TraceDetection,TimeQueue,77.42890815299141
70800.0,TraceDetection,TimeService,59.7749629823055
70800.0,TraceDetection,NumQueue,3.0
70800.0,Recupero,TimeTotal,120.48811551657667
70800.0,Recupero,NumTotal,14.0
70800.0,Recupero,SystemResponseTime_Success,391.65568008782657
70800.0,Recupero,BusyServers,14.0
70800.0,Recupero,TimeQueue,0.0
70800.0,Recupero,TimeService,120.48811551657667
70800.0,Recupero,NumQueue,0.0
71200.0,Recupero,TimeTotal,120.4804726961624
71200.0,Recupero,NumTotal,17.0
71200.0,Recupero,SystemResponseTime_Success,394.44762787701467
71200.0,Recupero,BusyServers,17.0
71200.0,Recupero,TimeQueue,0.0
71200.0,Recupero,TimeService,120.4804726961624
71200.0,Recupero,NumQueue,0.0
71200.0,XRay,TimeTotal,200.8708236404805
71200.0,XRay,NumTotal,84.0
71200.0,XRay,SystemResponseTime_Success,394.44762787701467
71200.0,XRay,BusyServers,6.0
71200.0,XRay,TimeQueue,149.96279365325157
71200.0,XRay,TimeService,51.30000860467459
71200.0,XRay,NumQueue,78.0
71200.0,TraceDetection,TimeTotal,137.6917095997307
71200.0,TraceDetection,NumTotal,0.0
71200.0,TraceDetection,SystemResponseTime_Success,394.44762787701467
71200.0,TraceDetection,BusyServers,0.0
71200.0,TraceDetection,TimeQueue,77.89846639966694
71200.0,TraceDetection,TimeService,59.793243200063834
71200.0,TraceDetection,NumQueue,0.0
71200.0,FastTrack,TimeTotal,86.13496042177485
71200.0,FastTrack,NumTotal,3.0
71200.0,FastTrack,SystemResponseTime_Success,394.44762787701467
71200.0,FastTrack,BusyServers,1.0
71200.0,FastTrack,TimeQueue,36.17915396209255
71200.0,FastTrack,TimeService,50.048919202119876
71200.0,FastTrack,NumQueue,2.0
71200.0,Varchi,TimeTotal,20.852314126842913
71200.0,Varchi,NumTotal,2.0
71200.0,Varchi,SystemResponseTime_Success,394.44762787701467
71200.0,Varchi,BusyServers,2.0
71200.0,Varchi,TimeQueue,2.019943696130856
71200.0,Varchi,TimeService,18.833115248247232
71200.0,Varchi,NumQueue,0.0
71200.0,CheckIn,TimeTotal,131.47174181414982
71200.0,CheckIn,NumTotal,5.0
71200.0,CheckIn,SystemResponseTime_Success,394.44762787701467
71200.0,CheckIn,BusyServers,5.0
71200.0,CheckIn,TimeQueue,11.80498432193901
71200.0,CheckIn,TimeService,119.64990767159684
71200.0,CheckIn,NumQueue,0.0
71600.0,FastTrack,TimeTotal,86.52401418621893
71600.0,FastTrack,NumTotal,2.0
71600.0,FastTrack,SystemResponseTime_Success,396.96370157960484
71600.0,FastTrack,BusyServers,1.0
71600.0,FastTrack,TimeQueue,36.53873127572426
71600.0,FastTrack,TimeService,50.09152070412026
71600.0,FastTrack,NumQueue,1.0
71600.0,Varchi,TimeTotal,20.842876601429353
71600.0,Varchi,NumTotal,2.0
71600.0,Varchi,SystemResponseTime_Success,396.96370157960484
71600.0,Varchi,BusyServers,2.0
71600.0,Varchi,TimeQueue,2.0121442712942668
71600.0,Varchi,TimeService,18.83029193961833
71600.0,Varchi,NumQueue,0.0
71600.0,XRay,TimeTotal,203.7266965876478
71600.0,XRay,NumTotal,75.0
71600.0,XRay,SystemResponseTime_Success,396.96370157960484
71600.0,XRay,BusyServers,6.0
71600.0,XRay,TimeQueue,152.77983130240452
71600.0,XRay,TimeService,51.28973185680892
71600.0,XRay,NumQueue,69.0
71600.0,CheckIn,TimeTotal,131.43650329913308
71600.0,CheckIn,NumTotal,6.0
71600.0,CheckIn,SystemResponseTime_Success,396.96370157960484
71600.0,CheckIn,BusyServers,6.0
71600.0,CheckIn,TimeQueue,11.77765054676441
71600.0,CheckIn,TimeService,119.63881137310558
71600.0,CheckIn,NumQueue,0.0
71600.0,TraceDetection,TimeTotal,137.55142452547764
71600.0,TraceDetection,NumTotal,0.0
71600.0,TraceDetection,SystemResponseTime_Success,396.96370157960484
71600.0,TraceDetection,BusyServers,0.0
71600.0,TraceDetection,TimeQueue,77.7255508249729
71600.0,TraceDetection,TimeService,59.825873700504836
71600.0,TraceDetection,NumQueue,0.0
71600.0,Recupero,TimeTotal,120.47712646191906
71600.0,Recupero,NumTotal,20.0
71600.0,Recupero,SystemResponseTime_Success,396.96370157960484
71600.0,Recupero,BusyServers,20.0
71600.0,Recupero,TimeQueue,0.0
71600.0,Recupero,TimeService,120.47712646191906
71600.0,Recupero,NumQueue,0.0
72000.0,FastTrack,TimeTotal,86.59367684651208
72000.0,FastTrack,NumTotal,0.0
72000.0,FastTrack,SystemResponseTime_Success,399.44624440934746
72000.0,FastTrack,BusyServers,0.0
72000.0,FastTrack,TimeQueue,36.54031810016978
72000.0,FastTrack,TimeService,50.053358746342305
72000.0,FastTrack,NumQueue,0.0
72000.0,CheckIn,TimeTotal,131.37727319777986
72000.0,CheckIn,NumTotal,3.0
72000.0,CheckIn,SystemResponseTime_Success,399.44624440934746
72000.0,CheckIn,BusyServers,3.0
72000.0,CheckIn,TimeQueue,11.75663226940618
72000.0,CheckIn,TimeService,119.61068330646253
72000.0,CheckIn,NumQueue,0.0
72000.0,TraceDetection,TimeTotal,137.35479022018248
72000.0,TraceDetection,NumTotal,0.0
72000.0,TraceDetection,SystemResponseTime_Success,399.44624440934746
72000.0,TraceDetection,BusyServers,0.0
72000.0,TraceDetection,TimeQueue,77.4684306780026
72000.0,TraceDetection,TimeService,59.88635954217996
72000.0,TraceDetection,NumQueue,0.0
72000.0,Varchi,TimeTotal,20.84352518418826
72000.0,Varchi,NumTotal,1.0
72000.0,Varchi,SystemResponseTime_Success,399.44624440934746
72000.0,Varchi,BusyServers,1.0
72000.0,Varchi,TimeQueue,2.0086864571367777
72000.0,Varchi,TimeService,18.83462005881104
72000.0,Varchi,NumQueue,0.0
72000.0,Recupero,TimeTotal,120.47977819234342
72000.0,Recupero,NumTotal,14.0
72000.0,Recupero,SystemResponseTime_Success,399.44624440934746
72000.0,Recupero,BusyServers,14.0
72000.0,Recupero,TimeQueue,0.0
72000.0,Recupero,TimeService,120.47977819234342
72000.0,Recupero,NumQueue,0.0
72000.0,XRay,TimeTotal,206.25960246535556
72000.0,XRay,NumTotal,78.0
72000.0,XRay,SystemResponseTime_Success,399.44624440934746
72000.0,XRay,BusyServers,6.0
72000.0,XRay,TimeQueue,155.31894582481814
72000.0,XRay,TimeService,51.2948016268889
72000.0,XRay,NumQueue,72.0
72400.0,CheckIn,TimeTotal,131.2510943190656
72400.0,CheckIn,NumTotal,5.0
72400.0,CheckIn,SystemResponseTime_Success,401.83737970339746
72400.0,CheckIn,BusyServers,5.0
72400.0,CheckIn,TimeQueue,11.694272438991725
72400.0,CheckIn,TimeService,119.5407089874989
72400.0,CheckIn,NumQueue,0.0
72400.0,XRay,TimeTotal,209.0548214793591
72400.0,XRay,NumTotal,61.0
72400.0,XRay,SystemResponseTime_Success,401.83737970339746
72400.0,XRay,BusyServers,6.0
72400.0,XRay,TimeQueue,158.07817340495964
72400.0,XRay,TimeService,51.297402931879624
72400.0,XRay,NumQueue,55.0
72400.0,TraceDetection,TimeTotal,137.08363332916306
72400.0,TraceDetection,NumTotal,0.0
72400.0,TraceDetection,SystemResponseTime_Success,401.83737970339746
72400.0,TraceDetection,BusyServers,0.0
72400.0,TraceDetection,TimeQueue,77.21711126446529
72400.0,TraceDetection,TimeService,59.86652206469786
72400.0,TraceDetection,NumQueue,0.0
72400.0,Varchi,TimeTotal,20.8352949883973
72400.0,Varchi,NumTotal,4.0
72400.0,Varchi,SystemResponseTime_Success,401.83737970339746
72400.0,Varchi,BusyServers,4.0
72400.0,Varchi,TimeQueue,2.0041148607216948
72400.0,Varchi,TimeService,18.832641916978314
72400.0,Varchi,NumQueue,0.0
72400.0,FastTrack,TimeTotal,86.5072438565397
72400.0,FastTrack,NumTotal,1.0
72400.0,FastTrack,SystemResponseTime_Success,401.83737970339746
72400.0,FastTrack,BusyServers,1.0
72400.0,FastTrack,TimeQueue,36.41838155478545
72400.0,FastTrack,TimeService,50.04830731115871
72400.0,FastTrack,NumQueue,0.0
72400.0,Recupero,TimeTotal,120.47095359178972
72400.0,Recupero,NumTotal,16.0
72400.0,Recupero,SystemResponseTime_Success,401.83737970339746
72400.0,Recupero,BusyServers,16.0
72400.0,Recupero,TimeQueue,0.0
72400.0,Recupero,TimeService,120.47095359178972
72400.0,Recupero,NumQueue,0.0
72800.0,FastTrack,TimeTotal,86.46097506072886
72800.0,FastTrack,NumTotal,0.0
72800.0,FastTrack,SystemResponseTime_Success,404.04771754427884
72800.0,FastTrack,BusyServers,0.0
72800.0,FastTrack,TimeQueue,36.41838155478545
72800.0,FastTrack,TimeService,50.042593505943394
72800.0,FastTrack,NumQueue,0.0
72800.0,CheckIn,TimeTotal,131.1514603542399
72800.0,CheckIn,NumTotal,7.0
72800.0,CheckIn,SystemResponseTime_Success,404.04771754427884
72800.0,CheckIn,BusyServers,7.0
72800.0,CheckIn,TimeQueue,11.629014222256279
72800.0,CheckIn,TimeService,119.49968876559932
72800.0,CheckIn,NumQueue,0.0
72800.0,Recupero,TimeTotal,120.43936051100602
72800.0,Recupero,NumTotal,15.0
72800.0,Recupero,SystemResponseTime_Success,404.04771754427884
72800.0,Recupero,BusyServers,15.0
72800.0,Recupero,TimeQueue,0.0
72800.0,Recupero,TimeService,120.43936051100602
72800.0,Recupero,NumQueue,0.0
72800.0,Varchi,TimeTotal,20.82766106422489
72800.0,Varchi,NumTotal,2.0
72800.0,Varchi,SystemResponseTime_Success,404.04771754427884
72800.0,Varchi,BusyServers,2.0
72800.0,Varchi,TimeQueue,1.9995654653425818
72800.0,Varchi,TimeService,18.828077587862023
72800.0,Varchi,NumQueue,0.0
72800.0,XRay,TimeTotal,211.50115743323315
72800.0,XRay,NumTotal,66.0
72800.0,XRay,SystemResponseTime_Success,404.04771754427884
72800.0,XRay,BusyServers,6.0
72800.0,XRay,TimeQueue,160.4518597228562
72800.0,XRay,TimeService,51.29639009209974
72800.0,XRay,NumQueue,60.0
72800.0,TraceDetection,TimeTotal,136.78618818550692
72800.0,TraceDetection,NumTotal,1.0
72800.0,TraceDetection,SystemResponseTime_Success,404.04771754427884
72800.0,TraceDetection,BusyServers,1.0
72800.0,TraceDetection,TimeQueue,76.82520359649448
72800.0,TraceDetection,TimeService,59.87674642717428
72800.0,TraceDetection,NumQueue,0.0
73200.0,FastTrack,TimeTotal,86.27740545400476
73200.0,FastTrack,NumTotal,0.0
73200.0,FastTrack,SystemResponseTime_Success,405.8377994524062
73200.0,FastTrack,BusyServers,0.0
73200.0,FastTrack,TimeQueue,36.22864835393003
73200.0,FastTrack,TimeService,50.048757100074724
73200.0,FastTrack,NumQueue,0.0
73200.0,XRay,TimeTotal,213.30814372684355
73200.0,XRay,NumTotal,56.0
73200.0,XRay,SystemResponseTime_Success,405.8377994524062
73200.0,XRay,BusyServers,6.0
73200.0,XRay,TimeQueue,162.24098942174948
73200.0,XRay,TimeService,51.281865304418645
73200.0,XRay,NumQueue,50.0
73200.0,TraceDetection,TimeTotal,136.3577846044043
73200.0,TraceDetection,NumTotal,2.0
73200.0,TraceDetection,SystemResponseTime_Success,405.8377994524062
73200.0,TraceDetection,BusyServers,1.0
73200.0,TraceDetection,TimeQueue,76.44357002465152
73200.0,TraceDetection,TimeService,59.83085190797025
73200.0,TraceDetection,NumQueue,1.0
73200.0,Varchi,TimeTotal,20.82440178338179
73200.0,Varchi,NumTotal,3.0
73200.0,Varchi,SystemResponseTime_Success,405.8377994524062
73200.0,Varchi,BusyServers,3.0
73200.0,Varchi,TimeQueue,1.9921931600416158
73200.0,Varchi,TimeService,18.8315672218077
73200.0,Varchi,NumQueue,0.0
73200.0,Recupero,TimeTotal,120.43807705131468
73200.0,Recupero,NumTotal,16.0
73200.0,Recupero,SystemResponseTime_Success,405.8377994524062
73200.0,Recupero,BusyServers,16.0
73200.0,Recupero,TimeQueue,0.0
73200.0,Recupero,TimeService,120.43807705131468
73200.0,Recupero,NumQueue,0.0
73200.0,CheckIn,TimeTotal,131.07087301133967
73200.0,CheckIn,NumTotal,8.0
73200.0,CheckIn,SystemResponseTime_Success,405.8377994524062
73200.0,CheckIn,BusyServers,8.0
73200.0,CheckIn,TimeQueue,11.56184816807137
73200.0,CheckIn,TimeService,119.4838874754577
73200.0,CheckIn,NumQueue,0.0
73600.0,Recupero,TimeTotal,120.4325018777018
73600.0,Recupero,NumTotal,16.0
73600.0,Recupero,SystemResponseTime_Success,407.25235061856483
73600.0,Recupero,BusyServers,16.0
73600.0,Recupero,TimeQueue,0.0
73600.0,Recupero,TimeService,120.4325018777018
73600.0,Recupero,NumQueue,0.0
73600.0,TraceDetection,TimeTotal,136.15036547785152
73600.0,TraceDetection,NumTotal,1.0
73600.0,TraceDetection,SystemResponseTime_Success,407.25235061856483
73600.0,TraceDetection,BusyServers,1.0
73600.0,TraceDetection,TimeQueue,76.21377824717372
73600.0,TraceDetection,TimeService,59.853836114231434
73600.0,TraceDetection,NumQueue,0.0
73600.0,XRay,TimeTotal,214.9566101903296
73600.0,XRay,NumTotal,42.0
73600.0,XRay,SystemResponseTime_Success,407.25235061856483
73600.0,XRay,BusyServers,6.0
73600.0,XRay,TimeQueue,163.87602530300637
73600.0,XRay,TimeService,51.27298407906362
73600.0,XRay,NumQueue,36.0
73600.0,CheckIn,TimeTotal,131.07470784341297
73600.0,CheckIn,NumTotal,8.0
73600.0,CheckIn,SystemResponseTime_Success,407.25235061856483
73600.0,CheckIn,BusyServers,8.0
73600.0,CheckIn,TimeQueue,11.522903990548349
73600.0,CheckIn,TimeService,119.52632479484215
73600.0,CheckIn,NumQueue,0.0
73600.0,Varchi,TimeTotal,20.82277050135356
73600.0,Varchi,NumTotal,2.0
73600.0,Varchi,SystemResponseTime_Success,407.25235061856483
73600.0,Varchi,BusyServers,2.0
73600.0,Varchi,TimeQueue,1.9863326189470867
73600.0,Varchi,TimeService,18.836013497699977
73600.0,Varchi,NumQueue,0.0
73600.0,FastTrack,TimeTotal,86.30247018306581
73600.0,FastTrack,NumTotal,5.0
73600.0,FastTrack,SystemResponseTime_Success,407.25235061856483
73600.0,FastTrack,BusyServers,1.0
73600.0,FastTrack,TimeQueue,36.26165464994567
73600.0,FastTrack,TimeService,50.09208951146155
73600.0,FastTrack,NumQueue,4.0
74000.0,Varchi,TimeTotal,20.811308295431104
74000.0,Varchi,NumTotal,0.0
74000.0,Varchi,SystemResponseTime_Success,408.605433832406
74000.0,Varchi,BusyServers,0.0
74000.0,Varchi,TimeQueue,1.9780413987310073
74000.0,Varchi,TimeService,18.833266896700135
74000.0,Varchi,NumQueue,0.0
74000.0,FastTrack,TimeTotal,87.53168522217668
74000.0,FastTrack,NumTotal,3.0
74000.0,FastTrack,SystemResponseTime_Success,408.605433832406
74000.0,FastTrack,BusyServers,1.0
74000.0,FastTrack,TimeQueue,37.65482263096425
74000.0,FastTrack,TimeService,50.13276455426224
74000.0,FastTrack,NumQueue,2.0
74000.0,Recupero,TimeTotal,120.43074051167986
74000.0,Recupero,NumTotal,15.0
74000.0,Recupero,SystemResponseTime_Success,408.605433832406
74000.0,Recupero,BusyServers,15.0
74000.0,Recupero,TimeQueue,0.0
74000.0,Recupero,TimeService,120.43074051167986
74000.0,Recupero,NumQueue,0.0
74000.0,XRay,TimeTotal,216.1120274979909
74000.0,XRay,NumTotal,35.0
74000.0,XRay,SystemResponseTime_Success,408.605433832406
74000.0,XRay,BusyServers,6.0
74000.0,XRay,TimeQueue,164.91613827694553
74000.0,XRay,TimeService,51.254811964460444
74000.0,XRay,NumQueue,29.0
74000.0,TraceDetection,TimeTotal,135.94469525306621
74000.0,TraceDetection,NumTotal,1.0
74000.0,TraceDetection,SystemResponseTime_Success,408.605433832406
74000.0,TraceDetection,BusyServers,1.0
74000.0,TraceDetection,TimeQueue,75.9926670265161
74000.0,TraceDetection,TimeService,59.86987399192693
74000.0,TraceDetection,NumQueue,0.0
74000.0,CheckIn,TimeTotal,130.97218630498097
74000.0,CheckIn,NumTotal,4.0
74000.0,CheckIn,SystemResponseTime_Success,408.605433832406
74000.0,CheckIn,BusyServers,4.0
74000.0,CheckIn,TimeQueue,11.481441355458681
74000.0,CheckIn,TimeService,119.4781245138469
74000.0,CheckIn,NumQueue,0.0
74400.0,Varchi,TimeTotal,20.808657651251934
74400.0,Varchi,NumTotal,1.0
74400.0,Varchi,SystemResponseTime_Success,409.1639117459191
74400.0,Varchi,BusyServers,1.0
74400.0,Varchi,TimeQueue,1.9745240472290093
74400.0,Varchi,TimeService,18.833924504791025
74400.0,Varchi,NumQueue,0.0
74400.0,CheckIn,TimeTotal,130.9111338423594
74400.0,CheckIn,NumTotal,5.0
74400.0,CheckIn,SystemResponseTime_Success,409.1639117459191
74400.0,CheckIn,BusyServers,5.0
74400.0,CheckIn,TimeQueue,11.456283445066003
74400.0,CheckIn,TimeService,119.43913964106017
74400.0,CheckIn,NumQueue,0.0
74400.0,TraceDetection,TimeTotal,135.75339876511393
74400.0,TraceDetection,NumTotal,0.0
74400.0,TraceDetection,SystemResponseTime_Success,409.1639117459191
74400.0,TraceDetection,BusyServers,0.0
74400.0,TraceDetection,TimeQueue,75.91069003943248
74400.0,TraceDetection,TimeService,59.84270872568152
74400.0,TraceDetection,NumQueue,0.0
74400.0,Recupero,TimeTotal,120.4116874770744
74400.0,Recupero,NumTotal,17.0
74400.0,Recupero,SystemResponseTime_Success,409.1639117459191
74400.0,Recupero,BusyServers,17.0
74400.0,Recupero,TimeQueue,0.0
74400.0,Recupero,TimeService,120.4116874770744
74400.0,Recupero,NumQueue,0.0
74400.0,XRay,TimeTotal,216.56364562125765
74400.0,XRay,NumTotal,18.0
74400.0,XRay,SystemResponseTime_Success,409.1639117459191
74400.0,XRay,BusyServers,6.0
74400.0,XRay,TimeQueue,165.3199313297431
74400.0,XRay,TimeService,51.26280843725269
74400.0,XRay,NumQueue,12.0
74400.0,FastTrack,TimeTotal,88.63690982374767
74400.0,FastTrack,NumTotal,1.0
74400.0,FastTrack,SystemResponseTime_Success,409.1639117459191
74400.0,FastTrack,BusyServers,1.0
74400.0,FastTrack,TimeQueue,38.596306072779306
74400.0,FastTrack,TimeService,50.11656154816012
74400.0,FastTrack,NumQueue,0.0
74800.0,FastTrack,TimeTotal,88.57755279669976
74800.0,FastTrack,NumTotal,1.0
74800.0,FastTrack,SystemResponseTime_Success,408.9554148432596
74800.0,FastTrack,BusyServers,1.0
74800.0,FastTrack,TimeQueue,38.43030045526198
74800.0,FastTrack,TimeService,50.10588495666354
74800.0,FastTrack,NumQueue,0.0
74800.0,XRay,TimeTotal,216.40135813259613
74800.0,XRay,NumTotal,34.0
74800.0,XRay,SystemResponseTime_Success,408.9554148432596
74800.0,XRay,BusyServers,6.0
74800.0,XRay,TimeQueue,165.12412228190678
74800.0,XRay,TimeService,51.274726939218205
74800.0,XRay,NumQueue,28.0
74800.0,TraceDetection,TimeTotal,135.53284661221716
74800.0,TraceDetection,NumTotal,0.0
74800.0,TraceDetection,SystemResponseTime_Success,408.9554148432596
74800.0,TraceDetection,BusyServers,0.0
74800.0,TraceDetection,TimeQueue,75.66896841674212
74800.0,TraceDetection,TimeService,59.86387819547512
74800.0,TraceDetection,NumQueue,0.0
74800.0,CheckIn,TimeTotal,130.8773751903711
74800.0,CheckIn,NumTotal,7.0
74800.0,CheckIn,SystemResponseTime_Success,408.9554148432596
74800.0,CheckIn,BusyServers,7.0
74800.0,CheckIn,TimeQueue,11.388595402023217
74800.0,CheckIn,TimeService,119.46925601657183
74800.0,CheckIn,NumQueue,0.0
74800.0,Recupero,TimeTotal,120.41838378837679
74800.0,Recupero,NumTotal,15.0
74800.0,Recupero,SystemResponseTime_Success,408.9554148432596
74800.0,Recupero,BusyServers,15.0
74800.0,Recupero,TimeQueue,0.0
74800.0,Recupero,TimeService,120.41838378837679
74800.0,Recupero,NumQueue,0.0
74800.0,Varchi,TimeTotal,20.802598775774154
74800.0,Varchi,NumTotal,3.0
74800.0,Varchi,SystemResponseTime_Success,408.9554148432596
74800.0,Varchi,BusyServers,3.0
74800.0,Varchi,TimeQueue,1.9694889987643462
74800.0,Varchi,TimeService,18.83295936501937
74800.0,Varchi,NumQueue,0.0
75200.0,Varchi,TimeTotal,20.799511015077236
75200.0,Varchi,NumTotal,2.0
75200.0,Varchi,SystemResponseTime_Success,408.95289652671903
75200.0,Varchi,BusyServers,2.0
75200.0,Varchi,TimeQueue,1.9649884443720746
75200.0,Varchi,TimeService,18.83411118403204
75200.0,Varchi,NumQueue,0.0
75200.0,XRay,TimeTotal,216.66778177210824
75200.0,XRay,NumTotal,29.0
75200.0,XRay,SystemResponseTime_Success,408.95289652671903
75200.0,XRay,BusyServers,6.0
75200.0,XRay,TimeQueue,165.4343321801431
75200.0,XRay,TimeService,51.27867229266299
75200.0,XRay,NumQueue,23.0
75200.0,FastTrack,TimeTotal,88.43392958533556
75200.0,FastTrack,NumTotal,0.0
75200.0,FastTrack,SystemResponseTime_Success,408.95289652671903
75200.0,FastTrack,BusyServers,0.0
75200.0,FastTrack,TimeQueue,38.3319472085583
75200.0,FastTrack,TimeService,50.10198237677726
75200.0,FastTrack,NumQueue,0.0
75200.0,TraceDetection,TimeTotal,135.3489727384369
75200.0,TraceDetection,NumTotal,0.0
75200.0,TraceDetection,SystemResponseTime_Success,408.95289652671903
75200.0,TraceDetection,BusyServers,0.0
75200.0,TraceDetection,TimeQueue,75.50676269666336
75200.0,TraceDetection,TimeService,59.842210041773654
75200.0,TraceDetection,NumQueue,0.0
75200.0,Recupero,TimeTotal,120.42373698106347
75200.0,Recupero,NumTotal,18.0
75200.0,Recupero,SystemResponseTime_Success,408.95289652671903
75200.0,Recupero,BusyServers,18.0
75200.0,Recupero,TimeQueue,0.0
75200.0,Recupero,TimeService,120.42373698106347
75200.0,Recupero,NumQueue,0.0
75200.0,CheckIn,TimeTotal,130.79017652452242
75200.0,CheckIn,NumTotal,6.0
75200.0,CheckIn,SystemResponseTime_Success,408.95289652671903
75200.0,CheckIn,BusyServers,6.0
75200.0,CheckIn,TimeQueue,11.333071372435889
75200.0,CheckIn,TimeService,119.43865739618978
75200.0,CheckIn,NumQueue,0.0
75600.0,CheckIn,TimeTotal,130.7498886149427
75600.0,CheckIn,NumTotal,2.0
75600.0,CheckIn,SystemResponseTime_Success,409.1521234082401
75600.0,CheckIn,BusyServers,2.0
75600.0,CheckIn,TimeQueue,11.29940575399225
75600.0,CheckIn,TimeService,119.44437672436335
75600.0,CheckIn,NumQueue,0.0
75600.0,Recupero,TimeTotal,120.43590257973415
75600.0,Recupero,NumTotal,12.0
75600.0,Recupero,SystemResponseTime_Success,409.1521234082401
75600.0,Recupero,BusyServers,12.0
75600.0,Recupero,TimeQueue,0.0
75600.0,Recupero,TimeService,120.43590257973415
75600.0,Recupero,NumQueue,0.0
75600.0,TraceDetection,TimeTotal,135.156980070819
75600.0,TraceDetection,NumTotal,1.0
75600.0,TraceDetection,SystemResponseTime_Success,409.1521234082401
75600.0,TraceDetection,BusyServers,1.0
75600.0,TraceDetection,TimeQueue,75.26475384186635
75600.0,TraceDetection,TimeService,59.81172916602026
75600.0,TraceDetection,NumQueue,0.0
75600.0,XRay,TimeTotal,216.79474912304067
75600.0,XRay,NumTotal,20.0
75600.0,XRay,SystemResponseTime_Success,409.1521234082401
75600.0,XRay,BusyServers,6.0
75600.0,XRay,TimeQueue,165.53414686776873
75600.0,XRay,TimeService,51.27155749219258
75600.0,XRay,NumQueue,14.0
75600.0,Varchi,TimeTotal,20.799054781753057
75600.0,Varchi,NumTotal,1.0
75600.0,Varchi,SystemResponseTime_Success,409.1521234082401
75600.0,Varchi,BusyServers,1.0
75600.0,Varchi,TimeQueue,1.9635786146027685
75600.0,Varchi,TimeService,18.835271521124838
75600.0,Varchi,NumQueue,0.0
75600.0,FastTrack,TimeTotal,88.36392395253462
75600.0,FastTrack,NumTotal,1.0
75600.0,FastTrack,SystemResponseTime_Success,409.1521234082401
75600.0,FastTrack,BusyServers,1.0
75600.0,FastTrack,TimeQueue,38.20908840340266
75600.0,FastTrack,TimeService,50.11397021394114
75600.0,FastTrack,NumQueue,0.0
76000.0,TraceDetection,TimeTotal,135.0790199132098
76000.0,TraceDetection,NumTotal,4.0
76000.0,TraceDetection,SystemResponseTime_Success,409.0082043748276
76000.0,TraceDetection,BusyServers,1.0
76000.0,TraceDetection,TimeQueue,75.31297867640907
76000.0,TraceDetection,TimeService,59.86420027634271
76000.0,TraceDetection,NumQueue,3.0
76000.0,CheckIn,TimeTotal,130.84209701354328
76000.0,CheckIn,NumTotal,11.0
76000.0,CheckIn,SystemResponseTime_Success,409.0082043748276
76000.0,CheckIn,BusyServers,8.0
76000.0,CheckIn,TimeQueue,11.628321906988033
76000.0,CheckIn,TimeService,119.4091988567013
76000.0,CheckIn,NumQueue,3.0
76000.0,XRay,TimeTotal,216.60189629179226
76000.0,XRay,NumTotal,23.0
76000.0,XRay,SystemResponseTime_Success,409.0082043748276
76000.0,XRay,BusyServers,6.0
76000.0,XRay,TimeQueue,165.30327931566876
76000.0,XRay,TimeService,51.26336421647503
76000.0,XRay,NumQueue,17.0
76000.0,Recupero,TimeTotal,120.44075418456615
76000.0,Recupero,NumTotal,16.0
76000.0,Recupero,SystemResponseTime_Success,409.0082043748276
76000.0,Recupero,BusyServers,16.0
76000.0,Recupero,TimeQueue,0.0
76000.0,Recupero,TimeService,120.44075418456615
76000.0,Recupero,NumQueue,0.0
76000.0,Varchi,TimeTotal,20.799149134381253
76000.0,Varchi,NumTotal,3.0
76000.0,Varchi,SystemResponseTime_Success,409.0082043748276
76000.0,Varchi,BusyServers,3.0
76000.0,Varchi,TimeQueue,1.9638382388526485
76000.0,Varchi,TimeService,18.837257151326217
76000.0,Varchi,NumQueue,0.0
76000.0,FastTrack,TimeTotal,88.17033850783056
76000.0,FastTrack,NumTotal,1.0
76000.0,FastTrack,SystemResponseTime_Success,409.0082043748276
76000.0,FastTrack,BusyServers,1.0
76000.0,FastTrack,TimeQueue,38.08408362287254
76000.0,FastTrack,TimeService,50.08491908764709
76000.0,FastTrack,NumQueue,0.0
76400.0,XRay,TimeTotal,216.52004142569822
76400.0,XRay,NumTotal,33.0
76400.0,XRay,SystemResponseTime_Success,408.8943143548622
76400.0,XRay,BusyServers,6.0
76400.0,XRay,TimeQueue,165.2911639522605
76400.0,XRay,TimeService,51.257069179621176
76400.0,XRay,NumQueue,27.0
76400.0,TraceDetection,TimeTotal,135.41898248060744
76400.0,TraceDetection,NumTotal,0.0
76400.0,TraceDetection,SystemResponseTime_Success,408.8943143548622
76400.0,TraceDetection,BusyServers,0.0
76400.0,TraceDetection,TimeQueue,75.59551948873761
76400.0,TraceDetection,TimeService,59.82346299186992
76400.0,TraceDetection,NumQueue,0.0
76400.0,FastTrack,TimeTotal,88.04921489681989
76400.0,FastTrack,NumTotal,0.0
76400.0,FastTrack,SystemResponseTime_Success,408.8943143548622
76400.0,FastTrack,BusyServers,0.0
76400.0,FastTrack,TimeQueue,37.96318177010152
76400.0,FastTrack,TimeService,50.08603312671836
76400.0,FastTrack,NumQueue,0.0
76400.0,Recupero,TimeTotal,120.42626601452285
76400.0,Recupero,NumTotal,18.0
76400.0,Recupero,SystemResponseTime_Success,408.8943143548622
76400.0,Recupero,BusyServers,18.0
76400.0,Recupero,TimeQueue,0.0
76400.0,Recupero,TimeService,120.42626601452285
76400.0,Recupero,NumQueue,0.0
76400.0,CheckIn,TimeTotal,131.3200129738011
76400.0,CheckIn,NumTotal,7.0
76400.0,CheckIn,SystemResponseTime_Success,408.8943143548622
76400.0,CheckIn,BusyServers,7.0
76400.0,CheckIn,TimeQueue,11.881182832306552
76400.0,CheckIn,TimeService,119.47907350597956
76400.0,CheckIn,NumQueue,0.0
76400.0,Varchi,TimeTotal,20.789746621118372
76400.0,Varchi,NumTotal,3.0
76400.0,Varchi,SystemResponseTime_Success,408.8943143548622
76400.0,Varchi,BusyServers,3.0
76400.0,Varchi,TimeQueue,1.9573751035967872
76400.0,Varchi,TimeService,18.8317670162543
76400.0,Varchi,NumQueue,0.0
76800.0,Varchi,TimeTotal,20.784359423807825
76800.0,Varchi,NumTotal,5.0
76800.0,Varchi,SystemResponseTime_Success,409.2159906791966
76800.0,Varchi,BusyServers,4.0
76800.0,Varchi,TimeQueue,1.954161776179769
76800.0,Varchi,TimeService,18.82939684370383
76800.0,Varchi,NumQueue,1.0
76800.0,CheckIn,TimeTotal,131.34584864010972
76800.0,CheckIn,NumTotal,8.0
76800.0,CheckIn,SystemResponseTime_Success,409.2159906791966
76800.0,CheckIn,BusyServers,8.0
76800.0,CheckIn,TimeQueue,11.823424437136648
76800.0,CheckIn,TimeService,119.49935999711941
76800.0,CheckIn,NumQueue,0.0
76800.0,TraceDetection,TimeTotal,135.14712938662188
76800.0,TraceDetection,NumTotal,1.0
76800.0,TraceDetection,SystemResponseTime_Success,409.2159906791966
76800.0,TraceDetection,BusyServers,1.0
76800.0,TraceDetection,TimeQueue,75.30224991491302
76800.0,TraceDetection,TimeService,59.79033259100669
76800.0,TraceDetection,NumQueue,0.0
76800.0,Recupero,TimeTotal,120.40546659335045
76800.0,Recupero,NumTotal,12.0
76800.0,Recupero,SystemResponseTime_Success,409.2159906791966
76800.0,Recupero,BusyServers,12.0
76800.0,Recupero,TimeQueue,0.0
76800.0,Recupero,TimeService,120.40546659335045
76800.0,Recupero,NumQueue,0.0
76800.0,FastTrack,TimeTotal,87.9411127986779
76800.0,FastTrack,NumTotal,1.0
76800.0,FastTrack,SystemResponseTime_Success,409.2159906791966
76800.0,FastTrack,BusyServers,1.0
76800.0,FastTrack,TimeQueue,37.84304511893031
76800.0,FastTrack,TimeService,50.058106702853244
76800.0,FastTrack,NumQueue,0.0
76800.0,XRay,TimeTotal,216.7939888987396
76800.0,XRay,NumTotal,30.0
76800.0,XRay,SystemResponseTime_Success,409.2159906791966
76800.0,XRay,BusyServers,6.0
76800.0,XRay,TimeQueue,165.59571132172104
76800.0,XRay,TimeService,51.25198503719004
76800.0,XRay,NumQueue,24.0
77200.0,FastTrack,TimeTotal,87.86865499287975
77200.0,FastTrack,NumTotal,0.0
77200.0,FastTrack,SystemResponseTime_Success,409.4593636848909
77200.0,FastTrack,BusyServers,0.0
77200.0,FastTrack,TimeQueue,37.79756950779397
77200.0,FastTrack,TimeService,50.07108548508576
77200.0,FastTrack,NumQueue,0.0
77200.0,CheckIn,TimeTotal,131.29532361738245
77200.0,CheckIn,NumTotal,6.0
77200.0,CheckIn,SystemResponseTime_Success,409.4593636848909
77200.0,CheckIn,BusyServers,6.0
77200.0,CheckIn,TimeQueue,11.776629881316847
77200.0,CheckIn,TimeService,119.50002043287084
77200.0,CheckIn,NumQueue,0.0
77200.0,TraceDetection,TimeTotal,134.9590245380346
77200.0,TraceDetection,NumTotal,0.0
77200.0,TraceDetection,SystemResponseTime_Success,409.4593636848909
77200.0,TraceDetection,BusyServers,0.0
77200.0,TraceDetection,TimeQueue,75.20476233854447
77200.0,TraceDetection,TimeService,59.75426219949021
77200.0,TraceDetection,NumQueue,0.0
77200.0,Recupero,TimeTotal,120.38695218119796
77200.0,Recupero,NumTotal,19.0
77200.0,Recupero,SystemResponseTime_Success,409.4593636848909
77200.0,Recupero,BusyServers,19.0
77200.0,Recupero,TimeQueue,0.0
77200.0,Recupero,TimeService,120.38695218119796
77200.0,Recupero,NumQueue,0.0
77200.0,Varchi,TimeTotal,20.77256073165638
77200.0,Varchi,NumTotal,5.0
77200.0,Varchi,SystemResponseTime_Success,409.4593636848909
77200.0,Varchi,BusyServers,4.0
77200.0,Varchi,TimeQueue,1.9491987741449452
77200.0,Varchi,TimeService,18.822635353915114
77200.0,Varchi,NumQueue,1.0
77200.0,XRay,TimeTotal,217.10718313360846
77200.0,XRay,NumTotal,33.0
77200.0,XRay,SystemResponseTime_Success,409.4593636848909
77200.0,XRay,BusyServers,6.0
77200.0,XRay,TimeQueue,165.87145931666996
77200.0,XRay,TimeService,51.25823407442036
77200.0,XRay,NumQueue,27.0
77600.0,Recupero,TimeTotal,120.39649219131971
77600.0,Recupero,NumTotal,15.0
77600.0,Recupero,SystemResponseTime_Success,409.4743313333681
77600.0,Recupero,BusyServers,15.0
77600.0,Recupero,TimeQueue,0.0
77600.0,Recupero,TimeService,120.39649219131971
77600.0,Recupero,NumQueue,0.0
77600.0,Varchi,TimeTotal,20.76877458901398
77600.0,Varchi,NumTotal,3.0
77600.0,Varchi,SystemResponseTime_Success,409.4743313333681
77600.0,Varchi,BusyServers,3.0
77600.0,Varchi,TimeQueue,1.9425934590103167
77600.0,Varchi,TimeService,18.825590496540954
77600.0,Varchi,NumQueue,0.0
77600.0,TraceDetection,TimeTotal,134.7271244224482
77600.0,TraceDetection,NumTotal,2.0
77600.0,TraceDetection,SystemResponseTime_Success,409.4743313333681
77600.0,TraceDetection,BusyServers,1.0
77600.0,TraceDetection,TimeQueue,74.94647493885344
77600.0,TraceDetection,TimeService,59.75836029207918
77600.0,TraceDetection,NumQueue,1.0
77600.0,FastTrack,TimeTotal,88.07749451772371
77600.0,FastTrack,NumTotal,0.0
77600.0,FastTrack,SystemResponseTime_Success,409.4743313333681
77600.0,FastTrack,BusyServers,0.0
77600.0,FastTrack,TimeQueue,37.9788770139744
77600.0,FastTrack,TimeService,50.098617503749296
77600.0,FastTrack,NumQueue,0.0
77600.0,XRay,TimeTotal,217.33773504773382
77600.0,XRay,NumTotal,33.0
77600.0,XRay,SystemResponseTime_Success,409.4743313333681
77600.0,XRay,BusyServers,6.0
77600.0,XRay,TimeQueue,166.12517376417864
77600.0,XRay,TimeService,51.25771743857878
77600.0,XRay,NumQueue,27.0
77600.0,CheckIn,TimeTotal,131.2702490580145
77600.0,CheckIn,NumTotal,7.0
77600.0,CheckIn,SystemResponseTime_Success,409.4743313333681
77600.0,CheckIn,BusyServers,7.0
77600.0,CheckIn,TimeQueue,11.76365250690721
77600.0,CheckIn,TimeService,119.51471825486546
77600.0,CheckIn,NumQueue,0.0
78000.0,CheckIn,TimeTotal,131.26629989500975
78000.0,CheckIn,NumTotal,5.0
78000.0,CheckIn,SystemResponseTime_Success,409.8431720616513
78000.0,CheckIn,BusyServers,5.0
78000.0,CheckIn,TimeQueue,11.714470787515907
78000.0,CheckIn,TimeService,119.53650405413471
78000.0,CheckIn,NumQueue,0.0
78000.0,TraceDetection,TimeTotal,134.54574449917547
78000.0,TraceDetection,NumTotal,1.0
78000.0,TraceDetection,SystemResponseTime_Success,409.8431720616513
78000.0,TraceDetection,BusyServers,1.0
78000.0,TraceDetection,TimeQueue,74.75068093112309
78000.0,TraceDetection,TimeService,59.71744084642098
78000.0,TraceDetection,NumQueue,0.0
78000.0,XRay,TimeTotal,217.74085742891856
78000.0,XRay,NumTotal,35.0
78000.0,XRay,SystemResponseTime_Success,409.8431720616513
78000.0,XRay,BusyServers,6.0
78000.0,XRay,TimeQueue,166.5377897113336
78000.0,XRay,TimeService,51.26519097960566
78000.0,XRay,NumQueue,29.0
78000.0,FastTrack,TimeTotal,87.93749893482625
78000.0,FastTrack,NumTotal,0.0
78000.0,FastTrack,SystemResponseTime_Success,409.8431720616513
78000.0,FastTrack,BusyServers,0.0
78000.0,FastTrack,TimeQueue,37.83275124769861
78000.0,FastTrack,TimeService,50.10474768712763
78000.0,FastTrack,NumQueue,0.0
78000.0,Varchi,TimeTotal,20.76417949674106
78000.0,Varchi,NumTotal,5.0
78000.0,Varchi,SystemResponseTime_Success,409.8431720616513
78000.0,Varchi,BusyServers,4.0
78000.0,Varchi,TimeQueue,1.936292606565995
78000.0,Varchi,TimeService,18.827179586045993
78000.0,Varchi,NumQueue,1.0
78000.0,Recupero,TimeTotal,120.37498838224742
78000.0,Recupero,NumTotal,13.0
78000.0,Recupero,SystemResponseTime_Success,409.8431720616513
78000.0,Recupero,BusyServers,13.0
78000.0,Recupero,TimeQueue,0.0
78000.0,Recupero,TimeService,120.37498838224742
78000.0,Recupero,NumQueue,0.0
78400.0,Recupero,TimeTotal,120.39194061041356
78400.0,Recupero,NumTotal,17.0
78400.0,Recupero,SystemResponseTime_Success,410.1439246706191
78400.0,Recupero,BusyServers,17.0
78400.0,Recupero,TimeQueue,0.0
78400.0,Recupero,TimeService,120.39194061041356
78400.0,Recupero,NumQueue,0.0
78400.0,CheckIn,TimeTotal,131.23764191631287
78400.0,CheckIn,NumTotal,4.0
78400.0,CheckIn,SystemResponseTime_Success,410.1439246706191
78400.0,CheckIn,BusyServers,4.0
78400.0,CheckIn,TimeQueue,11.665698595842668
78400.0,CheckIn,TimeService,119.55978838575169
78400.0,CheckIn,NumQueue,0.0
78400.0,FastTrack,TimeTotal,87.85896057437428
78400.0,FastTrack,NumTotal,0.0
78400.0,FastTrack,SystemResponseTime_Success,410.1439246706191
78400.0,FastTrack,BusyServers,0.0
78400.0,FastTrack,TimeQueue,37.72954138483268
78400.0,FastTrack,TimeService,50.12941918954158
78400.0,FastTrack,NumQueue,0.0
78400.0,TraceDetection,TimeTotal,134.42943210745045
78400.0,TraceDetection,NumTotal,4.0
78400.0,TraceDetection,SystemResponseTime_Success,410.1439246706191
78400.0,TraceDetection,BusyServers,1.0
78400.0,TraceDetection,TimeQueue,74.80088838411083
78400.0,TraceDetection,TimeService,59.74268123313772
78400.0,TraceDetection,NumQueue,3.0
78400.0,Varchi,TimeTotal,20.755446356527045
78400.0,Varchi,NumTotal,3.0
78400.0,Varchi,SystemResponseTime_Success,410.1439246706191
78400.0,Varchi,BusyServers,3.0
78400.0,Varchi,TimeQueue,1.9287533627117164
78400.0,Varchi,TimeService,18.826112393766387
78400.0,Varchi,NumQueue,0.0
78400.0,XRay,TimeTotal,218.12643953864574
78400.0,XRay,NumTotal,31.0
78400.0,XRay,SystemResponseTime_Success,410.1439246706191
78400.0,XRay,BusyServers,6.0
78400.0,XRay,TimeQueue,166.89650845855365
78400.0,XRay,TimeService,51.26637657672749
78400.0,XRay,NumQueue,25.0
78800.0,FastTrack,TimeTotal,87.78230772183439
78800.0,FastTrack,NumTotal,2.0
78800.0,FastTrack,SystemResponseTime_Success,410.5197604274853
78800.0,FastTrack,BusyServers,1.0
78800.0,FastTrack,TimeQueue,37.59430327061596
78800.0,FastTrack,TimeService,50.149287352072555
78800.0,FastTrack,NumQueue,1.0
78800.0,Varchi,TimeTotal,20.748522619803325
78800.0,Varchi,NumTotal,1.0
78800.0,Varchi,SystemResponseTime_Success,410.5197604274853
78800.0,Varchi,BusyServers,1.0
78800.0,Varchi,TimeQueue,1.9228779530048632
78800.0,Varchi,TimeService,18.8254525519066
78800.0,Varchi,NumQueue,0.0
78800.0,XRay,TimeTotal,218.32767315563808
78800.0,XRay,NumTotal,23.0
78800.0,XRay,SystemResponseTime_Success,410.5197604274853
78800.0,XRay,BusyServers,6.0
78800.0,XRay,TimeQueue,167.04395261149452
78800.0,XRay,TimeService,51.27297954147391
78800.0,XRay,NumQueue,17.0
78800.0,Recupero,TimeTotal,120.42248721339466
78800.0,Recupero,NumTotal,16.0
78800.0,Recupero,SystemResponseTime_Success,410.5197604274853
78800.0,Recupero,BusyServers,16.0
78800.0,Recupero,TimeQueue,0.0
78800.0,Recupero,TimeService,120.42248721339466
78800.0,Recupero,NumQueue,0.0
78800.0,TraceDetection,TimeTotal,135.22799242912575
78800.0,TraceDetection,NumTotal,2.0
78800.0,TraceDetection,SystemResponseTime_Success,410.5197604274853
78800.0,TraceDetection,BusyServers,1.0
78800.0,TraceDetection,TimeQueue,75.5571156441436
78800.0,TraceDetection,TimeService,59.73703578259785
78800.0,TraceDetection,NumQueue,1.0
78800.0,CheckIn,TimeTotal,131.24679363999604
78800.0,CheckIn,NumTotal,8.0
78800.0,CheckIn,SystemResponseTime_Success,410.5197604274853
78800.0,CheckIn,BusyServers,8.0
78800.0,CheckIn,TimeQueue,11.6083065002132
78800.0,CheckIn,TimeService,119.61439101834985
78800.0,CheckIn,NumQueue,0.0
79200.0,XRay,TimeTotal,218.16261925125937
79200.0,XRay,NumTotal,24.0
79200.0,XRay,SystemResponseTime_Success,410.4348340008262
79200.0,XRay,BusyServers,6.0
79200.0,XRay,TimeQueue,166.8816892634019
79200.0,XRay,TimeService,51.26979501192911
79200.0,XRay,NumQueue,18.0
79200.0,CheckIn,TimeTotal,131.1673158875444
79200.0,CheckIn,NumTotal,4.0
79200.0,CheckIn,SystemResponseTime_Success,410.4348340008262
79200.0,CheckIn,BusyServers,4.0
79200.0,CheckIn,TimeQueue,11.557951761513753
79200.0,CheckIn,TimeService,119.59743641523414
79200.0,CheckIn,NumQueue,0.0
79200.0,Recupero,TimeTotal,120.42216792005446
79200.0,Recupero,NumTotal,16.0
79200.0,Recupero,SystemResponseTime_Success,410.4348340008262
79200.0,Recupero,BusyServers,16.0
79200.0,Recupero,TimeQueue,0.0
79200.0,Recupero,TimeService,120.42216792005446
79200.0,Recupero,NumQueue,0.0
79200.0,FastTrack,TimeTotal,87.9496826877382
79200.0,FastTrack,NumTotal,1.0
79200.0,FastTrack,SystemResponseTime_Success,410.4348340008262
79200.0,FastTrack,BusyServers,1.0
79200.0,FastTrack,TimeQueue,37.89824370900925
79200.0,FastTrack,TimeService,50.13949152077846
79200.0,FastTrack,NumQueue,0.0
79200.0,Varchi,TimeTotal,20.734706470945497
79200.0,Varchi,NumTotal,0.0
79200.0,Varchi,SystemResponseTime_Success,410.4348340008262
79200.0,Varchi,BusyServers,0.0
79200.0,Varchi,TimeQueue,1.9176827830745315
79200.0,Varchi,TimeService,18.81702368787102
79200.0,Varchi,NumQueue,0.0
79200.0,TraceDetection,TimeTotal,135.1607024406
79200.0,TraceDetection,NumTotal,3.0
79200.0,TraceDetection,SystemResponseTime_Success,410.4348340008262
79200.0,TraceDetection,BusyServers,1.0
79200.0,TraceDetection,TimeQueue,75.4285355496386
79200.0,TraceDetection,TimeService,59.78042235427692
79200.0,TraceDetection,NumQueue,2.0
79600.0,CheckIn,TimeTotal,131.1034963481297
79600.0,CheckIn,NumTotal,2.0
79600.0,CheckIn,SystemResponseTime_Success,410.33662159066387
79600.0,CheckIn,BusyServers,2.0
79600.0,CheckIn,TimeQueue,11.507532161835606
79600.0,CheckIn,TimeService,119.59005531226975
79600.0,CheckIn,NumQueue,0.0
79600.0,Varchi,TimeTotal,20.753495352742974
79600.0,Varchi,NumTotal,3.0
79600.0,Varchi,SystemResponseTime_Success,410.33662159066387
79600.0,Varchi,BusyServers,3.0
79600.0,Varchi,TimeQueue,1.9371744837178977
79600.0,Varchi,TimeService,18.815746834705585
79600.0,Varchi,NumQueue,0.0
79600.0,XRay,TimeTotal,218.07872123339953
79600.0,XRay,NumTotal,32.0
79600.0,XRay,SystemResponseTime_Success,410.33662159066387
79600.0,XRay,BusyServers,6.0
79600.0,XRay,TimeQueue,166.80142225430833
79600.0,XRay,TimeService,51.28031618866009
79600.0,XRay,NumQueue,26.0
79600.0,FastTrack,TimeTotal,87.99680057613008
79600.0,FastTrack,NumTotal,3.0
79600.0,FastTrack,SystemResponseTime_Success,410.33662159066387
79600.0,FastTrack,BusyServers,1.0
79600.0,FastTrack,TimeQueue,37.826880236380696
79600.0,FastTrack,TimeService,50.17574269952206
79600.0,FastTrack,NumQueue,2.0
79600.0,TraceDetection,TimeTotal,135.09641974952314
79600.0,TraceDetection,NumTotal,0.0
79600.0,TraceDetection,SystemResponseTime_Success,410.33662159066387
79600.0,TraceDetection,BusyServers,0.0
79600.0,TraceDetection,TimeQueue,75.3177075349003
79600.0,TraceDetection,TimeService,59.7787122146229
79600.0,TraceDetection,NumQueue,0.0
79600.0,Recupero,TimeTotal,120.44038703703548
79600.0,Recupero,NumTotal,15.0
79600.0,Recupero,SystemResponseTime_Success,410.33662159066387
79600.0,Recupero,BusyServers,15.0
79600.0,Recupero,TimeQueue,0.0
79600.0,Recupero,TimeService,120.44038703703548
79600.0,Recupero,NumQueue,0.0
80000.0,TraceDetection,TimeTotal,134.89598751841527
80000.0,TraceDetection,NumTotal,5.0
80000.0,TraceDetection,SystemResponseTime_Success,410.22223605414575
80000.0,TraceDetection,BusyServers,1.0
80000.0,TraceDetection,TimeQueue,75.17473680660297
80000.0,TraceDetection,TimeService,59.76324031344527
80000.0,TraceDetection,NumQueue,4.0
80000.0,FastTrack,TimeTotal,87.87813431535106
80000.0,FastTrack,NumTotal,0.0
80000.0,FastTrack,SystemResponseTime_Success,410.22223605414575
80000.0,FastTrack,BusyServers,0.0
80000.0,FastTrack,TimeQueue,37.753668722706756
80000.0,FastTrack,TimeService,50.124465592644285
80000.0,FastTrack,NumQueue,0.0
80000.0,CheckIn,TimeTotal,131.04540208537384
80000.0,CheckIn,NumTotal,4.0
80000.0,CheckIn,SystemResponseTime_Success,410.22223605414575
80000.0,CheckIn,BusyServers,4.0
80000.0,CheckIn,TimeQueue,11.460478618623398
80000.0,CheckIn,TimeService,119.57319619264563
80000.0,CheckIn,NumQueue,0.0
80000.0,XRay,TimeTotal,218.20521365128653
80000.0,XRay,NumTotal,23.0
80000.0,XRay,SystemResponseTime_Success,410.22223605414575
80000.0,XRay,BusyServers,6.0
80000.0,XRay,TimeQueue,166.91818353996558
80000.0,XRay,TimeService,51.27224337199695
80000.0,XRay,NumQueue,17.0
80000.0,Recupero,TimeTotal,120.40063530633117
80000.0,Recupero,NumTotal,14.0
80000.0,Recupero,SystemResponseTime_Success,410.22223605414575
80000.0,Recupero,BusyServers,14.0
80000.0,Recupero,TimeQueue,0.0
80000.0,Recupero,TimeService,120.40063530633117
80000.0,Recupero,NumQueue,0.0
80000.0,Varchi,TimeTotal,20.751815923437274
80000.0,Varchi,NumTotal,3.0
80000.0,Varchi,SystemResponseTime_Success,410.22223605414575
80000.0,Varchi,BusyServers,3.0
80000.0,Varchi,TimeQueue,1.9344350182712846
80000.0,Varchi,TimeService,18.816810163126824
80000.0,Varchi,NumQueue,0.0
80400.0,FastTrack,TimeTotal,87.70167039939726
80400.0,FastTrack,NumTotal,1.0
80400.0,FastTrack,SystemResponseTime_Success,410.1730256786335
80400.0,FastTrack,BusyServers,1.0
80400.0,FastTrack,TimeQueue,37.5893454471301
80400.0,FastTrack,TimeService,50.09130162005156
80400.0,FastTrack,NumQueue,0.0
80400.0,XRay,TimeTotal,218.06183290239963
80400.0,XRay,NumTotal,27.0
80400.0,XRay,SystemResponseTime_Success,410.1730256786335
80400.0,XRay,BusyServers,6.0
80400.0,XRay,TimeQueue,166.76344137582888
80400.0,XRay,TimeService,51.276713185820405
80400.0,XRay,NumQueue,21.0
80400.0,CheckIn,TimeTotal,130.90272265167522
80400.0,CheckIn,NumTotal,14.0
80400.0,CheckIn,SystemResponseTime_Success,410.1730256786335
80400.0,CheckIn,BusyServers,8.0
80400.0,CheckIn,TimeQueue,11.483455299545794
80400.0,CheckIn,TimeService,119.48403080545667
80400.0,CheckIn,NumQueue,6.0
80400.0,TraceDetection,TimeTotal,135.7865160461958
80400.0,TraceDetection,NumTotal,4.0
80400.0,TraceDetection,SystemResponseTime_Success,410.1730256786335
80400.0,TraceDetection,BusyServers,1.0
80400.0,TraceDetection,TimeQueue,76.12696392346548
80400.0,TraceDetection,TimeService,59.80515010277995
80400.0,TraceDetection,NumQueue,3.0
80400.0,Varchi,TimeTotal,20.756544433491285
80400.0,Varchi,NumTotal,4.0
80400.0,Varchi,SystemResponseTime_Success,410.1730256786335
80400.0,Varchi,BusyServers,4.0
80400.0,Varchi,TimeQueue,1.9345360511079528
80400.0,Varchi,TimeService,18.821251521643525
80400.0,Varchi,NumQueue,0.0
80400.0,Recupero,TimeTotal,120.4119267201751
80400.0,Recupero,NumTotal,16.0
80400.0,Recupero,SystemResponseTime_Success,410.1730256786335
80400.0,Recupero,BusyServers,16.0
80400.0,Recupero,TimeQueue,0.0
80400.0,Recupero,TimeService,120.4119267201751
80400.0,Recupero,NumQueue,0.0
80800.0,Recupero,TimeTotal,120.40208713209239
80800.0,Recupero,NumTotal,16.0
80800.0,Recupero,SystemResponseTime_Success,410.1462480041678
80800.0,Recupero,BusyServers,16.0
80800.0,Recupero,TimeQueue,0.0
80800.0,Recupero,TimeService,120.40208713209239
80800.0,Recupero,NumQueue,0.0
80800.0,FastTrack,TimeTotal,87.46071732076386
80800.0,FastTrack,NumTotal,2.0
80800.0,FastTrack,SystemResponseTime_Success,410.1462480041678
80800.0,FastTrack,BusyServers,1.0
80800.0,FastTrack,TimeQueue,37.4189454901711
80800.0,FastTrack,TimeService,50.01805161465038
80800.0,FastTrack,NumQueue,1.0
80800.0,TraceDetection,TimeTotal,136.5912328791225
80800.0,TraceDetection,NumTotal,6.0
80800.0,TraceDetection,SystemResponseTime_Success,410.1462480041678
80800.0,TraceDetection,BusyServers,1.0
80800.0,TraceDetection,TimeQueue,76.87642578004093
80800.0,TraceDetection,TimeService,59.8423864065822
80800.0,TraceDetection,NumQueue,5.0
80800.0,CheckIn,TimeTotal,131.3741007221277
80800.0,CheckIn,NumTotal,6.0
80800.0,CheckIn,SystemResponseTime_Success,410.1462480041678
80800.0,CheckIn,BusyServers,6.0
80800.0,CheckIn,TimeQueue,12.03340395037516
80800.0,CheckIn,TimeService,119.46701809932846
80800.0,CheckIn,NumQueue,0.0
80800.0,XRay,TimeTotal,218.0619735855061
80800.0,XRay,NumTotal,31.0
80800.0,XRay,SystemResponseTime_Success,410.1462480041678
80800.0,XRay,BusyServers,6.0
80800.0,XRay,TimeQueue,166.7979887763468
80800.0,XRay,TimeService,51.27731102134568
80800.0,XRay,NumQueue,25.0
80800.0,Varchi,TimeTotal,20.749872518765212
80800.0,Varchi,NumTotal,2.0
80800.0,Varchi,SystemResponseTime_Success,410.1462480041678
80800.0,Varchi,BusyServers,2.0
80800.0,Varchi,TimeQueue,1.9307485728355784
80800.0,Varchi,TimeService,18.818748460015104
80800.0,Varchi,NumQueue,0.0
81200.0,TraceDetection,TimeTotal,137.96286612138476
81200.0,TraceDetection,NumTotal,6.0
81200.0,TraceDetection,SystemResponseTime_Success,410.6266523528419
81200.0,TraceDetection,BusyServers,1.0
81200.0,TraceDetection,TimeQueue,78.28985084778023
81200.0,TraceDetection,TimeService,59.83298267215127
81200.0,TraceDetection,NumQueue,5.0
81200.0,Recupero,TimeTotal,120.40700920485418
81200.0,Recupero,NumTotal,18.0
81200.0,Recupero,SystemResponseTime_Success,410.6266523528419
81200.0,Recupero,BusyServers,18.0
81200.0,Recupero,TimeQueue,0.0
81200.0,Recupero,TimeService,120.40700920485418
81200.0,Recupero,NumQueue,0.0
81200.0,XRay,TimeTotal,218.25402277961422
81200.0,XRay,NumTotal,19.0
81200.0,XRay,SystemResponseTime_Success,410.6266523528419
81200.0,XRay,BusyServers,6.0
81200.0,XRay,TimeQueue,166.9948565762015
81200.0,XRay,TimeService,51.26504722185503
81200.0,XRay,NumQueue,13.0
81200.0,CheckIn,TimeTotal,131.46568182267336
81200.0,CheckIn,NumTotal,4.0
81200.0,CheckIn,SystemResponseTime_Success,410.6266523528419
81200.0,CheckIn,BusyServers,4.0
81200.0,CheckIn,TimeQueue,11.9910753937658
81200.0,CheckIn,TimeService,119.46254297277666
81200.0,CheckIn,NumQueue,0.0
81200.0,Varchi,TimeTotal,20.74926039034934
81200.0,Varchi,NumTotal,5.0
81200.0,Varchi,SystemResponseTime_Success,410.6266523528419
81200.0,Varchi,BusyServers,4.0
81200.0,Varchi,TimeQueue,1.9276711366117385
81200.0,Varchi,TimeService,18.82084267312706
81200.0,Varchi,NumQueue,1.0
81200.0,FastTrack,TimeTotal,87.66675393015396
81200.0,FastTrack,NumTotal,2.0
81200.0,FastTrack,SystemResponseTime_Success,410.6266523528419
81200.0,FastTrack,BusyServers,1.0
81200.0,FastTrack,TimeQueue,37.59056030418438
81200.0,FastTrack,TimeService,50.03897524943077
81200.0,FastTrack,NumQueue,1.0
81600.0,Recupero,TimeTotal,120.38715967445903
81600.0,Recupero,NumTotal,15.0
81600.0,Recupero,SystemResponseTime_Success,410.7306971074836
81600.0,Recupero,BusyServers,15.0
81600.0,Recupero,TimeQueue,0.0
81600.0,Recupero,TimeService,120.38715967445903
81600.0,Recupero,NumQueue,0.0
81600.0,TraceDetection,TimeTotal,138.98958182964995
81600.0,TraceDetection,NumTotal,5.0
81600.0,TraceDetection,SystemResponseTime_Success,410.7306971074836
81600.0,TraceDetection,BusyServers,1.0
81600.0,TraceDetection,TimeQueue,79.28521271354728
81600.0,TraceDetection,TimeService,59.88081082170512
81600.0,TraceDetection,NumQueue,4.0
81600.0,FastTrack,TimeTotal,87.63092355755298
81600.0,FastTrack,NumTotal,2.0
81600.0,FastTrack,SystemResponseTime_Success,410.7306971074836
81600.0,FastTrack,BusyServers,1.0
81600.0,FastTrack,TimeQueue,37.60417563392908
81600.0,FastTrack,TimeService,50.04284403899566
81600.0,FastTrack,NumQueue,1.0
81600.0,CheckIn,TimeTotal,131.35626850405927
81600.0,CheckIn,NumTotal,5.0
81600.0,CheckIn,SystemResponseTime_Success,410.7306971074836
81600.0,CheckIn,BusyServers,5.0
81600.0,CheckIn,TimeQueue,11.934103542682642
81600.0,CheckIn,TimeService,119.40722492188867
81600.0,CheckIn,NumQueue,0.0
81600.0,XRay,TimeTotal,218.0735706101857
81600.0,XRay,NumTotal,16.0
81600.0,XRay,SystemResponseTime_Success,410.7306971074836
81600.0,XRay,BusyServers,6.0
81600.0,XRay,TimeQueue,166.77277484409237
81600.0,XRay,TimeService,51.2570158550452
81600.0,XRay,NumQueue,10.0
81600.0,Varchi,TimeTotal,20.74466855442125
81600.0,Varchi,NumTotal,4.0
81600.0,Varchi,SystemResponseTime_Success,410.7306971074836
81600.0,Varchi,BusyServers,4.0
81600.0,Varchi,TimeQueue,1.9234297010878358
81600.0,Varchi,TimeService,18.820622786978557
81600.0,Varchi,NumQueue,0.0
82000.0,Varchi,TimeTotal,20.745558239763135
82000.0,Varchi,NumTotal,4.0
82000.0,Varchi,SystemResponseTime_Success,410.4785902562414
82000.0,Varchi,BusyServers,4.0
82000.0,Varchi,TimeQueue,1.9164685334113019
82000.0,Varchi,TimeService,18.828606708793608
82000.0,Varchi,NumQueue,0.0
82000.0,XRay,TimeTotal,217.77492850865957
82000.0,XRay,NumTotal,21.0
82000.0,XRay,SystemResponseTime_Success,410.4785902562414
82000.0,XRay,BusyServers,6.0
82000.0,XRay,TimeQueue,166.49671167288398
82000.0,XRay,TimeService,51.252878640397086
82000.0,XRay,NumQueue,15.0
82000.0,FastTrack,TimeTotal,87.7293796462434
82000.0,FastTrack,NumTotal,0.0
82000.0,FastTrack,SystemResponseTime_Success,410.4785902562414
82000.0,FastTrack,BusyServers,0.0
82000.0,FastTrack,TimeQueue,37.65215919153239
82000.0,FastTrack,TimeService,50.077220454711
82000.0,FastTrack,NumQueue,0.0
82000.0,Recupero,TimeTotal,120.39788110921313
82000.0,Recupero,NumTotal,15.0
82000.0,Recupero,SystemResponseTime_Success,410.4785902562414
82000.0,Recupero,BusyServers,15.0
82000.0,Recupero,TimeQueue,0.0
82000.0,Recupero,TimeService,120.39788110921313
82000.0,Recupero,NumQueue,0.0
82000.0,TraceDetection,TimeTotal,140.04984656662293
82000.0,TraceDetection,NumTotal,2.0
82000.0,TraceDetection,SystemResponseTime_Success,410.4785902562414
82000.0,TraceDetection,BusyServers,1.0
82000.0,TraceDetection,TimeQueue,80.18405168757327
82000.0,TraceDetection,TimeService,59.877747420541674
82000.0,TraceDetection,NumQueue,1.0
82000.0,CheckIn,TimeTotal,131.30717369224791
82000.0,CheckIn,NumTotal,7.0
82000.0,CheckIn,SystemResponseTime_Success,410.4785902562414
82000.0,CheckIn,BusyServers,7.0
82000.0,CheckIn,TimeQueue,11.940321732552079
82000.0,CheckIn,TimeService,119.39488289968317
82000.0,CheckIn,NumQueue,0.0
82400.0,Recupero,TimeTotal,120.40363458512257
82400.0,Recupero,NumTotal,13.0
82400.0,Recupero,SystemResponseTime_Success,410.4121509808299
82400.0,Recupero,BusyServers,13.0
82400.0,Recupero,TimeQueue,0.0
82400.0,Recupero,TimeService,120.40363458512257
82400.0,Recupero,NumQueue,0.0
82400.0,XRay,TimeTotal,217.63797250124102
82400.0,XRay,NumTotal,19.0
82400.0,XRay,SystemResponseTime_Success,410.4121509808299
82400.0,XRay,BusyServers,6.0
82400.0,XRay,TimeQueue,166.37840052339632
82400.0,XRay,TimeService,51.257770693293004
82400.0,XRay,NumQueue,13.0
82400.0,FastTrack,TimeTotal,87.67927891437023
82400.0,FastTrack,NumTotal,0.0
82400.0,FastTrack,SystemResponseTime_Success,410.4121509808299
82400.0,FastTrack,BusyServers,0.0
82400.0,FastTrack,TimeQueue,37.589048199599326
82400.0,FastTrack,TimeService,50.0902307147709
82400.0,FastTrack,NumQueue,0.0
82400.0,Varchi,TimeTotal,20.74468701955535
82400.0,Varchi,NumTotal,7.0
82400.0,Varchi,SystemResponseTime_Success,410.4121509808299
82400.0,Varchi,BusyServers,4.0
82400.0,Varchi,TimeQueue,1.9140385150987111
82400.0,Varchi,TimeService,18.829918094796287
82400.0,Varchi,NumQueue,3.0
82400.0,CheckIn,TimeTotal,131.28116873797754
82400.0,CheckIn,NumTotal,2.0
82400.0,CheckIn,SystemResponseTime_Success,410.4121509808299
82400.0,CheckIn,BusyServers,2.0
82400.0,CheckIn,TimeQueue,11.895977878630742
82400.0,CheckIn,TimeService,119.37929738504427
82400.0,CheckIn,NumQueue,0.0
82400.0,TraceDetection,TimeTotal,139.90457255900498
82400.0,TraceDetection,NumTotal,3.0
82400.0,TraceDetection,SystemResponseTime_Success,410.4121509808299
82400.0,TraceDetection,BusyServers,1.0
82400.0,TraceDetection,TimeQueue,80.02716882326747
82400.0,TraceDetection,TimeService,59.86320994372065
82400.0,TraceDetection,NumQueue,2.0
82800.0,FastTrack,TimeTotal,87.69086867799224
82800.0,FastTrack,NumTotal,1.0
82800.0,FastTrack,SystemResponseTime_Success,410.28437906534464
82800.0,FastTrack,BusyServers,1.0
82800.0,FastTrack,TimeQueue,37.618749440721025
82800.0,FastTrack,TimeService,50.08663483182754
82800.0,FastTrack,NumQueue,0.0
82800.0,Varchi,TimeTotal,20.773906619218657
82800.0,Varchi,NumTotal,2.0
82800.0,Varchi,SystemResponseTime_Success,410.28437906534464
82800.0,Varchi,BusyServers,2.0
82800.0,Varchi,TimeQueue,1.935927129828503
82800.0,Varchi,TimeService,18.837612314970144
82800.0,Varchi,NumQueue,0.0
82800.0,XRay,TimeTotal,217.51683265732393
82800.0,XRay,NumTotal,27.0
82800.0,XRay,SystemResponseTime_Success,410.28437906534464
82800.0,XRay,BusyServers,6.0
82800.0,XRay,TimeQueue,166.24771296384108
82800.0,XRay,TimeService,51.262336524187
82800.0,XRay,NumQueue,21.0
82800.0,TraceDetection,TimeTotal,140.35564193549965
82800.0,TraceDetection,NumTotal,4.0
82800.0,TraceDetection,SystemResponseTime_Success,410.28437906534464
82800.0,TraceDetection,BusyServers,1.0
82800.0,TraceDetection,TimeQueue,80.5892174341543
82800.0,TraceDetection,TimeService,59.91981301915375
82800.0,TraceDetection,NumQueue,3.0
82800.0,Recupero,TimeTotal,120.40697677153027
82800.0,Recupero,NumTotal,18.0
82800.0,Recupero,SystemResponseTime_Success,410.28437906534464
82800.0,Recupero,BusyServers,18.0
82800.0,Recupero,TimeQueue,0.0
82800.0,Recupero,TimeService,120.40697677153027
82800.0,Recupero,NumQueue,0.0
82800.0,CheckIn,TimeTotal,131.20370374440526
82800.0,CheckIn,NumTotal,10.0
82800.0,CheckIn,SystemResponseTime_Success,410.28437906534464
82800.0,CheckIn,BusyServers,8.0
82800.0,CheckIn,TimeQueue,11.860518352364679
82800.0,CheckIn,TimeService,119.3425702529316
82800.0,CheckIn,NumQueue,2.0
83200.0,FastTrack,TimeTotal,87.609449596134
83200.0,FastTrack,NumTotal,3.0
83200.0,FastTrack,SystemResponseTime_Success,410.29062874615255
83200.0,FastTrack,BusyServers,1.0
83200.0,FastTrack,TimeQueue,37.47787957019339
83200.0,FastTrack,TimeService,50.095533603276955
83200.0,FastTrack,NumQueue,2.0
83200.0,Recupero,TimeTotal,120.39626302815677
83200.0,Recupero,NumTotal,12.0
83200.0,Recupero,SystemResponseTime_Success,410.29062874615255
83200.0,Recupero,BusyServers,12.0
83200.0,Recupero,TimeQueue,0.0
83200.0,Recupero,TimeService,120.39626302815677
83200.0,Recupero,NumQueue,0.0
83200.0,CheckIn,TimeTotal,131.2115062385848
83200.0,CheckIn,NumTotal,3.0
83200.0,CheckIn,SystemResponseTime_Success,410.29062874615255
83200.0,CheckIn,BusyServers,3.0
83200.0,CheckIn,TimeQueue,11.842569258672444
83200.0,CheckIn,TimeService,119.36021852401599
83200.0,CheckIn,NumQueue,0.0
83200.0,Varchi,TimeTotal,20.762539426318487
83200.0,Varchi,NumTotal,2.0
83200.0,Varchi,SystemResponseTime_Success,410.29062874615255
83200.0,Varchi,BusyServers,2.0
83200.0,Varchi,TimeQueue,1.9285853464545046
83200.0,Varchi,TimeService,18.833590127166083
83200.0,Varchi,NumQueue,0.0
83200.0,XRay,TimeTotal,217.5577606656567
83200.0,XRay,NumTotal,25.0
83200.0,XRay,SystemResponseTime_Success,410.29062874615255
83200.0,XRay,BusyServers,6.0
83200.0,XRay,TimeQueue,166.29962709515596
83200.0,XRay,TimeService,51.258665228208734
83200.0,XRay,NumQueue,19.0
83200.0,TraceDetection,TimeTotal,141.0833793967947
83200.0,TraceDetection,NumTotal,3.0
83200.0,TraceDetection,SystemResponseTime_Success,410.29062874615255
83200.0,TraceDetection,BusyServers,1.0
83200.0,TraceDetection,TimeQueue,81.21539602952043
83200.0,TraceDetection,TimeService,59.909213885162984
83200.0,TraceDetection,NumQueue,2.0
83600.0,Recupero,TimeTotal,120.37920743762291
83600.0,Recupero,NumTotal,11.0
83600.0,Recupero,SystemResponseTime_Success,410.26470259527173
83600.0,Recupero,BusyServers,11.0
83600.0,Recupero,TimeQueue,0.0
83600.0,Recupero,TimeService,120.37920743762291
83600.0,Recupero,NumQueue,0.0
83600.0,Varchi,TimeTotal,20.7578013143095
83600.0,Varchi,NumTotal,0.0
83600.0,Varchi,SystemResponseTime_Success,410.26470259527173
83600.0,Varchi,BusyServers,0.0
83600.0,Varchi,TimeQueue,1.928531006928932
83600.0,Varchi,TimeService,18.829270307380632
83600.0,Varchi,NumQueue,0.0
83600.0,TraceDetection,TimeTotal,140.87894277386084
83600.0,TraceDetection,NumTotal,3.0
83600.0,TraceDetection,SystemResponseTime_Success,410.26470259527173
83600.0,TraceDetection,BusyServers,1.0
83600.0,TraceDetection,TimeQueue,80.9852739743013
83600.0,TraceDetection,TimeService,59.846558571536924
83600.0,TraceDetection,NumQueue,2.0
83600.0,CheckIn,TimeTotal,131.12654754543072
83600.0,CheckIn,NumTotal,1.0
83600.0,CheckIn,SystemResponseTime_Success,410.26470259527173
83600.0,CheckIn,BusyServers,1.0
83600.0,CheckIn,TimeQueue,11.798667881505713
83600.0,CheckIn,TimeService,119.32499701846119
83600.0,CheckIn,NumQueue,0.0
83600.0,XRay,TimeTotal,217.46035532489282
83600.0,XRay,NumTotal,19.0
83600.0,XRay,SystemResponseTime_Success,410.26470259527173
83600.0,XRay,BusyServers,6.0
83600.0,XRay,TimeQueue,166.1411716688758
83600.0,XRay,TimeService,51.273183199004315
83600.0,XRay,NumQueue,13.0
83600.0,FastTrack,TimeTotal,87.61218212821804
83600.0,FastTrack,NumTotal,0.0
83600.0,FastTrack,SystemResponseTime_Success,410.26470259527173
83600.0,FastTrack,BusyServers,0.0
83600.0,FastTrack,TimeQueue,37.47691326098941
83600.0,FastTrack,TimeService,50.13526886722862
83600.0,FastTrack,NumQueue,0.0
84000.0,FastTrack,TimeTotal,87.59053657246044
84000.0,FastTrack,NumTotal,1.0
84000.0,FastTrack,SystemResponseTime_Success,409.9780598959581
84000.0,FastTrack,BusyServers,1.0
84000.0,FastTrack,TimeQueue,37.42347731443354
84000.0,FastTrack,TimeService,50.149452100439454
84000.0,FastTrack,NumQueue,0.0
84000.0,XRay,TimeTotal,217.13189800695153
84000.0,XRay,NumTotal,18.0
84000.0,XRay,SystemResponseTime_Success,409.9780598959581
84000.0,XRay,BusyServers,6.0
84000.0,XRay,TimeQueue,165.8010731462886
84000.0,XRay,TimeService,51.27491632079429
84000.0,XRay,NumQueue,12.0
84000.0,Varchi,TimeTotal,20.750100553007684
84000.0,Varchi,NumTotal,2.0
84000.0,Varchi,SystemResponseTime_Success,409.9780598959581
84000.0,Varchi,BusyServers,2.0
84000.0,Varchi,TimeQueue,1.9238528280424996
84000.0,Varchi,TimeService,18.826376324925373
84000.0,Varchi,NumQueue,0.0
84000.0,Recupero,TimeTotal,120.39480339935227
84000.0,Recupero,NumTotal,11.0
84000.0,Recupero,SystemResponseTime_Success,409.9780598959581
84000.0,Recupero,BusyServers,11.0
84000.0,Recupero,TimeQueue,0.0
84000.0,Recupero,TimeService,120.39480339935227
84000.0,Recupero,NumQueue,0.0
84000.0,TraceDetection,TimeTotal,140.87806611640156
84000.0,TraceDetection,NumTotal,1.0
84000.0,TraceDetection,SystemResponseTime_Success,409.9780598959581
84000.0,TraceDetection,BusyServers,1.0
84000.0,TraceDetection,TimeQueue,80.93178776205916
84000.0,TraceDetection,TimeService,59.86942005637287
84000.0,TraceDetection,NumQueue,0.0
84000.0,CheckIn,TimeTotal,131.17250498244724
84000.0,CheckIn,NumTotal,8.0
84000.0,CheckIn,SystemResponseTime_Success,409.9780598959581
84000.0,CheckIn,BusyServers,8.0
84000.0,CheckIn,TimeQueue,11.80992416774957
84000.0,CheckIn,TimeService,119.38442304847669
84000.0,CheckIn,NumQueue,0.0
84400.0,FastTrack,TimeTotal,87.50451393904268
84400.0,FastTrack,NumTotal,1.0
84400.0,FastTrack,SystemResponseTime_Success,409.6211174882391
84400.0,FastTrack,BusyServers,1.0
84400.0,FastTrack,TimeQueue,37.33631344115169
84400.0,FastTrack,TimeService,50.13274341010261
84400.0,FastTrack,NumQueue,0.0
84400.0,Recupero,TimeTotal,120.37969745228425
84400.0,Recupero,NumTotal,15.0
84400.0,Recupero,SystemResponseTime_Success,409.6211174882391
84400.0,Recupero,BusyServers,15.0
84400.0,Recupero,TimeQueue,0.0
84400.0,Recupero,TimeService,120.37969745228425
84400.0,Recupero,NumQueue,0.0
84400.0,Varchi,TimeTotal,20.743131327270294
84400.0,Varchi,NumTotal,2.0
84400.0,Varchi,SystemResponseTime_Success,409.6211174882391
84400.0,Varchi,BusyServers,2.0
84400.0,Varchi,TimeQueue,1.917540980998438
84400.0,Varchi,TimeService,18.825233095972717
84400.0,Varchi,NumQueue,0.0
84400.0,TraceDetection,TimeTotal,140.49689112377385
84400.0,TraceDetection,NumTotal,2.0
84400.0,TraceDetection,SystemResponseTime_Success,409.6211174882391
84400.0,TraceDetection,BusyServers,1.0
84400.0,TraceDetection,TimeQueue,80.60951067915404
84400.0,TraceDetection,TimeService,59.81118998084008
84400.0,TraceDetection,NumQueue,1.0
84400.0,XRay,TimeTotal,216.6977629777668
84400.0,XRay,NumTotal,14.0
84400.0,XRay,SystemResponseTime_Success,409.6211174882391
84400.0,XRay,BusyServers,6.0
84400.0,XRay,TimeQueue,165.341314680251
84400.0,XRay,TimeService,51.283859838368954
84400.0,XRay,NumQueue,8.0
84400.0,CheckIn,TimeTotal,131.16154827485298
84400.0,CheckIn,NumTotal,7.0
84400.0,CheckIn,SystemResponseTime_Success,409.6211174882391
84400.0,CheckIn,BusyServers,7.0
84400.0,CheckIn,TimeQueue,11.760852488929292
84400.0,CheckIn,TimeService,119.38312487476671
84400.0,CheckIn,NumQueue,0.0
84800.0,XRay,TimeTotal,216.14306881347886
84800.0,XRay,NumTotal,10.0
84800.0,XRay,SystemResponseTime_Success,408.9894541551911
84800.0,XRay,BusyServers,6.0
84800.0,XRay,TimeQueue,164.79450990094313
84800.0,XRay,TimeService,51.26722547765135
84800.0,XRay,NumQueue,4.0
84800.0,FastTrack,TimeTotal,87.4428458052859
84800.0,FastTrack,NumTotal,0.0
84800.0,FastTrack,SystemResponseTime_Success,408.9894541551911
84800.0,FastTrack,BusyServers,0.0
84800.0,FastTrack,TimeQueue,37.29599302363241
84800.0,FastTrack,TimeService,50.146852781653465
84800.0,FastTrack,NumQueue,0.0
84800.0,TraceDetection,TimeTotal,140.22096240166704
84800.0,TraceDetection,NumTotal,0.0
84800.0,TraceDetection,SystemResponseTime_Success,408.9894541551911
84800.0,TraceDetection,BusyServers,0.0
84800.0,TraceDetection,TimeQueue,80.46815061660855
84800.0,TraceDetection,TimeService,59.75281178505866
84800.0,TraceDetection,NumQueue,0.0
84800.0,Recupero,TimeTotal,120.37349247606103
84800.0,Recupero,NumTotal,17.0
84800.0,Recupero,SystemResponseTime_Success,408.9894541551911
84800.0,Recupero,BusyServers,17.0
84800.0,Recupero,TimeQueue,0.0
84800.0,Recupero,TimeService,120.37349247606103
84800.0,Recupero,NumQueue,0.0
84800.0,Varchi,TimeTotal,20.736761636117926
84800.0,Varchi,NumTotal,2.0
84800.0,Varchi,SystemResponseTime_Success,408.9894541551911
84800.0,Varchi,BusyServers,2.0
84800.0,Varchi,TimeQueue,1.9141192701339207
84800.0,Varchi,TimeService,18.82228743936251
84800.0,Varchi,NumQueue,0.0
84800.0,CheckIn,TimeTotal,131.13957582839998
84800.0,CheckIn,NumTotal,8.0
84800.0,CheckIn,SystemResponseTime_Success,408.9894541551911
84800.0,CheckIn,BusyServers,8.0
84800.0,CheckIn,TimeQueue,11.72399615401386
84800.0,CheckIn,TimeService,119.40817282853045
84800.0,CheckIn,NumQueue,0.0
85200.0,Recupero,TimeTotal,120.36261653446378
85200.0,Recupero,NumTotal,17.0
85200.0,Recupero,SystemResponseTime_Success,408.3913010616936
85200.0,Recupero,BusyServers,17.0
85200.0,Recupero,TimeQueue,0.0
85200.0,Recupero,TimeService,120.36261653446378
85200.0,Recupero,NumQueue,0.0
85200.0,TraceDetection,TimeTotal,140.05354052440146
85200.0,TraceDetection,NumTotal,2.0
85200.0,TraceDetection,SystemResponseTime_Success,408.3913010616936
85200.0,TraceDetection,BusyServers,1.0
85200.0,TraceDetection,TimeQueue,80.35766851233487
85200.0,TraceDetection,TimeService,59.75039599639676
85200.0,TraceDetection,NumQueue,1.0
85200.0,CheckIn,TimeTotal,131.29131858578003
85200.0,CheckIn,NumTotal,11.0
85200.0,CheckIn,SystemResponseTime_Success,408.3913010616936
85200.0,CheckIn,BusyServers,8.0
85200.0,CheckIn,TimeQueue,11.937979276146418
85200.0,CheckIn,TimeService,119.41992686351995
85200.0,CheckIn,NumQueue,3.0
85200.0,FastTrack,TimeTotal,87.38721770969214
85200.0,FastTrack,NumTotal,2.0
85200.0,FastTrack,SystemResponseTime_Success,408.3913010616936
85200.0,FastTrack,BusyServers,1.0
85200.0,FastTrack,TimeQueue,37.21762654390138
85200.0,FastTrack,TimeService,50.17217193105482
85200.0,FastTrack,NumQueue,1.0
85200.0,Varchi,TimeTotal,20.758576705092953
85200.0,Varchi,NumTotal,3.0
85200.0,Varchi,SystemResponseTime_Success,408.3913010616936
85200.0,Varchi,BusyServers,3.0
85200.0,Varchi,TimeQueue,1.9346799688305762
85200.0,Varchi,TimeService,18.826668622766437
85200.0,Varchi,NumQueue,0.0
85200.0,XRay,TimeTotal,215.54979115437337
85200.0,XRay,NumTotal,20.0
85200.0,XRay,SystemResponseTime_Success,408.3913010616936
85200.0,XRay,BusyServers,6.0
85200.0,XRay,TimeQueue,164.242630880069
85200.0,XRay,TimeService,51.258917665194375
85200.0,XRay,NumQueue,14.0
85600.0,Recupero,TimeTotal,120.39518855559754
85600.0,Recupero,NumTotal,11.0
85600.0,Recupero,SystemResponseTime_Success,408.1933067860909
85600.0,Recupero,BusyServers,11.0
85600.0,Recupero,TimeQueue,0.0
85600.0,Recupero,TimeService,120.39518855559754
85600.0,Recupero,NumQueue,0.0
85600.0,Varchi,TimeTotal,20.76628647434322
85600.0,Varchi,NumTotal,2.0
85600.0,Varchi,SystemResponseTime_Success,408.1933067860909
85600.0,Varchi,BusyServers,2.0
85600.0,Varchi,TimeQueue,1.9415243019372794
85600.0,Varchi,TimeService,18.824406223317744
85600.0,Varchi,NumQueue,0.0
85600.0,FastTrack,TimeTotal,87.40187774714457
85600.0,FastTrack,NumTotal,2.0
85600.0,FastTrack,SystemResponseTime_Success,408.1933067860909
85600.0,FastTrack,BusyServers,1.0
85600.0,FastTrack,TimeQueue,37.18553401181572
85600.0,FastTrack,TimeService,50.18159089980377
85600.0,FastTrack,NumQueue,1.0
85600.0,XRay,TimeTotal,215.3709120465726
85600.0,XRay,NumTotal,26.0
85600.0,XRay,SystemResponseTime_Success,408.1933067860909
85600.0,XRay,BusyServers,6.0
85600.0,XRay,TimeQueue,164.11213478890645
85600.0,XRay,TimeService,51.256519517723305
85600.0,XRay,NumQueue,20.0
85600.0,CheckIn,TimeTotal,131.49109088976482
85600.0,CheckIn,NumTotal,7.0
85600.0,CheckIn,SystemResponseTime_Success,408.1933067860909
85600.0,CheckIn,BusyServers,7.0
85600.0,CheckIn,TimeQueue,11.9994654173861
85600.0,CheckIn,TimeService,119.47276100746726
85600.0,CheckIn,NumQueue,0.0
85600.0,TraceDetection,TimeTotal,140.08029876747136
85600.0,TraceDetection,NumTotal,2.0
85600.0,TraceDetection,SystemResponseTime_Success,408.1933067860909
85600.0,TraceDetection,BusyServers,1.0
85600.0,TraceDetection,TimeQueue,80.27417433699274
85600.0,TraceDetection,TimeService,59.75926400154595
85600.0,TraceDetection,NumQueue,1.0
86000.0,FastTrack,TimeTotal,87.18340286572005
86000.0,FastTrack,NumTotal,1.0
86000.0,FastTrack,SystemResponseTime_Success,408.2641899301656
86000.0,FastTrack,BusyServers,1.0
86000.0,FastTrack,TimeQueue,37.05769529635001
86000.0,FastTrack,TimeService,50.13781924917051
86000.0,FastTrack,NumQueue,0.0
86000.0,Varchi,TimeTotal,20.762542378202305
86000.0,Varchi,NumTotal,0.0
86000.0,Varchi,SystemResponseTime_Success,408.2641899301656
86000.0,Varchi,BusyServers,0.0
86000.0,Varchi,TimeQueue,1.9399849542137446
86000.0,Varchi,TimeService,18.822557423988624
86000.0,Varchi,NumQueue,0.0
86000.0,TraceDetection,TimeTotal,140.01856923579808
86000.0,TraceDetection,NumTotal,2.0
86000.0,TraceDetection,SystemResponseTime_Success,408.2641899301656
86000.0,TraceDetection,BusyServers,1.0
86000.0,TraceDetection,TimeQueue,80.21068067498814
86000.0,TraceDetection,TimeService,59.783588866140725
86000.0,TraceDetection,NumQueue,1.0
86000.0,XRay,TimeTotal,215.30544779796588
86000.0,XRay,NumTotal,20.0
86000.0,XRay,SystemResponseTime_Success,408.2641899301656
86000.0,XRay,BusyServers,6.0
86000.0,XRay,TimeQueue,164.0247891747643
86000.0,XRay,TimeService,51.25499371472114
86000.0,XRay,NumQueue,14.0
86000.0,Recupero,TimeTotal,120.403536686556
86000.0,Recupero,NumTotal,15.0
86000.0,Recupero,SystemResponseTime_Success,408.2641899301656
86000.0,Recupero,BusyServers,15.0
86000.0,Recupero,TimeQueue,0.0
86000.0,Recupero,TimeService,120.403536686556
86000.0,Recupero,NumQueue,0.0
86000.0,CheckIn,TimeTotal,131.55909588920557
86000.0,CheckIn,NumTotal,6.0
86000.0,CheckIn,SystemResponseTime_Success,408.2641899301656
86000.0,CheckIn,BusyServers,6.0
86000.0,CheckIn,TimeQueue,12.084085264009117
86000.0,CheckIn,TimeService,119.46940725848852
86000.0,CheckIn,NumQueue,0.0
86400.0,CheckIn,TimeTotal,131.53452804828675
86400.0,CheckIn,NumTotal,3.0
86400.0,CheckIn,SystemResponseTime_Success,408.09930153065574
86400.0,CheckIn,BusyServers,3.0
86400.0,CheckIn,TimeQueue,12.038474184928166
86400.0,CheckIn,TimeService,119.48752803178245
86400.0,CheckIn,NumQueue,0.0
86400.0,XRay,TimeTotal,215.0891663405624
86400.0,XRay,NumTotal,19.0
86400.0,XRay,SystemResponseTime_Success,408.09930153065574
86400.0,XRay,BusyServers,6.0
86400.0,XRay,TimeQueue,163.80019325884032
86400.0,XRay,TimeService,51.25217034812902
86400.0,XRay,NumQueue,13.0
86400.0,FastTrack,TimeTotal,87.1252239838842
86400.0,FastTrack,NumTotal,2.0
86400.0,FastTrack,SystemResponseTime_Success,408.09930153065574
86400.0,FastTrack,BusyServers,1.0
86400.0,FastTrack,TimeQueue,36.91603084624598
86400.0,FastTrack,TimeService,50.175074809684176
86400.0,FastTrack,NumQueue,1.0
86400.0,Recupero,TimeTotal,120.39738104399432
86400.0,Recupero,NumTotal,17.0
86400.0,Recupero,SystemResponseTime_Success,408.09930153065574
86400.0,Recupero,BusyServers,17.0
86400.0,Recupero,TimeQueue,0.0
86400.0,Recupero,TimeService,120.39738104399432
86400.0,Recupero,NumQueue,0.0
86400.0,Varchi,TimeTotal,20.761648265056227
86400.0,Varchi,NumTotal,3.0
86400.0,Varchi,SystemResponseTime_Success,408.09930153065574
86400.0,Varchi,BusyServers,3.0
86400.0,Varchi,TimeQueue,1.9342490559698797
86400.0,Varchi,TimeService,18.826872165746927
86400.0,Varchi,NumQueue,0.0
86400.0,TraceDetection,TimeTotal,139.95460415129253
86400.0,TraceDetection,NumTotal,1.0
86400.0,TraceDetection,SystemResponseTime_Success,408.09930153065574
86400.0,TraceDetection,BusyServers,1.0
86400.0,TraceDetection,TimeQueue,80.16572413476086
86400.0,TraceDetection,TimeService,59.74934388974853
86400.0,TraceDetection,NumQueue,0.0
86800.0,CheckIn,TimeTotal,131.45088168825166
86800.0,CheckIn,NumTotal,7.0
86800.0,CheckIn,SystemResponseTime_Success,407.7513074882687
86800.0,CheckIn,BusyServers,7.0
86800.0,CheckIn,TimeQueue,11.9786501751411
86800.0,CheckIn,TimeService,119.45485628394698
86800.0,CheckIn,NumQueue,0.0
86800.0,Recupero,TimeTotal,120.39034786637673
86800.0,Recupero,NumTotal,16.0
86800.0,Recupero,SystemResponseTime_Success,407.7513074882687
86800.0,Recupero,BusyServers,16.0
86800.0,Recupero,TimeQueue,0.0
86800.0,Recupero,TimeService,120.39034786637673
86800.0,Recupero,NumQueue,0.0
86800.0,TraceDetection,TimeTotal,139.84020562927236
86800.0,TraceDetection,NumTotal,0.0
86800.0,TraceDetection,SystemResponseTime_Success,407.7513074882687
86800.0,TraceDetection,BusyServers,0.0
86800.0,TraceDetection,TimeQueue,80.09183867472883
86800.0,TraceDetection,TimeService,59.74836695454365
86800.0,TraceDetection,NumQueue,0.0
86800.0,XRay,TimeTotal,214.70691541094857
86800.0,XRay,NumTotal,8.0
86800.0,XRay,SystemResponseTime_Success,407.7513074882687
86800.0,XRay,BusyServers,6.0
86800.0,XRay,TimeQueue,163.37081211678623
86800.0,XRay,TimeService,51.250051828610495
86800.0,XRay,NumQueue,2.0
86800.0,Varchi,TimeTotal,20.747642340902
86800.0,Varchi,NumTotal,3.0
86800.0,Varchi,SystemResponseTime_Success,407.7513074882687
86800.0,Varchi,BusyServers,3.0
86800.0,Varchi,TimeQueue,1.9276995261963579
86800.0,Varchi,TimeService,18.81941964675036
86800.0,Varchi,NumQueue,0.0
86800.0,FastTrack,TimeTotal,87.12332108193563
86800.0,FastTrack,NumTotal,2.0
86800.0,FastTrack,SystemResponseTime_Success,407.7513074882687
86800.0,FastTrack,BusyServers,1.0
86800.0,FastTrack,TimeQueue,36.92469476709107
86800.0,FastTrack,TimeService,50.17687755976868
86800.0,FastTrack,NumQueue,1.0
87200.0,XRay,TimeTotal,214.07821027719464
87200.0,XRay,NumTotal,12.0
87200.0,XRay,SystemResponseTime_Success,407.0943695439411
87200.0,XRay,BusyServers,6.0
87200.0,XRay,TimeQueue,162.7491160149
87200.0,XRay,TimeService,51.24841456605176
87200.0,XRay,NumQueue,6.0
87200.0,Recupero,TimeTotal,120.36857410540001
87200.0,Recupero,NumTotal,12.0
87200.0,Recupero,SystemResponseTime_Success,407.0943695439411
87200.0,Recupero,BusyServers,12.0
87200.0,Recupero,TimeQueue,0.0
87200.0,Recupero,TimeService,120.36857410540001
87200.0,Recupero,NumQueue,0.0
87200.0,Varchi,TimeTotal,20.746124335075685
87200.0,Varchi,NumTotal,1.0
87200.0,Varchi,SystemResponseTime_Success,407.0943695439411
87200.0,Varchi,BusyServers,1.0
87200.0,Varchi,TimeQueue,1.9285176366797208
87200.0,Varchi,TimeService,18.817892482318225
87200.0,Varchi,NumQueue,0.0
87200.0,CheckIn,TimeTotal,131.53350571590724
87200.0,CheckIn,NumTotal,7.0
87200.0,CheckIn,SystemResponseTime_Success,407.0943695439411
87200.0,CheckIn,BusyServers,7.0
87200.0,CheckIn,TimeQueue,12.031279574720601
87200.0,CheckIn,TimeService,119.48485127111071
87200.0,CheckIn,NumQueue,0.0
87200.0,TraceDetection,TimeTotal,139.6018544832019
87200.0,TraceDetection,NumTotal,1.0
87200.0,TraceDetection,SystemResponseTime_Success,407.0943695439411
87200.0,TraceDetection,BusyServers,1.0
87200.0,TraceDetection,TimeQueue,79.80215108256743
87200.0,TraceDetection,TimeService,59.730857275407175
87200.0,TraceDetection,NumQueue,0.0
87200.0,FastTrack,TimeTotal,87.25182544396041
87200.0,FastTrack,NumTotal,0.0
87200.0,FastTrack,SystemResponseTime_Success,407.0943695439411
87200.0,FastTrack,BusyServers,0.0
87200.0,FastTrack,TimeQueue,37.121457561978744
87200.0,FastTrack,TimeService,50.130367881981655
87200.0,FastTrack,NumQueue,0.0
87600.0,Varchi,TimeTotal,20.74677296977657
87600.0,Varchi,NumTotal,4.0
87600.0,Varchi,SystemResponseTime_Success,406.6073802367234
87600.0,Varchi,BusyServers,4.0
87600.0,Varchi,TimeQueue,1.9244854082821066
87600.0,Varchi,TimeService,18.821597534456792
87600.0,Varchi,NumQueue,0.0
87600.0,XRay,TimeTotal,213.4044112901889
87600.0,XRay,NumTotal,10.0
87600.0,XRay,SystemResponseTime_Success,406.6073802367234
87600.0,XRay,BusyServers,6.0
87600.0,XRay,TimeQueue,162.082426612507
87600.0,XRay,TimeService,51.241636302089574
87600.0,XRay,NumQueue,4.0
87600.0,TraceDetection,TimeTotal,139.4229060451739
87600.0,TraceDetection,NumTotal,1.0
87600.0,TraceDetection,SystemResponseTime_Success,406.6073802367234
87600.0,TraceDetection,BusyServers,1.0
87600.0,TraceDetection,TimeQueue,79.6558167238565
87600.0,TraceDetection,TimeService,59.74750788262342
87600.0,TraceDetection,NumQueue,0.0
87600.0,Recupero,TimeTotal,120.36591543258272
87600.0,Recupero,NumTotal,17.0
87600.0,Recupero,SystemResponseTime_Success,406.6073802367234
87600.0,Recupero,BusyServers,17.0
87600.0,Recupero,TimeQueue,0.0
87600.0,Recupero,TimeService,120.36591543258272
87600.0,Recupero,NumQueue,0.0
87600.0,CheckIn,TimeTotal,131.6079796340204
87600.0,CheckIn,NumTotal,4.0
87600.0,CheckIn,SystemResponseTime_Success,406.6073802367234
87600.0,CheckIn,BusyServers,4.0
87600.0,CheckIn,TimeQueue,12.085165794016138
87600.0,CheckIn,TimeService,119.5115796631097
87600.0,CheckIn,NumQueue,0.0
87600.0,FastTrack,TimeTotal,87.16587351121021
87600.0,FastTrack,NumTotal,0.0
87600.0,FastTrack,SystemResponseTime_Success,406.6073802367234
87600.0,FastTrack,BusyServers,0.0
87600.0,FastTrack,TimeQueue,37.05645622061069
87600.0,FastTrack,TimeService,50.109417290599495
87600.0,FastTrack,NumQueue,0.0
88000.0,XRay,TimeTotal,212.9084284953638
88000.0,XRay,NumTotal,19.0
88000.0,XRay,SystemResponseTime_Success,406.1426978710421
88000.0,XRay,BusyServers,6.0
88000.0,XRay,TimeQueue,161.61656690466933
88000.0,XRay,TimeService,51.241054965874696
88000.0,XRay,NumQueue,13.0
88000.0,Varchi,TimeTotal,20.75005675892773
88000.0,Varchi,NumTotal,8.0
88000.0,Varchi,SystemResponseTime_Success,406.1426978710421
88000.0,Varchi,BusyServers,4.0
88000.0,Varchi,TimeQueue,1.9287358811146071
88000.0,Varchi,TimeService,18.824356783114368
88000.0,Varchi,NumQueue,4.0
88000.0,FastTrack,TimeTotal,87.16587351121021
88000.0,FastTrack,NumTotal,0.0
88000.0,FastTrack,SystemResponseTime_Success,406.1426978710421
88000.0,FastTrack,BusyServers,0.0
88000.0,FastTrack,TimeQueue,37.05645622061069
88000.0,FastTrack,TimeService,50.109417290599495
88000.0,FastTrack,NumQueue,0.0
88000.0,Recupero,TimeTotal,120.351515402401
88000.0,Recupero,NumTotal,11.0
88000.0,Recupero,SystemResponseTime_Success,406.1426978710421
88000.0,Recupero,BusyServers,11.0
88000.0,Recupero,TimeQueue,0.0
88000.0,Recupero,TimeService,120.351515402401
88000.0,Recupero,NumQueue,0.0
88000.0,TraceDetection,TimeTotal,139.36932649940266
88000.0,TraceDetection,NumTotal,6.0
88000.0,TraceDetection,SystemResponseTime_Success,406.1426978710421
88000.0,TraceDetection,BusyServers,1.0
88000.0,TraceDetection,TimeQueue,79.66809784013388
88000.0,TraceDetection,TimeService,59.79071134156204
88000.0,TraceDetection,NumQueue,5.0
88000.0,CheckIn,TimeTotal,131.5680672720943
88000.0,CheckIn,NumTotal,2.0
88000.0,CheckIn,SystemResponseTime_Success,406.1426978710421
88000.0,CheckIn,BusyServers,2.0
88000.0,CheckIn,TimeQueue,12.053684804834145
88000.0,CheckIn,TimeService,119.51450215268453
88000.0,CheckIn,NumQueue,0.0
88400.0,XRay,TimeTotal,212.69866824416434
88400.0,XRay,NumTotal,26.0
88400.0,XRay,SystemResponseTime_Success,405.8345711629706
88400.0,XRay,BusyServers,6.0
88400.0,XRay,TimeQueue,161.44781686108368
88400.0,XRay,TimeService,51.24727661683883
88400.0,XRay,NumQueue,20.0
88400.0,CheckIn,TimeTotal,131.51982067180325
88400.0,CheckIn,NumTotal,3.0
88400.0,CheckIn,SystemResponseTime_Success,405.8345711629706
88400.0,CheckIn,BusyServers,3.0
88400.0,CheckIn,TimeQueue,12.017529312803033
88400.0,CheckIn,TimeService,119.49396704869321
88400.0,CheckIn,NumQueue,0.0
88400.0,FastTrack,TimeTotal,87.2181254864785
88400.0,FastTrack,NumTotal,0.0
88400.0,FastTrack,SystemResponseTime_Success,405.8345711629706
88400.0,FastTrack,BusyServers,0.0
88400.0,FastTrack,TimeQueue,37.114783431267014
88400.0,FastTrack,TimeService,50.10334205521146
88400.0,FastTrack,NumQueue,0.0
88400.0,TraceDetection,TimeTotal,140.4629942820335
88400.0,TraceDetection,NumTotal,2.0
88400.0,TraceDetection,SystemResponseTime_Success,405.8345711629706
88400.0,TraceDetection,BusyServers,1.0
88400.0,TraceDetection,TimeQueue,80.7505625814845
88400.0,TraceDetection,TimeService,59.801163707096514
88400.0,TraceDetection,NumQueue,1.0
88400.0,Varchi,TimeTotal,20.773478045831798
88400.0,Varchi,NumTotal,0.0
88400.0,Varchi,SystemResponseTime_Success,405.8345711629706
88400.0,Varchi,BusyServers,0.0
88400.0,Varchi,TimeQueue,1.9494389952587754
88400.0,Varchi,TimeService,18.824039050573102
88400.0,Varchi,NumQueue,0.0
88400.0,Recupero,TimeTotal,120.31193187508879
88400.0,Recupero,NumTotal,15.0
88400.0,Recupero,SystemResponseTime_Success,405.8345711629706
88400.0,Recupero,BusyServers,15.0
88400.0,Recupero,TimeQueue,0.0
88400.0,Recupero,TimeService,120.31193187508879
88400.0,Recupero,NumQueue,0.0
88800.0,Varchi,TimeTotal,20.766923698300463
88800.0,Varchi,NumTotal,1.0
88800.0,Varchi,SystemResponseTime_Success,405.75478072179925
88800.0,Varchi,BusyServers,1.0
88800.0,Varchi,TimeQueue,1.9432500680642835
88800.0,Varchi,TimeService,18.82401142589561
88800.0,Varchi,NumQueue,0.0
88800.0,FastTrack,TimeTotal,87.11464021929085
88800.0,FastTrack,NumTotal,3.0
88800.0,FastTrack,SystemResponseTime_Success,405.75478072179925
88800.0,FastTrack,BusyServers,1.0
88800.0,FastTrack,TimeQueue,37.004427103930745
88800.0,FastTrack,TimeService,50.095437748073664
88800.0,FastTrack,NumQueue,2.0
88800.0,TraceDetection,TimeTotal,140.45456249359142
88800.0,TraceDetection,NumTotal,2.0
88800.0,TraceDetection,SystemResponseTime_Success,405.75478072179925
88800.0,TraceDetection,BusyServers,1.0
88800.0,TraceDetection,TimeQueue,80.58535451116364
88800.0,TraceDetection,TimeService,59.81874383637922
88800.0,TraceDetection,NumQueue,1.0
88800.0,CheckIn,TimeTotal,131.52100299936282
88800.0,CheckIn,NumTotal,8.0
88800.0,CheckIn,SystemResponseTime_Success,405.75478072179925
88800.0,CheckIn,BusyServers,8.0
88800.0,CheckIn,TimeQueue,11.967033855116929
88800.0,CheckIn,TimeService,119.53891030464997
88800.0,CheckIn,NumQueue,0.0
88800.0,XRay,TimeTotal,212.59565890709658
88800.0,XRay,NumTotal,20.0
88800.0,XRay,SystemResponseTime_Success,405.75478072179925
88800.0,XRay,BusyServers,6.0
88800.0,XRay,TimeQueue,161.3430268778244
88800.0,XRay,TimeService,51.23712113444356
88800.0,XRay,NumQueue,14.0
88800.0,Recupero,TimeTotal,120.33558035340977
88800.0,Recupero,NumTotal,16.0
88800.0,Recupero,SystemResponseTime_Success,405.75478072179925
88800.0,Recupero,BusyServers,16.0
88800.0,Recupero,TimeQueue,0.0
88800.0,Recupero,TimeService,120.33558035340977
88800.0,Recupero,NumQueue,0.0
89200.0,Varchi,TimeTotal,20.756023781080778
89200.0,Varchi,NumTotal,3.0
89200.0,Varchi,SystemResponseTime_Success,405.56544963605666
89200.0,Varchi,BusyServers,3.0
89200.0,Varchi,TimeQueue,1.9360711357068918
89200.0,Varchi,TimeService,18.81944212296849
89200.0,Varchi,NumQueue,0.0
89200.0,Recupero,TimeTotal,120.35230957666028
89200.0,Recupero,NumTotal,16.0
89200.0,Recupero,SystemResponseTime_Success,405.56544963605666
89200.0,Recupero,BusyServers,16.0
89200.0,Recupero,TimeQueue,0.0
89200.0,Recupero,TimeService,120.35230957666028
89200.0,Recupero,NumQueue,0.0
89200.0,FastTrack,TimeTotal,87.3644047022925
89200.0,FastTrack,NumTotal,1.0
89200.0,FastTrack,SystemResponseTime_Success,405.56544963605666
89200.0,FastTrack,BusyServers,1.0
89200.0,FastTrack,TimeQueue,37.215035015986906
89200.0,FastTrack,TimeService,50.11605273463505
89200.0,FastTrack,NumQueue,0.0
89200.0,CheckIn,TimeTotal,131.48377900407172
89200.0,CheckIn,NumTotal,6.0
89200.0,CheckIn,SystemResponseTime_Success,405.56544963605666
89200.0,CheckIn,BusyServers,6.0
89200.0,CheckIn,TimeQueue,11.946882485335797
89200.0,CheckIn,TimeService,119.52048972200598
89200.0,CheckIn,NumQueue,0.0
89200.0,TraceDetection,TimeTotal,140.3914513748652
89200.0,TraceDetection,NumTotal,1.0
89200.0,TraceDetection,SystemResponseTime_Success,405.56544963605666
89200.0,TraceDetection,BusyServers,1.0
89200.0,TraceDetection,TimeQueue,80.46752214012793
89200.0,TraceDetection,TimeService,59.85169627051827
89200.0,TraceDetection,NumQueue,0.0
89200.0,XRay,TimeTotal,212.4019005151928
89200.0,XRay,NumTotal,23.0
89200.0,XRay,SystemResponseTime_Success,405.56544963605666
89200.0,XRay,BusyServers,6.0
89200.0,XRay,TimeQueue,161.15826785140877
89200.0,XRay,TimeService,51.224494937054374
89200.0,XRay,NumQueue,17.0
89600.0,XRay,TimeTotal,212.3490955113034
89600.0,XRay,NumTotal,20.0
89600.0,XRay,SystemResponseTime_Success,405.3732000699783
89600.0,XRay,BusyServers,6.0
89600.0,XRay,TimeQueue,161.12084510045995
89600.0,XRay,TimeService,51.223908769385865
89600.0,XRay,NumQueue,14.0
89600.0,Varchi,TimeTotal,20.755732707623995
89600.0,Varchi,NumTotal,1.0
89600.0,Varchi,SystemResponseTime_Success,405.3732000699783
89600.0,Varchi,BusyServers,1.0
89600.0,Varchi,TimeQueue,1.937544122913597
89600.0,Varchi,TimeService,18.81801899660344
89600.0,Varchi,NumQueue,0.0
89600.0,TraceDetection,TimeTotal,140.08938368288509
89600.0,TraceDetection,NumTotal,0.0
89600.0,TraceDetection,SystemResponseTime_Success,405.3732000699783
89600.0,TraceDetection,BusyServers,0.0
89600.0,TraceDetection,TimeQueue,80.25662217478315
89600.0,TraceDetection,TimeService,59.83276150810206
89600.0,TraceDetection,NumQueue,0.0
89600.0,CheckIn,TimeTotal,131.4339240314325
89600.0,CheckIn,NumTotal,3.0
89600.0,CheckIn,SystemResponseTime_Success,405.3732000699783
89600.0,CheckIn,BusyServers,3.0
89600.0,CheckIn,TimeQueue,11.916919943762908
89600.0,CheckIn,TimeService,119.50884740050725
89600.0,CheckIn,NumQueue,0.0
89600.0,Recupero,TimeTotal,120.36251243202024
89600.0,Recupero,NumTotal,14.0
89600.0,Recupero,SystemResponseTime_Success,405.3732000699783
89600.0,Recupero,BusyServers,14.0
89600.0,Recupero,TimeQueue,0.0
89600.0,Recupero,TimeService,120.36251243202024
89600.0,Recupero,NumQueue,0.0
89600.0,FastTrack,TimeTotal,87.29771160696188
89600.0,FastTrack,NumTotal,0.0
89600.0,FastTrack,SystemResponseTime_Success,405.3732000699783
89600.0,FastTrack,BusyServers,0.0
89600.0,FastTrack,TimeQueue,37.196543860364095
89600.0,FastTrack,TimeService,50.10116774659779
89600.0,FastTrack,NumQueue,0.0
90000.0,FastTrack,TimeTotal,87.2120799283247
90000.0,FastTrack,NumTotal,1.0
90000.0,FastTrack,SystemResponseTime_Success,405.178282715967
90000.0,FastTrack,BusyServers,1.0
90000.0,FastTrack,TimeQueue,37.06428948219391
90000.0,FastTrack,TimeService,50.114815099616365
90000.0,FastTrack,NumQueue,0.0
90000.0,XRay,TimeTotal,212.0461262637367
90000.0,XRay,NumTotal,9.0
90000.0,XRay,SystemResponseTime_Success,405.178282715967
90000.0,XRay,BusyServers,6.0
90000.0,XRay,TimeQueue,160.76686560302085
90000.0,XRay,TimeService,51.21870398563508
90000.0,XRay,NumQueue,3.0
90000.0,TraceDetection,TimeTotal,140.00178382421075
90000.0,TraceDetection,NumTotal,2.0
90000.0,TraceDetection,SystemResponseTime_Success,405.178282715967
90000.0,TraceDetection,BusyServers,1.0
90000.0,TraceDetection,TimeQueue,80.1977756311807
90000.0,TraceDetection,TimeService,59.83682458530865
90000.0,TraceDetection,NumQueue,1.0
90000.0,Varchi,TimeTotal,20.75520634998899
90000.0,Varchi,NumTotal,4.0
90000.0,Varchi,SystemResponseTime_Success,405.178282715967
90000.0,Varchi,BusyServers,4.0
90000.0,Varchi,TimeQueue,1.9339231630027267
90000.0,Varchi,TimeService,18.82060846455703
90000.0,Varchi,NumQueue,0.0
90000.0,CheckIn,TimeTotal,131.38036502825136
90000.0,CheckIn,NumTotal,4.0
90000.0,CheckIn,SystemResponseTime_Success,405.178282715967
90000.0,CheckIn,BusyServers,4.0
90000.0,CheckIn,TimeQueue,11.873605377860999
90000.0,CheckIn,TimeService,119.49596055500324
90000.0,CheckIn,NumQueue,0.0
90000.0,Recupero,TimeTotal,120.37291317694567
90000.0,Recupero,NumTotal,13.0
90000.0,Recupero,SystemResponseTime_Success,405.178282715967
90000.0,Recupero,BusyServers,13.0
90000.0,Recupero,TimeQueue,0.0
90000.0,Recupero,TimeService,120.37291317694567
90000.0,Recupero,NumQueue,0.0
90400.0,XRay,TimeTotal,211.53523788857694
90400.0,XRay,NumTotal,6.0
90400.0,XRay,SystemResponseTime_Success,404.7421235890669
90400.0,XRay,BusyServers,6.0
90400.0,XRay,TimeQueue,160.22844341323614
90400.0,XRay,TimeService,51.21407862420053
90400.0,XRay,NumQueue,0.0
90400.0,FastTrack,TimeTotal,87.04427297642725
90400.0,FastTrack,NumTotal,1.0
90400.0,FastTrack,SystemResponseTime_Success,404.7421235890669
90400.0,FastTrack,BusyServers,1.0
90400.0,FastTrack,TimeQueue,36.917296010778095
90400.0,FastTrack,TimeService,50.094335678283294
90400.0,FastTrack,NumQueue,0.0
90400.0,Varchi,TimeTotal,20.74687559696007
90400.0,Varchi,NumTotal,5.0
90400.0,Varchi,SystemResponseTime_Success,404.7421235890669
90400.0,Varchi,BusyServers,4.0
90400.0,Varchi,TimeQueue,1.9293282787586086
90400.0,Varchi,TimeService,18.818070007969233
90400.0,Varchi,NumQueue,1.0
90400.0,Recupero,TimeTotal,120.35663600808783
90400.0,Recupero,NumTotal,13.0
90400.0,Recupero,SystemResponseTime_Success,404.7421235890669
90400.0,Recupero,BusyServers,13.0
90400.0,Recupero,TimeQueue,0.0
90400.0,Recupero,TimeService,120.35663600808783
90400.0,Recupero,NumQueue,0.0
90400.0,CheckIn,TimeTotal,131.30023762569024
90400.0,CheckIn,NumTotal,5.0
90400.0,CheckIn,SystemResponseTime_Success,404.7421235890669
90400.0,CheckIn,BusyServers,5.0
90400.0,CheckIn,TimeQueue,11.83596066037013
90400.0,CheckIn,TimeService,119.4508848396575
90400.0,CheckIn,NumQueue,0.0
90400.0,TraceDetection,TimeTotal,139.99446746123436
90400.0,TraceDetection,NumTotal,4.0
90400.0,TraceDetection,SystemResponseTime_Success,404.7421235890669
90400.0,TraceDetection,BusyServers,1.0
90400.0,TraceDetection,TimeQueue,80.22532862908095
90400.0,TraceDetection,TimeService,59.806072407838656
90400.0,TraceDetection,NumQueue,3.0
90800.0,XRay,TimeTotal,210.89863666784396
90800.0,XRay,NumTotal,3.0
90800.0,XRay,SystemResponseTime_Success,404.216338509308
90800.0,XRay,BusyServers,3.0
90800.0,XRay,TimeQueue,159.63818647246165
90800.0,XRay,TimeService,51.21782594857907
90800.0,XRay,NumQueue,0.0
90800.0,Varchi,TimeTotal,20.747151128786257
90800.0,Varchi,NumTotal,4.0
90800.0,Varchi,SystemResponseTime_Success,404.216338509308
90800.0,Varchi,BusyServers,4.0
90800.0,Varchi,TimeQueue,1.9271776283827693
90800.0,Varchi,TimeService,18.81930654154273
90800.0,Varchi,NumQueue,0.0
90800.0,FastTrack,TimeTotal,87.2463883875117
90800.0,FastTrack,NumTotal,2.0
90800.0,FastTrack,SystemResponseTime_Success,404.216338509308
90800.0,FastTrack,BusyServers,1.0
90800.0,FastTrack,TimeQueue,37.186819549832364
90800.0,FastTrack,TimeService,50.076137233646314
90800.0,FastTrack,NumQueue,1.0
90800.0,TraceDetection,TimeTotal,140.1875167122577
90800.0,TraceDetection,NumTotal,1.0
90800.0,TraceDetection,SystemResponseTime_Success,404.216338509308
90800.0,TraceDetection,BusyServers,1.0
90800.0,TraceDetection,TimeQueue,80.43856227470737
90800.0,TraceDetection,TimeService,59.79040199002049
90800.0,TraceDetection,NumQueue,0.0
90800.0,Recupero,TimeTotal,120.33653937742815
90800.0,Recupero,NumTotal,19.0
90800.0,Recupero,SystemResponseTime_Success,404.216338509308
90800.0,Recupero,BusyServers,19.0
90800.0,Recupero,TimeQueue,0.0
90800.0,Recupero,TimeService,120.33653937742815
90800.0,Recupero,NumQueue,0.0
90800.0,CheckIn,TimeTotal,131.22724554859929
90800.0,CheckIn,NumTotal,8.0
90800.0,CheckIn,SystemResponseTime_Success,404.216338509308
90800.0,CheckIn,BusyServers,8.0
90800.0,CheckIn,TimeQueue,11.784578643701385
90800.0,CheckIn,TimeService,119.425520349709
90800.0,CheckIn,NumQueue,0.0
91200.0,TraceDetection,TimeTotal,140.07767350946114
91200.0,TraceDetection,NumTotal,1.0
91200.0,TraceDetection,SystemResponseTime_Success,403.522255105709
91200.0,TraceDetection,BusyServers,1.0
91200.0,TraceDetection,TimeQueue,80.25142113971722
91200.0,TraceDetection,TimeService,59.75591808303084
91200.0,TraceDetection,NumQueue,0.0
91200.0,XRay,TimeTotal,210.30730421037356
91200.0,XRay,NumTotal,4.0
91200.0,XRay,SystemResponseTime_Success,403.522255105709
91200.0,XRay,BusyServers,4.0
91200.0,XRay,TimeQueue,159.0305783376126
91200.0,XRay,TimeService,51.218762310596865
91200.0,XRay,NumQueue,0.0
91200.0,FastTrack,TimeTotal,87.34703542008101
91200.0,FastTrack,NumTotal,4.0
91200.0,FastTrack,SystemResponseTime_Success,403.522255105709
91200.0,FastTrack,BusyServers,1.0
91200.0,FastTrack,TimeQueue,37.32310027376128
91200.0,FastTrack,TimeService,50.077337851099664
91200.0,FastTrack,NumQueue,3.0
91200.0,Recupero,TimeTotal,120.32722177031556
91200.0,Recupero,NumTotal,15.0
91200.0,Recupero,SystemResponseTime_Success,403.522255105709
91200.0,Recupero,BusyServers,15.0
91200.0,Recupero,TimeQueue,0.0
91200.0,Recupero,TimeService,120.32722177031556
91200.0,Recupero,NumQueue,0.0
91200.0,Varchi,TimeTotal,20.74212933537301
91200.0,Varchi,NumTotal,5.0
91200.0,Varchi,SystemResponseTime_Success,403.522255105709
91200.0,Varchi,BusyServers,4.0
91200.0,Varchi,TimeQueue,1.9256846293525964
91200.0,Varchi,TimeService,18.815960436001006
91200.0,Varchi,NumQueue,1.0
91200.0,CheckIn,TimeTotal,131.18166360673754
91200.0,CheckIn,NumTotal,5.0
91200.0,CheckIn,SystemResponseTime_Success,403.522255105709
91200.0,CheckIn,BusyServers,5.0
91200.0,CheckIn,TimeQueue,11.758564957279772
91200.0,CheckIn,TimeService,119.42138756166925
91200.0,CheckIn,NumQueue,0.0
91600.0,XRay,TimeTotal,209.67708799205363
91600.0,XRay,NumTotal,5.0
91600.0,XRay,SystemResponseTime_Success,402.9296203721272
91600.0,XRay,BusyServers,5.0
91600.0,XRay,TimeQueue,158.3906774044662
91600.0,XRay,TimeService,51.21100081925606
91600.0,XRay,NumQueue,0.0
91600.0,TraceDetection,TimeTotal,139.88714385173006
91600.0,TraceDetection,NumTotal,1.0
91600.0,TraceDetection,SystemResponseTime_Success,402.9296203721272
91600.0,TraceDetection,BusyServers,1.0
91600.0,TraceDetection,TimeQueue,80.04115540747343
91600.0,TraceDetection,TimeService,59.77602239932011
91600.0,TraceDetection,NumQueue,0.0
91600.0,Varchi,TimeTotal,20.739288052837825
91600.0,Varchi,NumTotal,4.0
91600.0,Varchi,SystemResponseTime_Success,402.9296203721272
91600.0,Varchi,BusyServers,4.0
91600.0,Varchi,TimeQueue,1.919633049554434
91600.0,Varchi,TimeService,18.818996692909813
91600.0,Varchi,NumQueue,0.0
91600.0,Recupero,TimeTotal,120.31903805657144
91600.0,Recupero,NumTotal,14.0
91600.0,Recupero,SystemResponseTime_Success,402.9296203721272
91600.0,Recupero,BusyServers,14.0
91600.0,Recupero,TimeQueue,0.0
91600.0,Recupero,TimeService,120.31903805657144
91600.0,Recupero,NumQueue,0.0
91600.0,FastTrack,TimeTotal,87.61009058774837
91600.0,FastTrack,NumTotal,3.0
91600.0,FastTrack,SystemResponseTime_Success,402.9296203721272
91600.0,FastTrack,BusyServers,1.0
91600.0,FastTrack,TimeQueue,37.64308893186091
91600.0,FastTrack,TimeService,50.027488079470544
91600.0,FastTrack,NumQueue,2.0
91600.0,CheckIn,TimeTotal,131.24532471991904
91600.0,CheckIn,NumTotal,7.0
91600.0,CheckIn,SystemResponseTime_Success,402.9296203721272
91600.0,CheckIn,BusyServers,7.0
91600.0,CheckIn,TimeQueue,11.724228502417555
91600.0,CheckIn,TimeService,119.50275254304505
91600.0,CheckIn,NumQueue,0.0
92000.0,Varchi,TimeTotal,20.735959516188025
92000.0,Varchi,NumTotal,3.0
92000.0,Varchi,SystemResponseTime_Success,402.3385381493926
92000.0,Varchi,BusyServers,3.0
92000.0,Varchi,TimeQueue,1.9147433956748168
92000.0,Varchi,TimeService,18.82072570557372
92000.0,Varchi,NumQueue,0.0
92000.0,XRay,TimeTotal,209.05317585948663
92000.0,XRay,NumTotal,4.0
92000.0,XRay,SystemResponseTime_Success,402.3385381493926
92000.0,XRay,BusyServers,4.0
92000.0,XRay,TimeQueue,157.79004373284099
92000.0,XRay,TimeService,51.20770905011364
92000.0,XRay,NumQueue,0.0
92000.0,TraceDetection,TimeTotal,139.72862602502974
92000.0,TraceDetection,NumTotal,3.0
92000.0,TraceDetection,SystemResponseTime_Success,402.3385381493926
92000.0,TraceDetection,BusyServers,1.0
92000.0,TraceDetection,TimeQueue,79.95205713108217
92000.0,TraceDetection,TimeService,59.77131669789605
92000.0,TraceDetection,NumQueue,2.0
92000.0,Recupero,TimeTotal,120.3413942921922
92000.0,Recupero,NumTotal,15.0
92000.0,Recupero,SystemResponseTime_Success,402.3385381493926
92000.0,Recupero,BusyServers,15.0
92000.0,Recupero,TimeQueue,0.0
92000.0,Recupero,TimeService,120.3413942921922
92000.0,Recupero,NumQueue,0.0
92000.0,CheckIn,TimeTotal,131.1782430032412
92000.0,CheckIn,NumTotal,9.0
92000.0,CheckIn,SystemResponseTime_Success,402.3385381493926
92000.0,CheckIn,BusyServers,8.0
92000.0,CheckIn,TimeQueue,11.697730558107011
92000.0,CheckIn,TimeService,119.4879297145598
92000.0,CheckIn,NumQueue,1.0
92000.0,FastTrack,TimeTotal,87.84307576446403
92000.0,FastTrack,NumTotal,2.0
92000.0,FastTrack,SystemResponseTime_Success,402.3385381493926
92000.0,FastTrack,BusyServers,1.0
92000.0,FastTrack,TimeQueue,37.76998097973772
92000.0,FastTrack,TimeService,50.04047822084051
92000.0,FastTrack,NumQueue,1.0
92400.0,TraceDetection,TimeTotal,139.71077754738752
92400.0,TraceDetection,NumTotal,2.0
92400.0,TraceDetection,SystemResponseTime_Success,401.89519472356267
92400.0,TraceDetection,BusyServers,1.0
92400.0,TraceDetection,TimeQueue,79.882221639173
92400.0,TraceDetection,TimeService,59.75945364036068
92400.0,TraceDetection,NumQueue,1.0
92400.0,Varchi,TimeTotal,20.743004545367224
92400.0,Varchi,NumTotal,4.0
92400.0,Varchi,SystemResponseTime_Success,401.89519472356267
92400.0,Varchi,BusyServers,4.0
92400.0,Varchi,TimeQueue,1.9210844977811008
92400.0,Varchi,TimeService,18.821266617484916
92400.0,Varchi,NumQueue,0.0
92400.0,Recupero,TimeTotal,120.33535676828731
92400.0,Recupero,NumTotal,14.0
92400.0,Recupero,SystemResponseTime_Success,401.89519472356267
92400.0,Recupero,BusyServers,14.0
92400.0,Recupero,TimeQueue,0.0
92400.0,Recupero,TimeService,120.33535676828731
92400.0,Recupero,NumQueue,0.0
92400.0,XRay,TimeTotal,208.4726580006273
92400.0,XRay,NumTotal,7.0
92400.0,XRay,SystemResponseTime_Success,401.89519472356267
92400.0,XRay,BusyServers,6.0
92400.0,XRay,TimeQueue,157.20002447624222
92400.0,XRay,TimeService,51.199293138925746
92400.0,XRay,NumQueue,1.0
92400.0,CheckIn,TimeTotal,131.31259279672184
92400.0,CheckIn,NumTotal,8.0
92400.0,CheckIn,SystemResponseTime_Success,401.89519472356267
92400.0,CheckIn,BusyServers,8.0
92400.0,CheckIn,TimeQueue,11.771067380676353
92400.0,CheckIn,TimeService,119.56047886822026
92400.0,CheckIn,NumQueue,0.0
92400.0,FastTrack,TimeTotal,87.88974330056014
92400.0,FastTrack,NumTotal,0.0
92400.0,FastTrack,SystemResponseTime_Success,401.89519472356267
92400.0,FastTrack,BusyServers,0.0
92400.0,FastTrack,TimeQueue,37.830871275512436
92400.0,FastTrack,TimeService,50.0588720250477
92400.0,FastTrack,NumQueue,0.0
92800.0,FastTrack,TimeTotal,87.94502396610407
92800.0,FastTrack,NumTotal,3.0
92800.0,FastTrack,SystemResponseTime_Success,401.3761396219522
92800.0,FastTrack,BusyServers,1.0
92800.0,FastTrack,TimeQueue,37.90078129918995
92800.0,FastTrack,TimeService,50.102490799927466
92800.0,FastTrack,NumQueue,2.0
92800.0,CheckIn,TimeTotal,131.40684089610895
92800.0,CheckIn,NumTotal,5.0
92800.0,CheckIn,SystemResponseTime_Success,401.3761396219522
92800.0,CheckIn,BusyServers,5.0
92800.0,CheckIn,TimeQueue,11.813085431906236
92800.0,CheckIn,TimeService,119.6048600595195
92800.0,CheckIn,NumQueue,0.0
92800.0,Recupero,TimeTotal,120.32014705844453
92800.0,Recupero,NumTotal,13.0
92800.0,Recupero,SystemResponseTime_Success,401.3761396219522
92800.0,Recupero,BusyServers,13.0
92800.0,Recupero,TimeQueue,0.0
92800.0,Recupero,TimeService,120.32014705844453
92800.0,Recupero,NumQueue,0.0
92800.0,Varchi,TimeTotal,20.735462594737445
92800.0,Varchi,NumTotal,3.0
92800.0,Varchi,SystemResponseTime_Success,401.3761396219522
92800.0,Varchi,BusyServers,3.0
92800.0,Varchi,TimeQueue,1.9166163258962383
92800.0,Varchi,TimeService,18.818359570942377
92800.0,Varchi,NumQueue,0.0
92800.0,TraceDetection,TimeTotal,139.80397298648828
92800.0,TraceDetection,NumTotal,1.0
92800.0,TraceDetection,SystemResponseTime_Success,401.3761396219522
92800.0,TraceDetection,BusyServers,1.0
92800.0,TraceDetection,TimeQueue,79.94352381201676
92800.0,TraceDetection,TimeService,59.791650961208276
92800.0,TraceDetection,NumQueue,0.0
92800.0,XRay,TimeTotal,207.82933351940375
92800.0,XRay,NumTotal,7.0
92800.0,XRay,SystemResponseTime_Success,401.3761396219522
92800.0,XRay,BusyServers,6.0
92800.0,XRay,TimeQueue,156.55504537251377
92800.0,XRay,TimeService,51.18762436858214
92800.0,XRay,NumQueue,1.0
93200.0,XRay,TimeTotal,207.35671378650142
93200.0,XRay,NumTotal,19.0
93200.0,XRay,SystemResponseTime_Success,400.93437203188427
93200.0,XRay,BusyServers,6.0
93200.0,XRay,TimeQueue,156.12018332601474
93200.0,XRay,TimeService,51.1937223097739
93200.0,XRay,NumQueue,13.0
93200.0,FastTrack,TimeTotal,88.28246663452485
93200.0,FastTrack,NumTotal,0.0
93200.0,FastTrack,SystemResponseTime_Success,400.93437203188427
93200.0,FastTrack,BusyServers,0.0
93200.0,FastTrack,TimeQueue,38.12662920374431
93200.0,FastTrack,TimeService,50.15583743078054
93200.0,FastTrack,NumQueue,0.0
93200.0,CheckIn,TimeTotal,131.37025943863597
93200.0,CheckIn,NumTotal,7.0
93200.0,CheckIn,SystemResponseTime_Success,400.93437203188427
93200.0,CheckIn,BusyServers,7.0
93200.0,CheckIn,TimeQueue,11.763928922224629
93200.0,CheckIn,TimeService,119.58826789249005
93200.0,CheckIn,NumQueue,0.0
93200.0,Recupero,TimeTotal,120.324527555125
93200.0,Recupero,NumTotal,13.0
93200.0,Recupero,SystemResponseTime_Success,400.93437203188427
93200.0,Recupero,BusyServers,13.0
93200.0,Recupero,TimeQueue,0.0
93200.0,Recupero,TimeService,120.324527555125
93200.0,Recupero,NumQueue,0.0
93200.0,TraceDetection,TimeTotal,139.39863634692475
93200.0,TraceDetection,NumTotal,3.0
93200.0,TraceDetection,SystemResponseTime_Success,400.93437203188427
93200.0,TraceDetection,BusyServers,1.0
93200.0,TraceDetection,TimeQueue,79.62837351274473
93200.0,TraceDetection,TimeService,59.753844026455326
93200.0,TraceDetection,NumQueue,2.0
93200.0,Varchi,TimeTotal,20.72975470971087
93200.0,Varchi,NumTotal,1.0
93200.0,Varchi,SystemResponseTime_Success,400.93437203188427
93200.0,Varchi,BusyServers,1.0
93200.0,Varchi,TimeQueue,1.9109366286460456
93200.0,Varchi,TimeService,18.81865713297861
93200.0,Varchi,NumQueue,0.0
93600.0,Recupero,TimeTotal,120.31971032857078
93600.0,Recupero,NumTotal,16.0
93600.0,Recupero,SystemResponseTime_Success,400.58475963373553
93600.0,Recupero,BusyServers,16.0
93600.0,Recupero,TimeQueue,0.0
93600.0,Recupero,TimeService,120.31971032857078
93600.0,Recupero,NumQueue,0.0
93600.0,FastTrack,TimeTotal,88.40720266890781
93600.0,FastTrack,NumTotal,0.0
93600.0,FastTrack,SystemResponseTime_Success,400.58475963373553
93600.0,FastTrack,BusyServers,0.0
93600.0,FastTrack,TimeQueue,38.2587727910951
93600.0,FastTrack,TimeService,50.1484298778127
93600.0,FastTrack,NumQueue,0.0
93600.0,Varchi,TimeTotal,20.733445760872556
93600.0,Varchi,NumTotal,1.0
93600.0,Varchi,SystemResponseTime_Success,400.58475963373553
93600.0,Varchi,BusyServers,1.0
93600.0,Varchi,TimeQueue,1.9144645364014283
93600.0,Varchi,TimeService,18.818820682371726
93600.0,Varchi,NumQueue,0.0
93600.0,TraceDetection,TimeTotal,139.4852102907273
93600.0,TraceDetection,NumTotal,1.0
93600.0,TraceDetection,SystemResponseTime_Success,400.58475963373553
93600.0,TraceDetection,BusyServers,1.0
93600.0,TraceDetection,TimeQueue,79.64764639537103
93600.0,TraceDetection,TimeService,59.78129372282374
93600.0,TraceDetection,NumQueue,0.0
93600.0,XRay,TimeTotal,207.07936605824574
93600.0,XRay,NumTotal,18.0
93600.0,XRay,SystemResponseTime_Success,400.58475963373553
93600.0,XRay,BusyServers,6.0
93600.0,XRay,TimeQueue,155.85584303887595
93600.0,XRay,TimeService,51.19929109846156
93600.0,XRay,NumQueue,12.0
93600.0,CheckIn,TimeTotal,131.32317678537763
93600.0,CheckIn,NumTotal,5.0
93600.0,CheckIn,SystemResponseTime_Success,400.58475963373553
93600.0,CheckIn,BusyServers,5.0
93600.0,CheckIn,TimeQueue,11.737532168278582
93600.0,CheckIn,TimeService,119.57282231846611
93600.0,CheckIn,NumQueue,0.0
94000.0,TraceDetection,TimeTotal,139.1130998144721
94000.0,TraceDetection,NumTotal,0.0
94000.0,TraceDetection,SystemResponseTime_Success,400.2848439984582
94000.0,TraceDetection,BusyServers,0.0
94000.0,TraceDetection,TimeQueue,79.36984247008263
94000.0,TraceDetection,TimeService,59.74325734438961
94000.0,TraceDetection,NumQueue,0.0
94000.0,Varchi,TimeTotal,20.736380570728233
94000.0,Varchi,NumTotal,2.0
94000.0,Varchi,SystemResponseTime_Success,400.2848439984582
94000.0,Varchi,BusyServers,2.0
94000.0,Varchi,TimeQueue,1.9117150207039066
94000.0,Varchi,TimeService,18.824346292338923
94000.0,Varchi,NumQueue,0.0
94000.0,XRay,TimeTotal,206.80234807236747
94000.0,XRay,NumTotal,18.0
94000.0,XRay,SystemResponseTime_Success,400.2848439984582
94000.0,XRay,BusyServers,6.0
94000.0,XRay,TimeQueue,155.57511130119073
94000.0,XRay,TimeService,51.19872980116803
94000.0,XRay,NumQueue,12.0
94000.0,Recupero,TimeTotal,120.30399223730588
94000.0,Recupero,NumTotal,16.0
94000.0,Recupero,SystemResponseTime_Success,400.2848439984582
94000.0,Recupero,BusyServers,16.0
94000.0,Recupero,TimeQueue,0.0
94000.0,Recupero,TimeService,120.30399223730588
94000.0,Recupero,NumQueue,0.0
94000.0,FastTrack,TimeTotal,88.35676044568001
94000.0,FastTrack,NumTotal,0.0
94000.0,FastTrack,SystemResponseTime_Success,400.2848439984582
94000.0,FastTrack,BusyServers,0.0
94000.0,FastTrack,TimeQueue,38.21412016580021
94000.0,FastTrack,TimeService,50.142640279879785
94000.0,FastTrack,NumQueue,0.0
94000.0,CheckIn,TimeTotal,131.24026475977254
94000.0,CheckIn,NumTotal,6.0
94000.0,CheckIn,SystemResponseTime_Success,400.2848439984582
94000.0,CheckIn,BusyServers,6.0
94000.0,CheckIn,TimeQueue,11.694144899989665
94000.0,CheckIn,TimeService,119.530843380488
94000.0,CheckIn,NumQueue,0.0
94400.0,FastTrack,TimeTotal,88.39271157403182
94400.0,FastTrack,NumTotal,4.0
94400.0,FastTrack,SystemResponseTime_Success,399.9391427016418
94400.0,FastTrack,BusyServers,1.0
94400.0,FastTrack,TimeQueue,38.319935752757345
94400.0,FastTrack,TimeService,50.14460778151104
94400.0,FastTrack,NumQueue,3.0
94400.0,Varchi,TimeTotal,20.738739503562137
94400.0,Varchi,NumTotal,2.0
94400.0,Varchi,SystemResponseTime_Success,399.9391427016418
94400.0,Varchi,BusyServers,2.0
94400.0,Varchi,TimeQueue,1.9093742557343227
94400.0,Varchi,TimeService,18.829047759591152
94400.0,Varchi,NumQueue,0.0
94400.0,XRay,TimeTotal,206.47515143504975
94400.0,XRay,NumTotal,13.0
94400.0,XRay,SystemResponseTime_Success,399.9391427016418
94400.0,XRay,BusyServers,6.0
94400.0,XRay,TimeQueue,155.23440331868775
94400.0,XRay,TimeService,51.187780983734335
94400.0,XRay,NumQueue,7.0
94400.0,TraceDetection,TimeTotal,139.0414387699073
94400.0,TraceDetection,NumTotal,1.0
94400.0,TraceDetection,SystemResponseTime_Success,399.9391427016418
94400.0,TraceDetection,BusyServers,1.0
94400.0,TraceDetection,TimeQueue,79.25891684799515
94400.0,TraceDetection,TimeService,59.738801924270284
94400.0,TraceDetection,NumQueue,0.0
94400.0,Recupero,TimeTotal,120.30158411164595
94400.0,Recupero,NumTotal,17.0
94400.0,Recupero,SystemResponseTime_Success,399.9391427016418
94400.0,Recupero,BusyServers,17.0
94400.0,Recupero,TimeQueue,0.0
94400.0,Recupero,TimeService,120.30158411164595
94400.0,Recupero,NumQueue,0.0
94400.0,CheckIn,TimeTotal,131.21025505176263
94400.0,CheckIn,NumTotal,4.0
94400.0,CheckIn,SystemResponseTime_Success,399.9391427016418
94400.0,CheckIn,BusyServers,4.0
94400.0,CheckIn,TimeQueue,11.64855369180257
94400.0,CheckIn,TimeService,119.55160072810038
94400.0,CheckIn,NumQueue,0.0
94800.0,CheckIn,TimeTotal,131.1941097214891
94800.0,CheckIn,NumTotal,10.0
94800.0,CheckIn,SystemResponseTime_Success,399.5342531023601
94800.0,CheckIn,BusyServers,8.0
94800.0,CheckIn,TimeQueue,11.602879074228031
94800.0,CheckIn,TimeService,119.57118680519773
94800.0,CheckIn,NumQueue,2.0
94800.0,Recupero,TimeTotal,120.28852486680138
94800.0,Recupero,NumTotal,13.0
94800.0,Recupero,SystemResponseTime_Success,399.5342531023601
94800.0,Recupero,BusyServers,13.0
94800.0,Recupero,TimeQueue,0.0
94800.0,Recupero,TimeService,120.28852486680138
94800.0,Recupero,NumQueue,0.0
94800.0,TraceDetection,TimeTotal,138.86126912525532
94800.0,TraceDetection,NumTotal,3.0
94800.0,TraceDetection,SystemResponseTime_Success,399.5342531023601
94800.0,TraceDetection,BusyServers,1.0
94800.0,TraceDetection,TimeQueue,79.07739433086648
94800.0,TraceDetection,TimeService,59.71714281605074
94800.0,TraceDetection,NumQueue,2.0
94800.0,XRay,TimeTotal,206.08452678432377
94800.0,XRay,NumTotal,17.0
94800.0,XRay,SystemResponseTime_Success,399.5342531023601
94800.0,XRay,BusyServers,6.0
94800.0,XRay,TimeQueue,154.8576381878224
94800.0,XRay,TimeService,51.191874947440965
94800.0,XRay,NumQueue,11.0
94800.0,FastTrack,TimeTotal,88.82232047281359
94800.0,FastTrack,NumTotal,2.0
94800.0,FastTrack,SystemResponseTime_Success,399.5342531023601
94800.0,FastTrack,BusyServers,1.0
94800.0,FastTrack,TimeQueue,38.61579026269961
94800.0,FastTrack,TimeService,50.17421574127488
94800.0,FastTrack,NumQueue,1.0
94800.0,Varchi,TimeTotal,20.72950844118876
94800.0,Varchi,NumTotal,0.0
94800.0,Varchi,SystemResponseTime_Success,399.5342531023601
94800.0,Varchi,BusyServers,0.0
94800.0,Varchi,TimeQueue,1.9047055124449395
94800.0,Varchi,TimeService,18.824802928743896
94800.0,Varchi,NumQueue,0.0
95200.0,CheckIn,TimeTotal,131.27387950282056
95200.0,CheckIn,NumTotal,6.0
95200.0,CheckIn,SystemResponseTime_Success,399.18921074626456
95200.0,CheckIn,BusyServers,6.0
95200.0,CheckIn,TimeQueue,11.660856558082179
95200.0,CheckIn,TimeService,119.61304369892659
95200.0,CheckIn,NumQueue,0.0
95200.0,Recupero,TimeTotal,120.29663309049376
95200.0,Recupero,NumTotal,17.0
95200.0,Recupero,SystemResponseTime_Success,399.18921074626456
95200.0,Recupero,BusyServers,17.0
95200.0,Recupero,TimeQueue,0.0
95200.0,Recupero,TimeService,120.29663309049376
95200.0,Recupero,NumQueue,0.0
95200.0,Varchi,TimeTotal,20.730078127487754
95200.0,Varchi,NumTotal,4.0
95200.0,Varchi,SystemResponseTime_Success,399.18921074626456
95200.0,Varchi,BusyServers,4.0
95200.0,Varchi,TimeQueue,1.9057507894407415
95200.0,Varchi,TimeService,18.823699258360364
95200.0,Varchi,NumQueue,0.0
95200.0,FastTrack,TimeTotal,89.01189729854656
95200.0,FastTrack,NumTotal,2.0
95200.0,FastTrack,SystemResponseTime_Success,399.18921074626456
95200.0,FastTrack,BusyServers,1.0
95200.0,FastTrack,TimeQueue,38.83431522517805
95200.0,FastTrack,TimeService,50.204357297259975
95200.0,FastTrack,NumQueue,1.0
95200.0,TraceDetection,TimeTotal,139.13477636365383
95200.0,TraceDetection,NumTotal,2.0
95200.0,TraceDetection,SystemResponseTime_Success,399.18921074626456
95200.0,TraceDetection,BusyServers,1.0
95200.0,TraceDetection,TimeQueue,79.39596256400236
95200.0,TraceDetection,TimeService,59.738248705582855
95200.0,TraceDetection,NumQueue,1.0
95200.0,XRay,TimeTotal,205.7042751647677
95200.0,XRay,NumTotal,17.0
95200.0,XRay,SystemResponseTime_Success,399.18921074626456
95200.0,XRay,BusyServers,6.0
95200.0,XRay,TimeQueue,154.48496158449356
95200.0,XRay,TimeService,51.18497152717714
95200.0,XRay,NumQueue,11.0
95600.0,Recupero,TimeTotal,120.29432672898301
95600.0,Recupero,NumTotal,13.0
95600.0,Recupero,SystemResponseTime_Success,399.04246005463176
95600.0,Recupero,BusyServers,13.0
95600.0,Recupero,TimeQueue,0.0
95600.0,Recupero,TimeService,120.29432672898301
95600.0,Recupero,NumQueue,0.0
95600.0,TraceDetection,TimeTotal,139.12053020595985
95600.0,TraceDetection,NumTotal,2.0
95600.0,TraceDetection,SystemResponseTime_Success,399.04246005463176
95600.0,TraceDetection,BusyServers,1.0
95600.0,TraceDetection,TimeQueue,79.32973024746535
95600.0,TraceDetection,TimeService,59.7445200695535
95600.0,TraceDetection,NumQueue,1.0
95600.0,FastTrack,TimeTotal,89.01810722320039
95600.0,FastTrack,NumTotal,0.0
95600.0,FastTrack,SystemResponseTime_Success,399.04246005463176
95600.0,FastTrack,BusyServers,0.0
95600.0,FastTrack,TimeQueue,38.827281852726145
95600.0,FastTrack,TimeService,50.19082537047422
95600.0,FastTrack,NumQueue,0.0
95600.0,CheckIn,TimeTotal,131.22960723062297
95600.0,CheckIn,NumTotal,4.0
95600.0,CheckIn,SystemResponseTime_Success,399.04246005463176
95600.0,CheckIn,BusyServers,4.0
95600.0,CheckIn,TimeQueue,11.623450046454455
95600.0,CheckIn,TimeService,119.5962056002243
95600.0,CheckIn,NumQueue,0.0
95600.0,Varchi,TimeTotal,20.72233757700063
95600.0,Varchi,NumTotal,0.0
95600.0,Varchi,SystemResponseTime_Success,399.04246005463176
95600.0,Varchi,BusyServers,0.0
95600.0,Varchi,TimeQueue,1.8998776002619167
95600.0,Varchi,TimeService,18.822459976738784
95600.0,Varchi,NumQueue,0.0
95600.0,XRay,TimeTotal,205.51534730744194
95600.0,XRay,NumTotal,21.0
95600.0,XRay,SystemResponseTime_Success,399.04246005463176
95600.0,XRay,BusyServers,6.0
95600.0,XRay,TimeQueue,154.3008745028151
95600.0,XRay,TimeService,51.18948330812049
95600.0,XRay,NumQueue,15.0
96000.0,TraceDetection,TimeTotal,138.90214881962265
96000.0,TraceDetection,NumTotal,0.0
96000.0,TraceDetection,SystemResponseTime_Success,398.7907787641404
96000.0,TraceDetection,BusyServers,0.0
96000.0,TraceDetection,TimeQueue,79.10461513333304
96000.0,TraceDetection,TimeService,59.79753368628976
96000.0,TraceDetection,NumQueue,0.0
96000.0,CheckIn,TimeTotal,131.15317571414766
96000.0,CheckIn,NumTotal,1.0
96000.0,CheckIn,SystemResponseTime_Success,398.7907787641404
96000.0,CheckIn,BusyServers,1.0
96000.0,CheckIn,TimeQueue,11.583813388154525
96000.0,CheckIn,TimeService,119.56689295626607
96000.0,CheckIn,NumQueue,0.0
96000.0,Recupero,TimeTotal,120.29965174127429
96000.0,Recupero,NumTotal,19.0
96000.0,Recupero,SystemResponseTime_Success,398.7907787641404
96000.0,Recupero,BusyServers,19.0
96000.0,Recupero,TimeQueue,0.0
96000.0,Recupero,TimeService,120.29965174127429
96000.0,Recupero,NumQueue,0.0
96000.0,FastTrack,TimeTotal,88.90589919931406
96000.0,FastTrack,NumTotal,1.0
96000.0,FastTrack,SystemResponseTime_Success,398.7907787641404
96000.0,FastTrack,BusyServers,1.0
96000.0,FastTrack,TimeQueue,38.76855367002306
96000.0,FastTrack,TimeService,50.18323163037366
96000.0,FastTrack,NumQueue,0.0
96000.0,Varchi,TimeTotal,20.71810294193786
96000.0,Varchi,NumTotal,1.0
96000.0,Varchi,SystemResponseTime_Success,398.7907787641404
96000.0,Varchi,BusyServers,1.0
96000.0,Varchi,TimeQueue,1.894060944019878
96000.0,Varchi,TimeService,18.823887216440237
96000.0,Varchi,NumQueue,0.0
96000.0,XRay,TimeTotal,205.24221899375735
96000.0,XRay,NumTotal,13.0
96000.0,XRay,SystemResponseTime_Success,398.7907787641404
96000.0,XRay,BusyServers,6.0
96000.0,XRay,TimeQueue,154.00793025632723
96000.0,XRay,TimeService,51.176398010014395
96000.0,XRay,NumQueue,7.0
96400.0,Varchi,TimeTotal,20.712854991904415
96400.0,Varchi,NumTotal,5.0
96400.0,Varchi,SystemResponseTime_Success,398.29973846472313
96400.0,Varchi,BusyServers,4.0
96400.0,Varchi,TimeQueue,1.8887448762515484
96400.0,Varchi,TimeService,18.823494738972556
96400.0,Varchi,NumQueue,1.0
96400.0,FastTrack,TimeTotal,88.9084939017661
96400.0,FastTrack,NumTotal,1.0
96400.0,FastTrack,SystemResponseTime_Success,398.29973846472313
96400.0,FastTrack,BusyServers,1.0
96400.0,FastTrack,TimeQueue,38.70563043436759
96400.0,FastTrack,TimeService,50.1709807405168
96400.0,FastTrack,NumQueue,0.0
96400.0,TraceDetection,TimeTotal,138.6509375528412
96400.0,TraceDetection,NumTotal,1.0
96400.0,TraceDetection,SystemResponseTime_Success,398.29973846472313
96400.0,TraceDetection,BusyServers,1.0
96400.0,TraceDetection,TimeQueue,78.84008600882703
96400.0,TraceDetection,TimeService,59.75586843642013
96400.0,TraceDetection,NumQueue,0.0
96400.0,Recupero,TimeTotal,120.27423954749408
96400.0,Recupero,NumTotal,14.0
96400.0,Recupero,SystemResponseTime_Success,398.29973846472313
96400.0,Recupero,BusyServers,14.0
96400.0,Recupero,TimeQueue,0.0
96400.0,Recupero,TimeService,120.27423954749408
96400.0,Recupero,NumQueue,0.0
96400.0,XRay,TimeTotal,204.78703731497666
96400.0,XRay,NumTotal,4.0
96400.0,XRay,SystemResponseTime_Success,398.29973846472313
96400.0,XRay,BusyServers,4.0
96400.0,XRay,TimeQueue,153.54929083600095
96400.0,XRay,TimeService,51.18771979301664
96400.0,XRay,NumQueue,0.0
96400.0,CheckIn,TimeTotal,131.15232755655424
96400.0,CheckIn,NumTotal,6.0
96400.0,CheckIn,SystemResponseTime_Success,398.29973846472313
96400.0,CheckIn,BusyServers,6.0
96400.0,CheckIn,TimeQueue,11.546898750206296
96400.0,CheckIn,TimeService,119.59069122019547
96400.0,CheckIn,NumQueue,0.0
96800.0,Varchi,TimeTotal,20.710322777628146
96800.0,Varchi,NumTotal,4.0
96800.0,Varchi,SystemResponseTime_Success,397.72239703230485
96800.0,Varchi,BusyServers,4.0
96800.0,Varchi,TimeQueue,1.8866495153118474
96800.0,Varchi,TimeService,18.823061061613753
96800.0,Varchi,NumQueue,0.0
96800.0,FastTrack,TimeTotal,88.83665913120771
96800.0,FastTrack,NumTotal,1.0
96800.0,FastTrack,SystemResponseTime_Success,397.72239703230485
96800.0,FastTrack,BusyServers,1.0
96800.0,FastTrack,TimeQueue,38.6120923920864
96800.0,FastTrack,TimeService,50.197020803005266
96800.0,FastTrack,NumQueue,0.0
96800.0,TraceDetection,TimeTotal,138.3912813407467
96800.0,TraceDetection,NumTotal,3.0
96800.0,TraceDetection,SystemResponseTime_Success,397.72239703230485
96800.0,TraceDetection,BusyServers,1.0
96800.0,TraceDetection,TimeQueue,78.70948126631706
96800.0,TraceDetection,TimeService,59.715112029287134
96800.0,TraceDetection,NumQueue,2.0
96800.0,Recupero,TimeTotal,120.25622670789073
96800.0,Recupero,NumTotal,16.0
96800.0,Recupero,SystemResponseTime_Success,397.72239703230485
96800.0,Recupero,BusyServers,16.0
96800.0,Recupero,TimeQueue,0.0
96800.0,Recupero,TimeService,120.25622670789073
96800.0,Recupero,NumQueue,0.0
96800.0,CheckIn,TimeTotal,131.09790483308322
96800.0,CheckIn,NumTotal,6.0
96800.0,CheckIn,SystemResponseTime_Success,397.72239703230485
96800.0,CheckIn,BusyServers,6.0
96800.0,CheckIn,TimeQueue,11.510218639818092
96800.0,CheckIn,TimeService,119.57304214919378
96800.0,CheckIn,NumQueue,0.0
96800.0,XRay,TimeTotal,204.1758782968544
96800.0,XRay,NumTotal,2.0
96800.0,XRay,SystemResponseTime_Success,397.72239703230485
96800.0,XRay,BusyServers,2.0
96800.0,XRay,TimeQueue,152.97377454601948
96800.0,XRay,TimeService,51.174553318679486
96800.0,XRay,NumQueue,0.0
97200.0,XRay,TimeTotal,203.69800464134997
97200.0,XRay,NumTotal,4.0
97200.0,XRay,SystemResponseTime_Success,397.2327175866417
97200.0,XRay,BusyServers,4.0
97200.0,XRay,TimeQueue,152.46886339288915
97200.0,XRay,TimeService,51.18283906524323
97200.0,XRay,NumQueue,0.0
97200.0,TraceDetection,TimeTotal,138.34507098819603
97200.0,TraceDetection,NumTotal,1.0
97200.0,TraceDetection,SystemResponseTime_Success,397.2327175866417
97200.0,TraceDetection,BusyServers,1.0
97200.0,TraceDetection,TimeQueue,78.56826518720773
97200.0,TraceDetection,TimeService,59.71229983613856
97200.0,TraceDetection,NumQueue,0.0
97200.0,CheckIn,TimeTotal,131.0350245364647
97200.0,CheckIn,NumTotal,8.0
97200.0,CheckIn,SystemResponseTime_Success,397.2327175866417
97200.0,CheckIn,BusyServers,8.0
97200.0,CheckIn,TimeQueue,11.464369717890236
97200.0,CheckIn,TimeService,119.55367299820097
97200.0,CheckIn,NumQueue,0.0
97200.0,Recupero,TimeTotal,120.2607713283582
97200.0,Recupero,NumTotal,18.0
97200.0,Recupero,SystemResponseTime_Success,397.2327175866417
97200.0,Recupero,BusyServers,18.0
97200.0,Recupero,TimeQueue,0.0
97200.0,Recupero,TimeService,120.2607713283582
97200.0,Recupero,NumQueue,0.0
97200.0,Varchi,TimeTotal,20.711346854697428
97200.0,Varchi,NumTotal,4.0
97200.0,Varchi,SystemResponseTime_Success,397.2327175866417
97200.0,Varchi,BusyServers,4.0
97200.0,Varchi,TimeQueue,1.8896972583448854
97200.0,Varchi,TimeService,18.82103873575513
97200.0,Varchi,NumQueue,0.0
97200.0,FastTrack,TimeTotal,88.72870117575087
97200.0,FastTrack,NumTotal,1.0
97200.0,FastTrack,SystemResponseTime_Success,397.2327175866417
97200.0,FastTrack,BusyServers,1.0
97200.0,FastTrack,TimeQueue,38.522359193769965
97200.0,FastTrack,TimeService,50.1798426736374
97200.0,FastTrack,NumQueue,0.0
97600.0,Recupero,TimeTotal,120.27917290580315
97600.0,Recupero,NumTotal,13.0
97600.0,Recupero,SystemResponseTime_Success,396.667043043679
97600.0,Recupero,BusyServers,13.0
97600.0,Recupero,TimeQueue,0.0
97600.0,Recupero,TimeService,120.27917290580315
97600.0,Recupero,NumQueue,0.0
97600.0,XRay,TimeTotal,203.18865977692641
97600.0,XRay,NumTotal,13.0
97600.0,XRay,SystemResponseTime_Success,396.667043043679
97600.0,XRay,BusyServers,6.0
97600.0,XRay,TimeQueue,151.95054658960547
97600.0,XRay,TimeService,51.17713169265303
97600.0,XRay,NumQueue,7.0
97600.0,FastTrack,TimeTotal,88.72924051520557
97600.0,FastTrack,NumTotal,3.0
97600.0,FastTrack,SystemResponseTime_Success,396.667043043679
97600.0,FastTrack,BusyServers,1.0
97600.0,FastTrack,TimeQueue,38.64607470820131
97600.0,FastTrack,TimeService,50.190646163284306
97600.0,FastTrack,NumQueue,2.0
97600.0,TraceDetection,TimeTotal,137.9797646827729
97600.0,TraceDetection,NumTotal,2.0
97600.0,TraceDetection,SystemResponseTime_Success,396.667043043679
97600.0,TraceDetection,BusyServers,1.0
97600.0,TraceDetection,TimeQueue,78.26673129734894
97600.0,TraceDetection,TimeService,59.66846847410077
97600.0,TraceDetection,NumQueue,1.0
97600.0,CheckIn,TimeTotal,131.03894654682014
97600.0,CheckIn,NumTotal,2.0
97600.0,CheckIn,SystemResponseTime_Success,396.667043043679
97600.0,CheckIn,BusyServers,2.0
97600.0,CheckIn,TimeQueue,11.4677815671821
97600.0,CheckIn,TimeService,119.56634354530216
97600.0,CheckIn,NumQueue,0.0
97600.0,Varchi,TimeTotal,20.711098017172148
97600.0,Varchi,NumTotal,3.0
97600.0,Varchi,SystemResponseTime_Success,396.667043043679
97600.0,Varchi,BusyServers,3.0
97600.0,Varchi,TimeQueue,1.8930763633080208
97600.0,Varchi,TimeService,18.817564793668723
97600.0,Varchi,NumQueue,0.0
98000.0,XRay,TimeTotal,202.62244758741573
98000.0,XRay,NumTotal,5.0
98000.0,XRay,SystemResponseTime_Success,396.202384521462
98000.0,XRay,BusyServers,5.0
98000.0,XRay,TimeQueue,151.39857996986063
98000.0,XRay,TimeService,51.161323788688286
98000.0,XRay,NumQueue,0.0
98000.0,FastTrack,TimeTotal,89.39474031158174
98000.0,FastTrack,NumTotal,2.0
98000.0,FastTrack,SystemResponseTime_Success,396.202384521462
98000.0,FastTrack,BusyServers,1.0
98000.0,FastTrack,TimeQueue,39.21110716853683
98000.0,FastTrack,TimeService,50.22870761186427
98000.0,FastTrack,NumQueue,1.0
98000.0,TraceDetection,TimeTotal,137.97295610572266
98000.0,TraceDetection,NumTotal,1.0
98000.0,TraceDetection,SystemResponseTime_Success,396.202384521462
98000.0,TraceDetection,BusyServers,1.0
98000.0,TraceDetection,TimeQueue,78.27355831501099
98000.0,TraceDetection,TimeService,59.69344682376072
98000.0,TraceDetection,NumQueue,0.0
98000.0,CheckIn,TimeTotal,131.02859541080812
98000.0,CheckIn,NumTotal,5.0
98000.0,CheckIn,SystemResponseTime_Success,396.202384521462
98000.0,CheckIn,BusyServers,5.0
98000.0,CheckIn,TimeQueue,11.424570332472182
98000.0,CheckIn,TimeService,119.59205465678023
98000.0,CheckIn,NumQueue,0.0
98000.0,Varchi,TimeTotal,20.7098580688888
98000.0,Varchi,NumTotal,5.0
98000.0,Varchi,SystemResponseTime_Success,396.202384521462
98000.0,Varchi,BusyServers,4.0
98000.0,Varchi,TimeQueue,1.889043437890735
98000.0,Varchi,TimeService,18.820209022778883
98000.0,Varchi,NumQueue,1.0
98000.0,Recupero,TimeTotal,120.29927489700533
98000.0,Recupero,NumTotal,13.0
98000.0,Recupero,SystemResponseTime_Success,396.202384521462
98000.0,Recupero,BusyServers,13.0
98000.0,Recupero,TimeQueue,0.0
98000.0,Recupero,TimeService,120.29927489700533
98000.0,Recupero,NumQueue,0.0
98400.0,XRay,TimeTotal,202.04759510995476
98400.0,XRay,NumTotal,6.0
98400.0,XRay,SystemResponseTime_Success,395.74146665830443
98400.0,XRay,BusyServers,6.0
98400.0,XRay,TimeQueue,150.80553508089315
98400.0,XRay,TimeService,51.16226485046837
98400.0,XRay,NumQueue,0.0
98400.0,FastTrack,TimeTotal,89.48334650518709
98400.0,FastTrack,NumTotal,0.0
98400.0,FastTrack,SystemResponseTime_Success,395.74146665830443
98400.0,FastTrack,BusyServers,0.0
98400.0,FastTrack,TimeQueue,39.25028106542184
98400.0,FastTrack,TimeService,50.23306543976524
98400.0,FastTrack,NumQueue,0.0
98400.0,TraceDetection,TimeTotal,137.74046985546798
98400.0,TraceDetection,NumTotal,1.0
98400.0,TraceDetection,SystemResponseTime_Success,395.74146665830443
98400.0,TraceDetection,BusyServers,1.0
98400.0,TraceDetection,TimeQueue,78.03817375771185
98400.0,TraceDetection,TimeService,59.63910729309417
98400.0,TraceDetection,NumQueue,0.0
98400.0,Varchi,TimeTotal,20.70326197822169
98400.0,Varchi,NumTotal,6.0
98400.0,Varchi,SystemResponseTime_Success,395.74146665830443
98400.0,Varchi,BusyServers,4.0
98400.0,Varchi,TimeQueue,1.884573400621668
98400.0,Varchi,TimeService,18.819071982818947
98400.0,Varchi,NumQueue,2.0
98400.0,CheckIn,TimeTotal,130.97897970436807
98400.0,CheckIn,NumTotal,5.0
98400.0,CheckIn,SystemResponseTime_Success,395.74146665830443
98400.0,CheckIn,BusyServers,5.0
98400.0,CheckIn,TimeQueue,11.379310358260971
98400.0,CheckIn,TimeService,119.58779363085083
98400.0,CheckIn,NumQueue,0.0
98400.0,Recupero,TimeTotal,120.32490810174603
98400.0,Recupero,NumTotal,14.0
98400.0,Recupero,SystemResponseTime_Success,395.74146665830443
98400.0,Recupero,BusyServers,14.0
98400.0,Recupero,TimeQueue,0.0
98400.0,Recupero,TimeService,120.32490810174603
98400.0,Recupero,NumQueue,0.0
98800.0,FastTrack,TimeTotal,89.42350261157058
98800.0,FastTrack,NumTotal,3.0
98800.0,FastTrack,SystemResponseTime_Success,395.24271307976665
98800.0,FastTrack,BusyServers,1.0
98800.0,FastTrack,TimeQueue,39.2073336012637
98800.0,FastTrack,TimeService,50.241753039459525
98800.0,FastTrack,NumQueue,2.0
98800.0,CheckIn,TimeTotal,130.93897355506152
98800.0,CheckIn,NumTotal,8.0
98800.0,CheckIn,SystemResponseTime_Success,395.24271307976665
98800.0,CheckIn,BusyServers,8.0
98800.0,CheckIn,TimeQueue,11.336762043668388
98800.0,CheckIn,TimeService,119.583340496755
98800.0,CheckIn,NumQueue,0.0
98800.0,XRay,TimeTotal,201.55121259731027
98800.0,XRay,NumTotal,3.0
98800.0,XRay,SystemResponseTime_Success,395.24271307976665
98800.0,XRay,BusyServers,3.0
98800.0,XRay,TimeQueue,150.3440125536592
98800.0,XRay,TimeService,51.16735974353146
98800.0,XRay,NumQueue,0.0
98800.0,Recupero,TimeTotal,120.3225397404891
98800.0,Recupero,NumTotal,15.0
98800.0,Recupero,SystemResponseTime_Success,395.24271307976665
98800.0,Recupero,BusyServers,15.0
98800.0,Recupero,TimeQueue,0.0
98800.0,Recupero,TimeService,120.3225397404891
98800.0,Recupero,NumQueue,0.0
98800.0,TraceDetection,TimeTotal,137.64703344368036
98800.0,TraceDetection,NumTotal,0.0
98800.0,TraceDetection,SystemResponseTime_Success,395.24271307976665
98800.0,TraceDetection,BusyServers,0.0
98800.0,TraceDetection,TimeQueue,77.96678420665552
98800.0,TraceDetection,TimeService,59.68024923702502
98800.0,TraceDetection,NumQueue,0.0
98800.0,Varchi,TimeTotal,20.703382677828063
98800.0,Varchi,NumTotal,1.0
98800.0,Varchi,SystemResponseTime_Success,395.24271307976665
98800.0,Varchi,BusyServers,1.0
98800.0,Varchi,TimeQueue,1.8828101733410627
98800.0,Varchi,TimeService,18.820422742303382
98800.0,Varchi,NumQueue,0.0
99200.0,FastTrack,TimeTotal,89.4395263680968
99200.0,FastTrack,NumTotal,2.0
99200.0,FastTrack,SystemResponseTime_Success,394.8407963926981
99200.0,FastTrack,BusyServers,1.0
99200.0,FastTrack,TimeQueue,39.18995319373019
99200.0,FastTrack,TimeService,50.21822121181161
99200.0,FastTrack,NumQueue,1.0
99200.0,Varchi,TimeTotal,20.704642441649064
99200.0,Varchi,NumTotal,2.0
99200.0,Varchi,SystemResponseTime_Success,394.8407963926981
99200.0,Varchi,BusyServers,2.0
99200.0,Varchi,TimeQueue,1.8858378656939074
99200.0,Varchi,TimeService,18.8185060421788
99200.0,Varchi,NumQueue,0.0
99200.0,XRay,TimeTotal,201.1249325467968
99200.0,XRay,NumTotal,22.0
99200.0,XRay,SystemResponseTime_Success,394.8407963926981
99200.0,XRay,BusyServers,6.0
99200.0,XRay,TimeQueue,149.91569412250024
99200.0,XRay,TimeService,51.16891285767863
99200.0,XRay,NumQueue,16.0
99200.0,CheckIn,TimeTotal,130.87358650045968
99200.0,CheckIn,NumTotal,4.0
99200.0,CheckIn,SystemResponseTime_Success,394.8407963926981
99200.0,CheckIn,BusyServers,4.0
99200.0,CheckIn,TimeQueue,11.323289349301042
99200.0,CheckIn,TimeService,119.54092356725988
99200.0,CheckIn,NumQueue,0.0
99200.0,TraceDetection,TimeTotal,137.5130589419284
99200.0,TraceDetection,NumTotal,3.0
99200.0,TraceDetection,SystemResponseTime_Success,394.8407963926981
99200.0,TraceDetection,BusyServers,1.0
99200.0,TraceDetection,TimeQueue,77.8650753979669
99200.0,TraceDetection,TimeService,59.66928335993769
99200.0,TraceDetection,NumQueue,2.0
99200.0,Recupero,TimeTotal,120.32255856606037
99200.0,Recupero,NumTotal,15.0
99200.0,Recupero,SystemResponseTime_Success,394.8407963926981
99200.0,Recupero,BusyServers,15.0
99200.0,Recupero,TimeQueue,0.0
99200.0,Recupero,TimeService,120.32255856606037
99200.0,Recupero,NumQueue,0.0
99600.0,TraceDetection,TimeTotal,137.72307920351204
99600.0,TraceDetection,NumTotal,2.0
99600.0,TraceDetection,SystemResponseTime_Success,394.6327365955148
99600.0,TraceDetection,BusyServers,1.0
99600.0,TraceDetection,TimeQueue,77.95574860359345
99600.0,TraceDetection,TimeService,59.70486605776847
99600.0,TraceDetection,NumQueue,1.0
99600.0,FastTrack,TimeTotal,89.29525542424369
99600.0,FastTrack,NumTotal,0.0
99600.0,FastTrack,SystemResponseTime_Success,394.6327365955148
99600.0,FastTrack,BusyServers,0.0
99600.0,FastTrack,TimeQueue,39.0884902678289
99600.0,FastTrack,TimeService,50.206765156414775
99600.0,FastTrack,NumQueue,0.0
99600.0,XRay,TimeTotal,200.99094816579844
99600.0,XRay,NumTotal,19.0
99600.0,XRay,SystemResponseTime_Success,394.6327365955148
99600.0,XRay,BusyServers,6.0
99600.0,XRay,TimeQueue,149.78345445609165
99600.0,XRay,TimeService,51.17952337981318
99600.0,XRay,NumQueue,13.0
99600.0,Varchi,TimeTotal,20.709551070553776
99600.0,Varchi,NumTotal,1.0
99600.0,Varchi,SystemResponseTime_Success,394.6327365955148
99600.0,Varchi,BusyServers,1.0
99600.0,Varchi,TimeQueue,1.8856380647420359
99600.0,Varchi,TimeService,18.823764296185253
99600.0,Varchi,NumQueue,0.0
99600.0,CheckIn,TimeTotal,130.85782515272263
99600.0,CheckIn,NumTotal,7.0
99600.0,CheckIn,SystemResponseTime_Success,394.6327365955148
99600.0,CheckIn,BusyServers,7.0
99600.0,CheckIn,TimeQueue,11.30726822540731
99600.0,CheckIn,TimeService,119.5458264798412
99600.0,CheckIn,NumQueue,0.0
99600.0,Recupero,TimeTotal,120.33152593547639
99600.0,Recupero,NumTotal,16.0
99600.0,Recupero,SystemResponseTime_Success,394.6327365955148
99600.0,Recupero,BusyServers,16.0
99600.0,Recupero,TimeQueue,0.0
99600.0,Recupero,TimeService,120.33152593547639
99600.0,Recupero,NumQueue,0.0
