Time,Center,Metric,Value
400.0,XRay,TimeTotal,82.82802775147317
400.0,XRay,NumTotal,24.0
400.0,XRay,SystemResponseTime_Success,221.28080983648246
400.0,XRay,BusyServers,6.0
400.0,XRay,TimeQueue,37.29207056271478
400.0,XRay,TimeService,52.251504604764
400.0,XRay,NumQueue,18.0
400.0,CheckIn,TimeTotal,102.9570163909202
400.0,CheckIn,NumTotal,6.0
400.0,CheckIn,SystemResponseTime_Success,221.28080983648246
400.0,CheckIn,BusyServers,6.0
400.0,CheckIn,TimeQueue,0.0
400.0,CheckIn,TimeService,102.9570163909202
400.0,CheckIn,NumQueue,0.0
400.0,TraceDetection,TimeTotal,33.70771344512315
400.0,TraceDetection,NumTotal,0.0
400.0,TraceDetection,SystemResponseTime_Success,221.28080983648246
400.0,TraceDetection,BusyServers,0.0
400.0,TraceDetection,TimeQueue,0.0
400.0,TraceDetection,TimeService,33.70771344512315
400.0,TraceDetection,NumQueue,0.0
400.0,Varchi,TimeTotal,18.005152155221207
400.0,Varchi,NumTotal,2.0
400.0,Varchi,SystemResponseTime_Success,221.28080983648246
400.0,Varchi,BusyServers,2.0
400.0,Varchi,TimeQueue,3.7059386089764326
400.0,Varchi,TimeService,14.339295574289023
400.0,Varchi,NumQueue,0.0
400.0,Recupero,TimeTotal,128.23603361896662
400.0,Recupero,NumTotal,14.0
400.0,Recupero,SystemResponseTime_Success,221.28080983648246
400.0,Recupero,BusyServers,14.0
400.0,Recupero,TimeQueue,0.0
400.0,Recupero,TimeService,128.23603361896662
400.0,Recupero,NumQueue,0.0
800.0,Varchi,TimeTotal,17.055770477556436
800.0,Varchi,NumTotal,3.0
800.0,Varchi,SystemResponseTime_Success,292.3413309462801
800.0,Varchi,BusyServers,2.0
800.0,Varchi,TimeQueue,3.070488802526029
800.0,Varchi,TimeService,13.929957552462373
800.0,Varchi,NumQueue,1.0
800.0,TraceDetection,TimeTotal,46.095379376887955
800.0,TraceDetection,NumTotal,0.0
800.0,TraceDetection,SystemResponseTime_Success,292.3413309462801
800.0,TraceDetection,BusyServers,0.0
800.0,TraceDetection,TimeQueue,0.0
800.0,TraceDetection,TimeService,46.095379376887955
800.0,TraceDetection,NumQueue,0.0
800.0,XRay,TimeTotal,137.35191329057358
800.0,XRay,NumTotal,29.0
800.0,XRay,SystemResponseTime_Success,292.3413309462801
800.0,XRay,BusyServers,6.0
800.0,XRay,TimeQueue,89.79553184505147
800.0,XRay,TimeService,53.38709955609431
800.0,XRay,NumQueue,23.0
800.0,Recupero,TimeTotal,125.16813113467597
800.0,Recupero,NumTotal,15.0
800.0,Recupero,SystemResponseTime_Success,292.3413309462801
800.0,Recupero,BusyServers,15.0
800.0,Recupero,TimeQueue,0.0
800.0,Recupero,TimeService,125.16813113467597
800.0,Recupero,NumQueue,0.0
800.0,CheckIn,TimeTotal,107.47030257951148
800.0,CheckIn,NumTotal,3.0
800.0,CheckIn,SystemResponseTime_Success,292.3413309462801
800.0,CheckIn,BusyServers,3.0
800.0,CheckIn,TimeQueue,0.8539548336545791
800.0,CheckIn,TimeService,106.55230113333282
800.0,CheckIn,NumQueue,0.0
1200.0,Recupero,TimeTotal,125.71022276956813
1200.0,Recupero,NumTotal,16.0
1200.0,Recupero,SystemResponseTime_Success,344.6747189150216
1200.0,Recupero,BusyServers,16.0
1200.0,Recupero,TimeQueue,0.0
1200.0,Recupero,TimeService,125.71022276956813
1200.0,Recupero,NumQueue,0.0
1200.0,CheckIn,TimeTotal,105.70621489077023
1200.0,CheckIn,NumTotal,2.0
1200.0,CheckIn,SystemResponseTime_Success,344.6747189150216
1200.0,CheckIn,BusyServers,2.0
1200.0,CheckIn,TimeQueue,0.6557153186990519
1200.0,CheckIn,TimeService,105.02621381952679
1200.0,CheckIn,NumQueue,0.0
1200.0,Varchi,TimeTotal,16.50398240944275
1200.0,Varchi,NumTotal,2.0
1200.0,Varchi,SystemResponseTime_Success,344.6747189150216
1200.0,Varchi,BusyServers,2.0
1200.0,Varchi,TimeQueue,2.884780333815571
1200.0,Varchi,TimeService,13.59245597773429
1200.0,Varchi,NumQueue,0.0
1200.0,XRay,TimeTotal,169.3254091684588
1200.0,XRay,NumTotal,31.0
1200.0,XRay,SystemResponseTime_Success,344.6747189150216
1200.0,XRay,BusyServers,5.0
1200.0,XRay,TimeQueue,122.24924209690721
1200.0,XRay,TimeService,51.09554162820345
1200.0,XRay,NumQueue,26.0
1200.0,TraceDetection,TimeTotal,58.23877024408472
1200.0,TraceDetection,NumTotal,0.0
1200.0,TraceDetection,SystemResponseTime_Success,344.6747189150216
1200.0,TraceDetection,BusyServers,0.0
1200.0,TraceDetection,TimeQueue,5.834913443347641
1200.0,TraceDetection,TimeService,52.40385680073708
1200.0,TraceDetection,NumQueue,0.0
1600.0,CheckIn,TimeTotal,106.09226830595625
1600.0,CheckIn,NumTotal,3.0
1600.0,CheckIn,SystemResponseTime_Success,366.5035655967812
1600.0,CheckIn,BusyServers,3.0
1600.0,CheckIn,TimeQueue,0.5100008034325959
1600.0,CheckIn,TimeService,105.56009355454835
1600.0,CheckIn,NumQueue,0.0
1600.0,Varchi,TimeTotal,16.79025200110849
1600.0,Varchi,NumTotal,1.0
1600.0,Varchi,SystemResponseTime_Success,366.5035655967812
1600.0,Varchi,BusyServers,1.0
1600.0,Varchi,TimeQueue,2.9332261969559634
1600.0,Varchi,TimeService,13.887110727363785
1600.0,Varchi,NumQueue,0.0
1600.0,XRay,TimeTotal,194.3064321312432
1600.0,XRay,NumTotal,36.0
1600.0,XRay,SystemResponseTime_Success,366.5035655967812
1600.0,XRay,BusyServers,6.0
1600.0,XRay,TimeQueue,146.01125179687259
1600.0,XRay,TimeService,50.9061744137829
1600.0,XRay,NumQueue,30.0
1600.0,Recupero,TimeTotal,125.37518191567032
1600.0,Recupero,NumTotal,13.0
1600.0,Recupero,SystemResponseTime_Success,366.5035655967812
1600.0,Recupero,BusyServers,13.0
1600.0,Recupero,TimeQueue,0.0
1600.0,Recupero,TimeService,125.37518191567032
1600.0,Recupero,NumQueue,0.0
1600.0,TraceDetection,TimeTotal,60.971332604327316
1600.0,TraceDetection,NumTotal,0.0
1600.0,TraceDetection,SystemResponseTime_Success,366.5035655967812
1600.0,TraceDetection,BusyServers,0.0
1600.0,TraceDetection,TimeQueue,4.37618508251073
1600.0,TraceDetection,TimeService,56.595147521816585
1600.0,TraceDetection,NumQueue,0.0
2000.0,CheckIn,TimeTotal,105.23511364418754
2000.0,CheckIn,NumTotal,7.0
2000.0,CheckIn,SystemResponseTime_Success,382.9263145526707
2000.0,CheckIn,BusyServers,7.0
2000.0,CheckIn,TimeQueue,1.1084597960303324
2000.0,CheckIn,TimeService,104.56429115042766
2000.0,CheckIn,NumQueue,0.0
2000.0,Varchi,TimeTotal,16.633281128345864
2000.0,Varchi,NumTotal,7.0
2000.0,Varchi,SystemResponseTime_Success,382.9263145526707
2000.0,Varchi,BusyServers,4.0
2000.0,Varchi,TimeQueue,2.948036168788888
2000.0,Varchi,TimeService,13.753893302098954
2000.0,Varchi,NumQueue,3.0
2000.0,XRay,TimeTotal,207.21147677290256
2000.0,XRay,NumTotal,33.0
2000.0,XRay,SystemResponseTime_Success,382.9263145526707
2000.0,XRay,BusyServers,6.0
2000.0,XRay,TimeQueue,157.9038709029926
2000.0,XRay,TimeService,50.058911983114896
2000.0,XRay,NumQueue,27.0
2000.0,TraceDetection,TimeTotal,70.18316019577354
2000.0,TraceDetection,NumTotal,2.0
2000.0,TraceDetection,SystemResponseTime_Success,382.9263145526707
2000.0,TraceDetection,BusyServers,1.0
2000.0,TraceDetection,TimeQueue,22.207388103893802
2000.0,TraceDetection,TimeService,52.91065219760976
2000.0,TraceDetection,NumQueue,1.0
2000.0,Recupero,TimeTotal,124.4919873529818
2000.0,Recupero,NumTotal,16.0
2000.0,Recupero,SystemResponseTime_Success,382.9263145526707
2000.0,Recupero,BusyServers,16.0
2000.0,Recupero,TimeQueue,0.0
2000.0,Recupero,TimeService,124.4919873529818
2000.0,Recupero,NumQueue,0.0
2400.0,CheckIn,TimeTotal,105.28048355505206
2400.0,CheckIn,NumTotal,6.0
2400.0,CheckIn,SystemResponseTime_Success,395.3312463116048
2400.0,CheckIn,BusyServers,6.0
2400.0,CheckIn,TimeQueue,1.1623607193729815
2400.0,CheckIn,TimeService,104.15697917113344
2400.0,CheckIn,NumQueue,0.0
2400.0,Varchi,TimeTotal,16.828587616201833
2400.0,Varchi,NumTotal,1.0
2400.0,Varchi,SystemResponseTime_Success,395.3312463116048
2400.0,Varchi,BusyServers,1.0
2400.0,Varchi,TimeQueue,3.1618078853272755
2400.0,Varchi,TimeService,13.65716937256049
2400.0,Varchi,NumQueue,0.0
2400.0,XRay,TimeTotal,217.04146719757594
2400.0,XRay,NumTotal,53.0
2400.0,XRay,SystemResponseTime_Success,395.3312463116048
2400.0,XRay,BusyServers,6.0
2400.0,XRay,TimeQueue,168.92542656318383
2400.0,XRay,TimeService,50.14424442365409
2400.0,XRay,NumQueue,47.0
2400.0,TraceDetection,TimeTotal,82.77973395795232
2400.0,TraceDetection,NumTotal,1.0
2400.0,TraceDetection,SystemResponseTime_Success,395.3312463116048
2400.0,TraceDetection,BusyServers,1.0
2400.0,TraceDetection,TimeQueue,26.521423741539095
2400.0,TraceDetection,TimeService,54.698226466910924
2400.0,TraceDetection,NumQueue,0.0
2400.0,Recupero,TimeTotal,126.33343004961478
2400.0,Recupero,NumTotal,12.0
2400.0,Recupero,SystemResponseTime_Success,395.3312463116048
2400.0,Recupero,BusyServers,12.0
2400.0,Recupero,TimeQueue,0.0
2400.0,Recupero,TimeService,126.33343004961478
2400.0,Recupero,NumQueue,0.0
2800.0,CheckIn,TimeTotal,104.51004956079343
2800.0,CheckIn,NumTotal,7.0
2800.0,CheckIn,SystemResponseTime_Success,418.56840215085793
2800.0,CheckIn,BusyServers,7.0
2800.0,CheckIn,TimeQueue,1.009641792740035
2800.0,CheckIn,TimeService,103.44604244075204
2800.0,CheckIn,NumQueue,0.0
2800.0,Varchi,TimeTotal,16.774492479843847
2800.0,Varchi,NumTotal,1.0
2800.0,Varchi,SystemResponseTime_Success,418.56840215085793
2800.0,Varchi,BusyServers,1.0
2800.0,Varchi,TimeQueue,3.09557626143708
2800.0,Varchi,TimeService,13.679017963942366
2800.0,Varchi,NumQueue,0.0
2800.0,XRay,TimeTotal,238.25948324361386
2800.0,XRay,NumTotal,45.0
2800.0,XRay,SystemResponseTime_Success,418.56840215085793
2800.0,XRay,BusyServers,6.0
2800.0,XRay,TimeQueue,190.90211720057613
2800.0,XRay,TimeService,50.62171348046017
2800.0,XRay,NumQueue,39.0
2800.0,TraceDetection,TimeTotal,78.51835569892746
2800.0,TraceDetection,NumTotal,0.0
2800.0,TraceDetection,SystemResponseTime_Success,418.56840215085793
2800.0,TraceDetection,BusyServers,0.0
2800.0,TraceDetection,TimeQueue,22.74162502592032
2800.0,TraceDetection,TimeService,55.77673067300715
2800.0,TraceDetection,NumQueue,0.0
2800.0,Recupero,TimeTotal,127.59059888225983
2800.0,Recupero,NumTotal,11.0
2800.0,Recupero,SystemResponseTime_Success,418.56840215085793
2800.0,Recupero,BusyServers,11.0
2800.0,Recupero,TimeQueue,0.0
2800.0,Recupero,TimeService,127.59059888225983
2800.0,Recupero,NumQueue,0.0
3200.0,CheckIn,TimeTotal,108.89846670842846
3200.0,CheckIn,NumTotal,3.0
3200.0,CheckIn,SystemResponseTime_Success,441.41760673512533
3200.0,CheckIn,BusyServers,3.0
3200.0,CheckIn,TimeQueue,4.287172454167857
3200.0,CheckIn,TimeService,104.64398654187471
3200.0,CheckIn,NumQueue,0.0
3200.0,Recupero,TimeTotal,126.48597782960118
3200.0,Recupero,NumTotal,16.0
3200.0,Recupero,SystemResponseTime_Success,441.41760673512533
3200.0,Recupero,BusyServers,16.0
3200.0,Recupero,TimeQueue,0.0
3200.0,Recupero,TimeService,126.48597782960118
3200.0,Recupero,NumQueue,0.0
3200.0,XRay,TimeTotal,260.3614686442329
3200.0,XRay,NumTotal,52.0
3200.0,XRay,SystemResponseTime_Success,441.41760673512533
3200.0,XRay,BusyServers,6.0
3200.0,XRay,TimeQueue,211.72276379035722
3200.0,XRay,TimeService,50.16897049430646
3200.0,XRay,NumQueue,46.0
3200.0,TraceDetection,TimeTotal,78.53498106817857
3200.0,TraceDetection,NumTotal,1.0
3200.0,TraceDetection,SystemResponseTime_Success,441.41760673512533
3200.0,TraceDetection,BusyServers,1.0
3200.0,TraceDetection,TimeQueue,20.922295023846697
3200.0,TraceDetection,TimeService,56.7409237516716
3200.0,TraceDetection,NumQueue,0.0
3200.0,Varchi,TimeTotal,16.85856264896969
3200.0,Varchi,NumTotal,0.0
3200.0,Varchi,SystemResponseTime_Success,441.41760673512533
3200.0,Varchi,BusyServers,0.0
3200.0,Varchi,TimeQueue,3.1313305451432867
3200.0,Varchi,TimeService,13.727232103826408
3200.0,Varchi,NumQueue,0.0
3600.0,CheckIn,TimeTotal,108.4268345507979
3600.0,CheckIn,NumTotal,3.0
3600.0,CheckIn,SystemResponseTime_Success,456.89394346636647
3600.0,CheckIn,BusyServers,3.0
3600.0,CheckIn,TimeQueue,3.8754101280613393
3600.0,CheckIn,TimeService,104.4846070067355
3600.0,CheckIn,NumQueue,0.0
3600.0,Varchi,TimeTotal,16.983471854835464
3600.0,Varchi,NumTotal,1.0
3600.0,Varchi,SystemResponseTime_Success,456.89394346636647
3600.0,Varchi,BusyServers,1.0
3600.0,Varchi,TimeQueue,3.2614393299506346
3600.0,Varchi,TimeService,13.739874840120924
3600.0,Varchi,NumQueue,0.0
3600.0,XRay,TimeTotal,272.39696321051395
3600.0,XRay,NumTotal,47.0
3600.0,XRay,SystemResponseTime_Success,456.89394346636647
3600.0,XRay,BusyServers,6.0
3600.0,XRay,TimeQueue,223.84544316671003
3600.0,XRay,TimeService,49.50675620961802
3600.0,XRay,NumQueue,41.0
3600.0,TraceDetection,TimeTotal,72.88401194751586
3600.0,TraceDetection,NumTotal,1.0
3600.0,TraceDetection,SystemResponseTime_Success,456.89394346636647
3600.0,TraceDetection,BusyServers,1.0
3600.0,TraceDetection,TimeQueue,17.909344754124522
3600.0,TraceDetection,TimeService,54.8475507200618
3600.0,TraceDetection,NumQueue,0.0
3600.0,Recupero,TimeTotal,126.06525628008323
3600.0,Recupero,NumTotal,14.0
3600.0,Recupero,SystemResponseTime_Success,456.89394346636647
3600.0,Recupero,BusyServers,14.0
3600.0,Recupero,TimeQueue,0.0
3600.0,Recupero,TimeService,126.06525628008323
3600.0,Recupero,NumQueue,0.0
4000.0,CheckIn,TimeTotal,110.35518762976591
4000.0,CheckIn,NumTotal,12.0
4000.0,CheckIn,SystemResponseTime_Success,465.3394893637465
4000.0,CheckIn,BusyServers,8.0
4000.0,CheckIn,TimeQueue,8.548470185124069
4000.0,CheckIn,TimeService,104.3237654321352
4000.0,CheckIn,NumQueue,4.0
4000.0,Varchi,TimeTotal,16.98663473422406
4000.0,Varchi,NumTotal,0.0
4000.0,Varchi,SystemResponseTime_Success,465.3394893637465
4000.0,Varchi,BusyServers,0.0
4000.0,Varchi,TimeQueue,3.2115854487851108
4000.0,Varchi,TimeService,13.775049285438964
4000.0,Varchi,NumQueue,0.0
4000.0,XRay,TimeTotal,282.1009118917862
4000.0,XRay,NumTotal,55.0
4000.0,XRay,SystemResponseTime_Success,465.3394893637465
4000.0,XRay,BusyServers,6.0
4000.0,XRay,TimeQueue,233.53939341216724
4000.0,XRay,TimeService,49.76503078852943
4000.0,XRay,NumQueue,49.0
4000.0,TraceDetection,TimeTotal,70.44690408633643
4000.0,TraceDetection,NumTotal,1.0
4000.0,TraceDetection,SystemResponseTime_Success,465.3394893637465
4000.0,TraceDetection,BusyServers,1.0
4000.0,TraceDetection,TimeQueue,16.914190519899517
4000.0,TraceDetection,TimeService,53.03523737467516
4000.0,TraceDetection,NumQueue,0.0
4000.0,Recupero,TimeTotal,125.75116186939634
4000.0,Recupero,NumTotal,15.0
4000.0,Recupero,SystemResponseTime_Success,465.3394893637465
4000.0,Recupero,BusyServers,15.0
4000.0,Recupero,TimeQueue,0.0
4000.0,Recupero,TimeService,125.75116186939634
4000.0,Recupero,NumQueue,0.0
4400.0,CheckIn,TimeTotal,116.88772341099762
4400.0,CheckIn,NumTotal,9.0
4400.0,CheckIn,SystemResponseTime_Success,476.7813468454649
4400.0,CheckIn,BusyServers,8.0
4400.0,CheckIn,TimeQueue,11.95577805322315
4400.0,CheckIn,TimeService,104.51543692420549
4400.0,CheckIn,NumQueue,1.0
4400.0,Varchi,TimeTotal,16.917795048623944
4400.0,Varchi,NumTotal,3.0
4400.0,Varchi,SystemResponseTime_Success,476.7813468454649
4400.0,Varchi,BusyServers,3.0
4400.0,Varchi,TimeQueue,3.2320120016330467
4400.0,Varchi,TimeService,13.66999367861699
4400.0,Varchi,NumQueue,0.0
4400.0,XRay,TimeTotal,293.969875689039
4400.0,XRay,NumTotal,74.0
4400.0,XRay,SystemResponseTime_Success,476.7813468454649
4400.0,XRay,BusyServers,6.0
4400.0,XRay,TimeQueue,246.0486546668755
4400.0,XRay,TimeService,49.913135675319694
4400.0,XRay,NumQueue,68.0
4400.0,TraceDetection,TimeTotal,70.46499378976992
4400.0,TraceDetection,NumTotal,0.0
4400.0,TraceDetection,SystemResponseTime_Success,476.7813468454649
4400.0,TraceDetection,BusyServers,0.0
4400.0,TraceDetection,TimeQueue,15.999909951256297
4400.0,TraceDetection,TimeService,54.465083838513614
4400.0,TraceDetection,NumQueue,0.0
4400.0,Recupero,TimeTotal,125.37373030493923
4400.0,Recupero,NumTotal,15.0
4400.0,Recupero,SystemResponseTime_Success,476.7813468454649
4400.0,Recupero,BusyServers,15.0
4400.0,Recupero,TimeQueue,0.0
4400.0,Recupero,TimeService,125.37373030493923
4400.0,Recupero,NumQueue,0.0
4800.0,CheckIn,TimeTotal,115.24527916757629
4800.0,CheckIn,NumTotal,5.0
4800.0,CheckIn,SystemResponseTime_Success,497.3850989718264
4800.0,CheckIn,BusyServers,5.0
4800.0,CheckIn,TimeQueue,11.282703786985374
4800.0,CheckIn,TimeService,103.7304209816817
4800.0,CheckIn,NumQueue,0.0
4800.0,Varchi,TimeTotal,16.786974556363475
4800.0,Varchi,NumTotal,1.0
4800.0,Varchi,SystemResponseTime_Success,497.3850989718264
4800.0,Varchi,BusyServers,1.0
4800.0,Varchi,TimeQueue,3.1427542934270085
4800.0,Varchi,TimeService,13.63937033347132
4800.0,Varchi,NumQueue,0.0
4800.0,XRay,TimeTotal,313.1224449102353
4800.0,XRay,NumTotal,81.0
4800.0,XRay,SystemResponseTime_Success,497.3850989718264
4800.0,XRay,BusyServers,6.0
4800.0,XRay,TimeQueue,265.88053147886666
4800.0,XRay,TimeService,50.029575770689455
4800.0,XRay,NumQueue,75.0
4800.0,TraceDetection,TimeTotal,69.39145744298227
4800.0,TraceDetection,NumTotal,0.0
4800.0,TraceDetection,SystemResponseTime_Success,497.3850989718264
4800.0,TraceDetection,BusyServers,0.0
4800.0,TraceDetection,TimeQueue,14.813056541690017
4800.0,TraceDetection,TimeService,54.578400901292255
4800.0,TraceDetection,NumQueue,0.0
4800.0,Recupero,TimeTotal,124.6836534157527
4800.0,Recupero,NumTotal,13.0
4800.0,Recupero,SystemResponseTime_Success,497.3850989718264
4800.0,Recupero,BusyServers,13.0
4800.0,Recupero,TimeQueue,0.0
4800.0,Recupero,TimeService,124.6836534157527
4800.0,Recupero,NumQueue,0.0
5200.0,TraceDetection,TimeTotal,70.07878952388718
5200.0,TraceDetection,NumTotal,1.0
5200.0,TraceDetection,SystemResponseTime_Success,520.4985286142113
5200.0,TraceDetection,BusyServers,1.0
5200.0,TraceDetection,TimeQueue,15.288674029259509
5200.0,TraceDetection,TimeService,54.45775301573072
5200.0,TraceDetection,NumQueue,0.0
5200.0,Recupero,TimeTotal,124.82536760798591
5200.0,Recupero,NumTotal,14.0
5200.0,Recupero,SystemResponseTime_Success,520.4985286142113
5200.0,Recupero,BusyServers,14.0
5200.0,Recupero,TimeQueue,0.0
5200.0,Recupero,TimeService,124.82536760798591
5200.0,Recupero,NumQueue,0.0
5200.0,XRay,TimeTotal,338.38858409105194
5200.0,XRay,NumTotal,85.0
5200.0,XRay,SystemResponseTime_Success,520.4985286142113
5200.0,XRay,BusyServers,6.0
5200.0,XRay,TimeQueue,291.5037460115343
5200.0,XRay,TimeService,50.02508237379551
5200.0,XRay,NumQueue,79.0
5200.0,CheckIn,TimeTotal,114.19459366465334
5200.0,CheckIn,NumTotal,6.0
5200.0,CheckIn,SystemResponseTime_Success,520.4985286142113
5200.0,CheckIn,BusyServers,6.0
5200.0,CheckIn,TimeQueue,10.59890355747111
5200.0,CheckIn,TimeService,103.34920397793867
5200.0,CheckIn,NumQueue,0.0
5200.0,Varchi,TimeTotal,16.86198594507594
5200.0,Varchi,NumTotal,0.0
5200.0,Varchi,SystemResponseTime_Success,520.4985286142113
5200.0,Varchi,BusyServers,0.0
5200.0,Varchi,TimeQueue,3.214263015104072
5200.0,Varchi,TimeService,13.647722929971883
5200.0,Varchi,NumQueue,0.0
5600.0,Varchi,TimeTotal,16.843877375058913
5600.0,Varchi,NumTotal,3.0
5600.0,Varchi,SystemResponseTime_Success,543.5294452291943
5600.0,Varchi,BusyServers,3.0
5600.0,Varchi,TimeQueue,3.1971578738068502
5600.0,Varchi,TimeService,13.648299071956579
5600.0,Varchi,NumQueue,0.0
5600.0,XRay,TimeTotal,361.94482427143555
5600.0,XRay,NumTotal,89.0
5600.0,XRay,SystemResponseTime_Success,543.5294452291943
5600.0,XRay,BusyServers,6.0
5600.0,XRay,TimeQueue,314.8451601316141
5600.0,XRay,TimeService,49.88798614233241
5600.0,XRay,NumQueue,83.0
5600.0,Recupero,TimeTotal,124.64883888778233
5600.0,Recupero,NumTotal,19.0
5600.0,Recupero,SystemResponseTime_Success,543.5294452291943
5600.0,Recupero,BusyServers,19.0
5600.0,Recupero,TimeQueue,0.0
5600.0,Recupero,TimeService,124.64883888778233
5600.0,Recupero,NumQueue,0.0
5600.0,TraceDetection,TimeTotal,69.7338988619671
5600.0,TraceDetection,NumTotal,0.0
5600.0,TraceDetection,SystemResponseTime_Success,543.5294452291943
5600.0,TraceDetection,BusyServers,0.0
5600.0,TraceDetection,TimeQueue,14.894281486534402
5600.0,TraceDetection,TimeService,54.8396173754327
5600.0,TraceDetection,NumQueue,0.0
5600.0,CheckIn,TimeTotal,114.31388062183119
5600.0,CheckIn,NumTotal,14.0
5600.0,CheckIn,SystemResponseTime_Success,543.5294452291943
5600.0,CheckIn,BusyServers,8.0
5600.0,CheckIn,TimeQueue,10.711749459107274
5600.0,CheckIn,TimeService,103.92282176421836
5600.0,CheckIn,NumQueue,6.0
6000.0,TraceDetection,TimeTotal,70.04922645712038
6000.0,TraceDetection,NumTotal,0.0
6000.0,TraceDetection,SystemResponseTime_Success,565.4870776737209
6000.0,TraceDetection,BusyServers,0.0
6000.0,TraceDetection,TimeQueue,14.310192016474229
6000.0,TraceDetection,TimeService,55.73903444064615
6000.0,TraceDetection,NumQueue,0.0
6000.0,XRay,TimeTotal,382.94816204366236
6000.0,XRay,NumTotal,114.0
6000.0,XRay,SystemResponseTime_Success,565.4870776737209
6000.0,XRay,BusyServers,6.0
6000.0,XRay,TimeQueue,335.54131669528084
6000.0,XRay,TimeService,50.04466513318745
6000.0,XRay,NumQueue,108.0
6000.0,CheckIn,TimeTotal,117.64156302687469
6000.0,CheckIn,NumTotal,4.0
6000.0,CheckIn,SystemResponseTime_Success,565.4870776737209
6000.0,CheckIn,BusyServers,4.0
6000.0,CheckIn,TimeQueue,13.354739161659824
6000.0,CheckIn,TimeService,104.4603179219296
6000.0,CheckIn,NumQueue,0.0
6000.0,Recupero,TimeTotal,124.69775596447595
6000.0,Recupero,NumTotal,15.0
6000.0,Recupero,SystemResponseTime_Success,565.4870776737209
6000.0,Recupero,BusyServers,15.0
6000.0,Recupero,TimeQueue,0.0
6000.0,Recupero,TimeService,124.69775596447595
6000.0,Recupero,NumQueue,0.0
6000.0,Varchi,TimeTotal,16.862468308801674
6000.0,Varchi,NumTotal,1.0
6000.0,Varchi,SystemResponseTime_Success,565.4870776737209
6000.0,Varchi,BusyServers,1.0
6000.0,Varchi,TimeQueue,3.2741048971770987
6000.0,Varchi,TimeService,13.602306704441842
6000.0,Varchi,NumQueue,0.0
6400.0,CheckIn,TimeTotal,116.81551403325281
6400.0,CheckIn,NumTotal,4.0
6400.0,CheckIn,SystemResponseTime_Success,587.8697134213709
6400.0,CheckIn,BusyServers,4.0
6400.0,CheckIn,TimeQueue,12.482916427070755
6400.0,CheckIn,TimeService,104.18265266411512
6400.0,CheckIn,NumQueue,0.0
6400.0,XRay,TimeTotal,404.07232065726413
6400.0,XRay,NumTotal,115.0
6400.0,XRay,SystemResponseTime_Success,587.8697134213709
6400.0,XRay,BusyServers,6.0
6400.0,XRay,TimeQueue,356.9548142148566
6400.0,XRay,TimeService,49.903274787853746
6400.0,XRay,NumQueue,109.0
6400.0,TraceDetection,TimeTotal,73.51212914468893
6400.0,TraceDetection,NumTotal,2.0
6400.0,TraceDetection,SystemResponseTime_Success,587.8697134213709
6400.0,TraceDetection,BusyServers,1.0
6400.0,TraceDetection,TimeQueue,18.511189297569835
6400.0,TraceDetection,TimeService,56.09897198219669
6400.0,TraceDetection,NumQueue,1.0
6400.0,Recupero,TimeTotal,124.89685017866232
6400.0,Recupero,NumTotal,13.0
6400.0,Recupero,SystemResponseTime_Success,587.8697134213709
6400.0,Recupero,BusyServers,13.0
6400.0,Recupero,TimeQueue,0.0
6400.0,Recupero,TimeService,124.89685017866232
6400.0,Recupero,NumQueue,0.0
6400.0,Varchi,TimeTotal,16.844890930814937
6400.0,Varchi,NumTotal,4.0
6400.0,Varchi,SystemResponseTime_Success,587.8697134213709
6400.0,Varchi,BusyServers,3.0
6400.0,Varchi,TimeQueue,3.231721912490139
6400.0,Varchi,TimeService,13.622931338521903
6400.0,Varchi,NumQueue,1.0
6800.0,CheckIn,TimeTotal,116.08784360931078
6800.0,CheckIn,NumTotal,3.0
6800.0,CheckIn,SystemResponseTime_Success,609.3903158611542
6800.0,CheckIn,BusyServers,3.0
6800.0,CheckIn,TimeQueue,12.121336813316038
6800.0,CheckIn,TimeService,103.86436069925333
6800.0,CheckIn,NumQueue,0.0
6800.0,Varchi,TimeTotal,16.858988879671585
6800.0,Varchi,NumTotal,2.0
6800.0,Varchi,SystemResponseTime_Success,609.3903158611542
6800.0,Varchi,BusyServers,2.0
6800.0,Varchi,TimeQueue,3.223804356952616
6800.0,Varchi,TimeService,13.628318059764881
6800.0,Varchi,NumQueue,0.0
6800.0,XRay,TimeTotal,428.67704058047764
6800.0,XRay,NumTotal,130.0
6800.0,XRay,SystemResponseTime_Success,609.3903158611542
6800.0,XRay,BusyServers,6.0
6800.0,XRay,TimeQueue,382.09955152989556
6800.0,XRay,TimeService,49.833241103512
6800.0,XRay,NumQueue,124.0
6800.0,TraceDetection,TimeTotal,76.00469058932003
6800.0,TraceDetection,NumTotal,0.0
6800.0,TraceDetection,SystemResponseTime_Success,609.3903158611542
6800.0,TraceDetection,BusyServers,0.0
6800.0,TraceDetection,TimeQueue,20.101712128281925
6800.0,TraceDetection,TimeService,55.9029784610381
6800.0,TraceDetection,NumQueue,0.0
6800.0,Recupero,TimeTotal,124.51877528807535
6800.0,Recupero,NumTotal,19.0
6800.0,Recupero,SystemResponseTime_Success,609.3903158611542
6800.0,Recupero,BusyServers,19.0
6800.0,Recupero,TimeQueue,0.0
6800.0,Recupero,TimeService,124.51877528807535
6800.0,Recupero,NumQueue,0.0
7200.0,CheckIn,TimeTotal,115.5179812333807
7200.0,CheckIn,NumTotal,2.0
7200.0,CheckIn,SystemResponseTime_Success,638.3575536380124
7200.0,CheckIn,BusyServers,2.0
7200.0,CheckIn,TimeQueue,11.63518694112422
7200.0,CheckIn,TimeService,103.82023952375582
7200.0,CheckIn,NumQueue,0.0
7200.0,Varchi,TimeTotal,16.799093247323956
7200.0,Varchi,NumTotal,1.0
7200.0,Varchi,SystemResponseTime_Success,638.3575536380124
7200.0,Varchi,BusyServers,1.0
7200.0,Varchi,TimeQueue,3.1863471965814916
7200.0,Varchi,TimeService,13.609507893022377
7200.0,Varchi,NumQueue,0.0
7200.0,XRay,TimeTotal,455.15825554757555
7200.0,XRay,NumTotal,128.0
7200.0,XRay,SystemResponseTime_Success,638.3575536380124
7200.0,XRay,BusyServers,6.0
7200.0,XRay,TimeQueue,408.62766032125677
7200.0,XRay,TimeService,49.952996947168096
7200.0,XRay,NumQueue,122.0
7200.0,TraceDetection,TimeTotal,77.08128884271325
7200.0,TraceDetection,NumTotal,0.0
7200.0,TraceDetection,SystemResponseTime_Success,638.3575536380124
7200.0,TraceDetection,BusyServers,0.0
7200.0,TraceDetection,TimeQueue,20.49803372793609
7200.0,TraceDetection,TimeService,56.58325511477716
7200.0,TraceDetection,NumQueue,0.0
7200.0,Recupero,TimeTotal,124.11125293639371
7200.0,Recupero,NumTotal,14.0
7200.0,Recupero,SystemResponseTime_Success,638.3575536380124
7200.0,Recupero,BusyServers,14.0
7200.0,Recupero,TimeQueue,0.0
7200.0,Recupero,TimeService,124.11125293639371
7200.0,Recupero,NumQueue,0.0
7600.0,CheckIn,TimeTotal,115.25506412355868
7600.0,CheckIn,NumTotal,6.0
7600.0,CheckIn,SystemResponseTime_Success,664.902956190667
7600.0,CheckIn,BusyServers,6.0
7600.0,CheckIn,TimeQueue,11.13625453586714
7600.0,CheckIn,TimeService,103.98159283863522
7600.0,CheckIn,NumQueue,0.0
7600.0,Varchi,TimeTotal,16.752453404692442
7600.0,Varchi,NumTotal,1.0
7600.0,Varchi,SystemResponseTime_Success,664.902956190667
7600.0,Varchi,BusyServers,1.0
7600.0,Varchi,TimeQueue,3.129123125868453
7600.0,Varchi,TimeService,13.620262511053536
7600.0,Varchi,NumQueue,0.0
7600.0,XRay,TimeTotal,483.63129691419016
7600.0,XRay,NumTotal,116.0
7600.0,XRay,SystemResponseTime_Success,664.902956190667
7600.0,XRay,BusyServers,6.0
7600.0,XRay,TimeQueue,437.21930518007986
7600.0,XRay,TimeService,49.91110256471625
7600.0,XRay,NumQueue,110.0
7600.0,TraceDetection,TimeTotal,76.77655203912192
7600.0,TraceDetection,NumTotal,5.0
7600.0,TraceDetection,SystemResponseTime_Success,664.902956190667
7600.0,TraceDetection,BusyServers,1.0
7600.0,TraceDetection,TimeQueue,21.394748361216077
7600.0,TraceDetection,TimeService,56.40492754872509
7600.0,TraceDetection,NumQueue,4.0
7600.0,Recupero,TimeTotal,123.93033015084931
7600.0,Recupero,NumTotal,11.0
7600.0,Recupero,SystemResponseTime_Success,664.902956190667
7600.0,Recupero,BusyServers,11.0
7600.0,Recupero,TimeQueue,0.0
7600.0,Recupero,TimeService,123.93033015084931
7600.0,Recupero,NumQueue,0.0
8000.0,CheckIn,TimeTotal,115.34304699378738
8000.0,CheckIn,NumTotal,4.0
8000.0,CheckIn,SystemResponseTime_Success,692.3178183313931
8000.0,CheckIn,BusyServers,4.0
8000.0,CheckIn,TimeQueue,10.898258339638652
8000.0,CheckIn,TimeService,104.33872287955376
8000.0,CheckIn,NumQueue,0.0
8000.0,Varchi,TimeTotal,16.772336610435953
8000.0,Varchi,NumTotal,2.0
8000.0,Varchi,SystemResponseTime_Success,692.3178183313931
8000.0,Varchi,BusyServers,2.0
8000.0,Varchi,TimeQueue,3.1593618666900274
8000.0,Varchi,TimeService,13.612143457018457
8000.0,Varchi,NumQueue,0.0
8000.0,XRay,TimeTotal,512.5663963201139
8000.0,XRay,NumTotal,126.0
8000.0,XRay,SystemResponseTime_Success,692.3178183313931
8000.0,XRay,BusyServers,6.0
8000.0,XRay,TimeQueue,466.05772697955445
8000.0,XRay,TimeService,49.97563639784435
8000.0,XRay,NumQueue,120.0
8000.0,TraceDetection,TimeTotal,88.10664516769235
8000.0,TraceDetection,NumTotal,2.0
8000.0,TraceDetection,SystemResponseTime_Success,692.3178183313931
8000.0,TraceDetection,BusyServers,1.0
8000.0,TraceDetection,TimeQueue,33.18630337015868
8000.0,TraceDetection,TimeService,57.17404285206659
8000.0,TraceDetection,NumQueue,1.0
8000.0,Recupero,TimeTotal,123.66965098562584
8000.0,Recupero,NumTotal,17.0
8000.0,Recupero,SystemResponseTime_Success,692.3178183313931
8000.0,Recupero,BusyServers,17.0
8000.0,Recupero,TimeQueue,0.0
8000.0,Recupero,TimeService,123.66965098562584
8000.0,Recupero,NumQueue,0.0
8400.0,CheckIn,TimeTotal,115.48061349289034
8400.0,CheckIn,NumTotal,11.0
8400.0,CheckIn,SystemResponseTime_Success,723.4023727043729
8400.0,CheckIn,BusyServers,8.0
8400.0,CheckIn,TimeQueue,11.658153781512807
8400.0,CheckIn,TimeService,104.37400821101922
8400.0,CheckIn,NumQueue,3.0
8400.0,Varchi,TimeTotal,16.78769608132622
8400.0,Varchi,NumTotal,5.0
8400.0,Varchi,SystemResponseTime_Success,723.4023727043729
8400.0,Varchi,BusyServers,4.0
8400.0,Varchi,TimeQueue,3.18601424667772
8400.0,Varchi,TimeService,13.645632455602907
8400.0,Varchi,NumQueue,1.0
8400.0,XRay,TimeTotal,539.3692068651916
8400.0,XRay,NumTotal,133.0
8400.0,XRay,SystemResponseTime_Success,723.4023727043729
8400.0,XRay,BusyServers,6.0
8400.0,XRay,TimeQueue,492.19770730274445
8400.0,XRay,TimeService,49.77369549932738
8400.0,XRay,NumQueue,127.0
8400.0,TraceDetection,TimeTotal,91.6011454344066
8400.0,TraceDetection,NumTotal,1.0
8400.0,TraceDetection,SystemResponseTime_Success,723.4023727043729
8400.0,TraceDetection,BusyServers,1.0
8400.0,TraceDetection,TimeQueue,34.214077089328605
8400.0,TraceDetection,TimeService,57.26467066871764
8400.0,TraceDetection,NumQueue,0.0
8400.0,Recupero,TimeTotal,123.71776357982169
8400.0,Recupero,NumTotal,14.0
8400.0,Recupero,SystemResponseTime_Success,723.4023727043729
8400.0,Recupero,BusyServers,14.0
8400.0,Recupero,TimeQueue,0.0
8400.0,Recupero,TimeService,123.71776357982169
8400.0,Recupero,NumQueue,0.0
8800.0,CheckIn,TimeTotal,116.63308837908151
8800.0,CheckIn,NumTotal,6.0
8800.0,CheckIn,SystemResponseTime_Success,744.0994815471255
8800.0,CheckIn,BusyServers,6.0
8800.0,CheckIn,TimeQueue,11.903176936323394
8800.0,CheckIn,TimeService,104.57397462699845
8800.0,CheckIn,NumQueue,0.0
8800.0,Varchi,TimeTotal,16.812183938153318
8800.0,Varchi,NumTotal,3.0
8800.0,Varchi,SystemResponseTime_Success,744.0994815471255
8800.0,Varchi,BusyServers,2.0
8800.0,Varchi,TimeQueue,3.1839970142055405
8800.0,Varchi,TimeService,13.631565688986619
8800.0,Varchi,NumQueue,1.0
8800.0,XRay,TimeTotal,558.3276908996447
8800.0,XRay,NumTotal,141.0
8800.0,XRay,SystemResponseTime_Success,744.0994815471255
8800.0,XRay,BusyServers,6.0
8800.0,XRay,TimeQueue,511.0316521513268
8800.0,XRay,TimeService,49.81700663777091
8800.0,XRay,NumQueue,135.0
8800.0,TraceDetection,TimeTotal,90.894482549843
8800.0,TraceDetection,NumTotal,0.0
8800.0,TraceDetection,SystemResponseTime_Success,744.0994815471255
8800.0,TraceDetection,BusyServers,0.0
8800.0,TraceDetection,TimeQueue,33.42754658152795
8800.0,TraceDetection,TimeService,57.466935968315056
8800.0,TraceDetection,NumQueue,0.0
8800.0,Recupero,TimeTotal,124.10535419210478
8800.0,Recupero,NumTotal,17.0
8800.0,Recupero,SystemResponseTime_Success,744.0994815471255
8800.0,Recupero,BusyServers,17.0
8800.0,Recupero,TimeQueue,0.0
8800.0,Recupero,TimeService,124.10535419210478
8800.0,Recupero,NumQueue,0.0
9200.0,CheckIn,TimeTotal,115.99006062318534
9200.0,CheckIn,NumTotal,7.0
9200.0,CheckIn,SystemResponseTime_Success,763.8049174480087
9200.0,CheckIn,BusyServers,7.0
9200.0,CheckIn,TimeQueue,11.437845631692849
9200.0,CheckIn,TimeService,104.39638168492164
9200.0,CheckIn,NumQueue,0.0
9200.0,Varchi,TimeTotal,16.836351230122805
9200.0,Varchi,NumTotal,3.0
9200.0,Varchi,SystemResponseTime_Success,763.8049174480087
9200.0,Varchi,BusyServers,2.0
9200.0,Varchi,TimeQueue,3.216050221030803
9200.0,Varchi,TimeService,13.615175829456868
9200.0,Varchi,NumQueue,1.0
9200.0,XRay,TimeTotal,579.0356422260913
9200.0,XRay,NumTotal,156.0
9200.0,XRay,SystemResponseTime_Success,763.8049174480087
9200.0,XRay,BusyServers,6.0
9200.0,XRay,TimeQueue,531.8249100712453
9200.0,XRay,TimeService,49.81576922517491
9200.0,XRay,NumQueue,150.0
9200.0,TraceDetection,TimeTotal,89.54129557401428
9200.0,TraceDetection,NumTotal,2.0
9200.0,TraceDetection,SystemResponseTime_Success,763.8049174480087
9200.0,TraceDetection,BusyServers,1.0
9200.0,TraceDetection,TimeQueue,32.35376682705611
9200.0,TraceDetection,TimeService,57.22800054520393
9200.0,TraceDetection,NumQueue,1.0
9200.0,Recupero,TimeTotal,123.87390434018621
9200.0,Recupero,NumTotal,12.0
9200.0,Recupero,SystemResponseTime_Success,763.8049174480087
9200.0,Recupero,BusyServers,12.0
9200.0,Recupero,TimeQueue,0.0
9200.0,Recupero,TimeService,123.87390434018621
9200.0,Recupero,NumQueue,0.0
9600.0,CheckIn,TimeTotal,115.45280472599296
9600.0,CheckIn,NumTotal,4.0
9600.0,CheckIn,SystemResponseTime_Success,783.5006856426057
9600.0,CheckIn,BusyServers,4.0
9600.0,CheckIn,TimeQueue,11.08408193942978
9600.0,CheckIn,TimeService,104.28040340855975
9600.0,CheckIn,NumQueue,0.0
9600.0,Varchi,TimeTotal,16.842110693192808
9600.0,Varchi,NumTotal,1.0
9600.0,Varchi,SystemResponseTime_Success,783.5006856426057
9600.0,Varchi,BusyServers,1.0
9600.0,Varchi,TimeQueue,3.2130218420120755
9600.0,Varchi,TimeService,13.632884572280853
9600.0,Varchi,NumQueue,0.0
9600.0,XRay,TimeTotal,599.336292713004
9600.0,XRay,NumTotal,163.0
9600.0,XRay,SystemResponseTime_Success,783.5006856426057
9600.0,XRay,BusyServers,6.0
9600.0,XRay,TimeQueue,552.2709083241581
9600.0,XRay,TimeService,49.936658718320885
9600.0,XRay,NumQueue,157.0
9600.0,TraceDetection,TimeTotal,90.78782822217393
9600.0,TraceDetection,NumTotal,0.0
9600.0,TraceDetection,SystemResponseTime_Success,783.5006856426057
9600.0,TraceDetection,BusyServers,0.0
9600.0,TraceDetection,TimeQueue,33.98627837957406
9600.0,TraceDetection,TimeService,56.80154984259986
9600.0,TraceDetection,NumQueue,0.0
9600.0,Recupero,TimeTotal,123.75382840009006
9600.0,Recupero,NumTotal,17.0
9600.0,Recupero,SystemResponseTime_Success,783.5006856426057
9600.0,Recupero,BusyServers,17.0
9600.0,Recupero,TimeQueue,0.0
9600.0,Recupero,TimeService,123.75382840009006
9600.0,Recupero,NumQueue,0.0
10000.0,CheckIn,TimeTotal,115.77280093833215
10000.0,CheckIn,NumTotal,3.0
10000.0,CheckIn,SystemResponseTime_Success,808.2375576293276
10000.0,CheckIn,BusyServers,3.0
10000.0,CheckIn,TimeQueue,11.086399105159513
10000.0,CheckIn,TimeService,104.64392553953276
10000.0,CheckIn,NumQueue,0.0
10000.0,Varchi,TimeTotal,16.82121455501254
10000.0,Varchi,NumTotal,0.0
10000.0,Varchi,SystemResponseTime_Success,808.2375576293276
10000.0,Varchi,BusyServers,0.0
10000.0,Varchi,TimeQueue,3.2029031129726317
10000.0,Varchi,TimeService,13.618311442039888
10000.0,Varchi,NumQueue,0.0
10000.0,XRay,TimeTotal,622.8233705570453
10000.0,XRay,NumTotal,172.0
10000.0,XRay,SystemResponseTime_Success,808.2375576293276
10000.0,XRay,BusyServers,6.0
10000.0,XRay,TimeQueue,575.9063103619936
10000.0,XRay,TimeService,49.90508059544711
10000.0,XRay,NumQueue,166.0
10000.0,TraceDetection,TimeTotal,91.62324763034049
10000.0,TraceDetection,NumTotal,0.0
10000.0,TraceDetection,SystemResponseTime_Success,808.2375576293276
10000.0,TraceDetection,BusyServers,0.0
10000.0,TraceDetection,TimeQueue,34.4003636814334
10000.0,TraceDetection,TimeService,57.22288394890707
10000.0,TraceDetection,NumQueue,0.0
10000.0,Recupero,TimeTotal,123.92788939512202
10000.0,Recupero,NumTotal,16.0
10000.0,Recupero,SystemResponseTime_Success,808.2375576293276
10000.0,Recupero,BusyServers,16.0
10000.0,Recupero,TimeQueue,0.0
10000.0,Recupero,TimeService,123.92788939512202
10000.0,Recupero,NumQueue,0.0
10400.0,TraceDetection,TimeTotal,90.77760588148803
10400.0,TraceDetection,NumTotal,0.0
10400.0,TraceDetection,SystemResponseTime_Success,831.6120517257378
10400.0,TraceDetection,BusyServers,0.0
10400.0,TraceDetection,TimeQueue,33.73881822602122
10400.0,TraceDetection,TimeService,57.0387876554668
10400.0,TraceDetection,NumQueue,0.0
10400.0,Recupero,TimeTotal,124.14631382610823
10400.0,Recupero,NumTotal,16.0
10400.0,Recupero,SystemResponseTime_Success,831.6120517257378
10400.0,Recupero,BusyServers,16.0
10400.0,Recupero,TimeQueue,0.0
10400.0,Recupero,TimeService,124.14631382610823
10400.0,Recupero,NumQueue,0.0
10400.0,XRay,TimeTotal,646.4956790180727
10400.0,XRay,NumTotal,168.0
10400.0,XRay,SystemResponseTime_Success,831.6120517257378
10400.0,XRay,BusyServers,6.0
10400.0,XRay,TimeQueue,599.6444074730276
10400.0,XRay,TimeService,49.959166293385195
10400.0,XRay,NumQueue,162.0
10400.0,Varchi,TimeTotal,16.761341791394226
10400.0,Varchi,NumTotal,1.0
10400.0,Varchi,SystemResponseTime_Success,831.6120517257378
10400.0,Varchi,BusyServers,1.0
10400.0,Varchi,TimeQueue,3.1579545198069385
10400.0,Varchi,TimeService,13.601142812084916
10400.0,Varchi,NumQueue,0.0
10400.0,CheckIn,TimeTotal,115.68683652876784
10400.0,CheckIn,NumTotal,7.0
10400.0,CheckIn,SystemResponseTime_Success,831.6120517257378
10400.0,CheckIn,BusyServers,7.0
10400.0,CheckIn,TimeQueue,10.819009145294814
10400.0,CheckIn,TimeService,104.7254719999823
10400.0,CheckIn,NumQueue,0.0
10800.0,TraceDetection,TimeTotal,90.4732897088122
10800.0,TraceDetection,NumTotal,1.0
10800.0,TraceDetection,SystemResponseTime_Success,859.1673161220133
10800.0,TraceDetection,BusyServers,1.0
10800.0,TraceDetection,TimeQueue,33.10223675005856
10800.0,TraceDetection,TimeService,57.05579356113403
10800.0,TraceDetection,NumQueue,0.0
10800.0,XRay,TimeTotal,672.8066254511366
10800.0,XRay,NumTotal,166.0
10800.0,XRay,SystemResponseTime_Success,859.1673161220133
10800.0,XRay,BusyServers,6.0
10800.0,XRay,TimeQueue,625.9562469589758
10800.0,XRay,TimeService,49.82988185516462
10800.0,XRay,NumQueue,160.0
10800.0,Varchi,TimeTotal,16.765544883996455
10800.0,Varchi,NumTotal,1.0
10800.0,Varchi,SystemResponseTime_Success,859.1673161220133
10800.0,Varchi,BusyServers,1.0
10800.0,Varchi,TimeQueue,3.152133327711168
10800.0,Varchi,TimeService,13.615080028252205
10800.0,Varchi,NumQueue,0.0
10800.0,CheckIn,TimeTotal,115.05621203097836
10800.0,CheckIn,NumTotal,5.0
10800.0,CheckIn,SystemResponseTime_Success,859.1673161220133
10800.0,CheckIn,BusyServers,5.0
10800.0,CheckIn,TimeQueue,10.526075684682137
10800.0,CheckIn,TimeService,104.4342704475286
10800.0,CheckIn,NumQueue,0.0
10800.0,Recupero,TimeTotal,124.01496187257895
10800.0,Recupero,NumTotal,13.0
10800.0,Recupero,SystemResponseTime_Success,859.1673161220133
10800.0,Recupero,BusyServers,13.0
10800.0,Recupero,TimeQueue,0.0
10800.0,Recupero,TimeService,124.01496187257895
10800.0,Recupero,NumQueue,0.0
11200.0,Varchi,TimeTotal,16.750765397081064
11200.0,Varchi,NumTotal,3.0
11200.0,Varchi,SystemResponseTime_Success,879.8092630953222
11200.0,Varchi,BusyServers,3.0
11200.0,Varchi,TimeQueue,3.1454038799948383
11200.0,Varchi,TimeService,13.609972992517541
11200.0,Varchi,NumQueue,0.0
11200.0,XRay,TimeTotal,695.145196174884
11200.0,XRay,NumTotal,169.0
11200.0,XRay,SystemResponseTime_Success,879.8092630953222
11200.0,XRay,BusyServers,6.0
11200.0,XRay,TimeQueue,648.2798119580726
11200.0,XRay,TimeService,49.85750964934466
11200.0,XRay,NumQueue,163.0
11200.0,CheckIn,TimeTotal,114.92937013640714
11200.0,CheckIn,NumTotal,5.0
11200.0,CheckIn,SystemResponseTime_Success,879.8092630953222
11200.0,CheckIn,BusyServers,5.0
11200.0,CheckIn,TimeQueue,10.134400628862359
11200.0,CheckIn,TimeService,104.72351273860612
11200.0,CheckIn,NumQueue,0.0
11200.0,Recupero,TimeTotal,124.02965205273092
11200.0,Recupero,NumTotal,15.0
11200.0,Recupero,SystemResponseTime_Success,879.8092630953222
11200.0,Recupero,BusyServers,15.0
11200.0,Recupero,TimeQueue,0.0
11200.0,Recupero,TimeService,124.02965205273092
11200.0,Recupero,NumQueue,0.0
11200.0,TraceDetection,TimeTotal,89.87189535689382
11200.0,TraceDetection,NumTotal,0.0
11200.0,TraceDetection,SystemResponseTime_Success,879.8092630953222
11200.0,TraceDetection,BusyServers,0.0
11200.0,TraceDetection,TimeQueue,32.72831416023769
11200.0,TraceDetection,TimeService,57.143581196656115
11200.0,TraceDetection,NumQueue,0.0
11600.0,CheckIn,TimeTotal,114.7940662181344
11600.0,CheckIn,NumTotal,3.0
11600.0,CheckIn,SystemResponseTime_Success,904.4427512375971
11600.0,CheckIn,BusyServers,3.0
11600.0,CheckIn,TimeQueue,9.982948806759417
11600.0,CheckIn,TimeService,104.76069847800757
11600.0,CheckIn,NumQueue,0.0
11600.0,Varchi,TimeTotal,16.798781852993464
11600.0,Varchi,NumTotal,0.0
11600.0,Varchi,SystemResponseTime_Success,904.4427512375971
11600.0,Varchi,BusyServers,0.0
11600.0,Varchi,TimeQueue,3.186978037980454
11600.0,Varchi,TimeService,13.611803815012982
11600.0,Varchi,NumQueue,0.0
11600.0,XRay,TimeTotal,719.6973158093489
11600.0,XRay,NumTotal,175.0
11600.0,XRay,SystemResponseTime_Success,904.4427512375971
11600.0,XRay,BusyServers,6.0
11600.0,XRay,TimeQueue,672.6559462773841
11600.0,XRay,TimeService,49.92324442713754
11600.0,XRay,NumQueue,169.0
11600.0,TraceDetection,TimeTotal,89.70270763648989
11600.0,TraceDetection,NumTotal,0.0
11600.0,TraceDetection,SystemResponseTime_Success,904.4427512375971
11600.0,TraceDetection,BusyServers,0.0
11600.0,TraceDetection,TimeQueue,32.463001680810244
11600.0,TraceDetection,TimeService,57.23970595567964
11600.0,TraceDetection,NumQueue,0.0
11600.0,Recupero,TimeTotal,123.70967551588137
11600.0,Recupero,NumTotal,15.0
11600.0,Recupero,SystemResponseTime_Success,904.4427512375971
11600.0,Recupero,BusyServers,15.0
11600.0,Recupero,TimeQueue,0.0
11600.0,Recupero,TimeService,123.70967551588137
11600.0,Recupero,NumQueue,0.0
12000.0,CheckIn,TimeTotal,114.26263758347622
12000.0,CheckIn,NumTotal,5.0
12000.0,CheckIn,SystemResponseTime_Success,925.498406929262
12000.0,CheckIn,BusyServers,5.0
12000.0,CheckIn,TimeQueue,9.690764939244506
12000.0,CheckIn,TimeService,104.49244014472971
12000.0,CheckIn,NumQueue,0.0
12000.0,XRay,TimeTotal,740.5209241713784
12000.0,XRay,NumTotal,169.0
12000.0,XRay,SystemResponseTime_Success,925.498406929262
12000.0,XRay,BusyServers,6.0
12000.0,XRay,TimeQueue,693.3313589116735
12000.0,XRay,TimeService,49.96003433121688
12000.0,XRay,NumQueue,163.0
12000.0,Recupero,TimeTotal,123.98380363697596
12000.0,Recupero,NumTotal,14.0
12000.0,Recupero,SystemResponseTime_Success,925.498406929262
12000.0,Recupero,BusyServers,14.0
12000.0,Recupero,TimeQueue,0.0
12000.0,Recupero,TimeService,123.98380363697596
12000.0,Recupero,NumQueue,0.0
12000.0,Varchi,TimeTotal,16.757268494441767
12000.0,Varchi,NumTotal,3.0
12000.0,Varchi,SystemResponseTime_Success,925.498406929262
12000.0,Varchi,BusyServers,2.0
12000.0,Varchi,TimeQueue,3.143584721786868
12000.0,Varchi,TimeService,13.60975429175264
12000.0,Varchi,NumQueue,1.0
12000.0,TraceDetection,TimeTotal,88.72698528775858
12000.0,TraceDetection,NumTotal,1.0
12000.0,TraceDetection,SystemResponseTime_Success,925.498406929262
12000.0,TraceDetection,BusyServers,1.0
12000.0,TraceDetection,TimeQueue,31.581379435693133
12000.0,TraceDetection,TimeService,57.364424341891045
12000.0,TraceDetection,NumQueue,0.0
12400.0,XRay,TimeTotal,761.7508750687226
12400.0,XRay,NumTotal,174.0
12400.0,XRay,SystemResponseTime_Success,946.9193371011006
12400.0,XRay,BusyServers,6.0
12400.0,XRay,TimeQueue,714.454872809813
12400.0,XRay,TimeService,50.02238950512665
12400.0,XRay,NumQueue,168.0
12400.0,CheckIn,TimeTotal,114.19225600148359
12400.0,CheckIn,NumTotal,6.0
12400.0,CheckIn,SystemResponseTime_Success,946.9193371011006
12400.0,CheckIn,BusyServers,6.0
12400.0,CheckIn,TimeQueue,9.517488661051274
12400.0,CheckIn,TimeService,104.6842096126073
12400.0,CheckIn,NumQueue,0.0
12400.0,Varchi,TimeTotal,16.748050881424035
12400.0,Varchi,NumTotal,1.0
12400.0,Varchi,SystemResponseTime_Success,946.9193371011006
12400.0,Varchi,BusyServers,1.0
12400.0,Varchi,TimeQueue,3.1492513463733665
12400.0,Varchi,TimeService,13.601423653212878
12400.0,Varchi,NumQueue,0.0
12400.0,TraceDetection,TimeTotal,88.91004589007046
12400.0,TraceDetection,NumTotal,2.0
12400.0,TraceDetection,SystemResponseTime_Success,946.9193371011006
12400.0,TraceDetection,BusyServers,1.0
12400.0,TraceDetection,TimeQueue,31.70965149254051
12400.0,TraceDetection,TimeService,57.6453496896879
12400.0,TraceDetection,NumQueue,1.0
12400.0,Recupero,TimeTotal,123.89439606413505
12400.0,Recupero,NumTotal,12.0
12400.0,Recupero,SystemResponseTime_Success,946.9193371011006
12400.0,Recupero,BusyServers,12.0
12400.0,Recupero,TimeQueue,0.0
12400.0,Recupero,TimeService,123.89439606413505
12400.0,Recupero,NumQueue,0.0
12800.0,Varchi,TimeTotal,16.735949764448375
12800.0,Varchi,NumTotal,0.0
12800.0,Varchi,SystemResponseTime_Success,968.6637267982009
12800.0,Varchi,BusyServers,0.0
12800.0,Varchi,TimeQueue,3.1561601235203045
12800.0,Varchi,TimeService,13.57978964092804
12800.0,Varchi,NumQueue,0.0
12800.0,CheckIn,TimeTotal,114.05034093369072
12800.0,CheckIn,NumTotal,4.0
12800.0,CheckIn,SystemResponseTime_Success,968.6637267982009
12800.0,CheckIn,BusyServers,4.0
12800.0,CheckIn,TimeQueue,9.25673554704987
12800.0,CheckIn,TimeService,104.73690256552565
12800.0,CheckIn,NumQueue,0.0
12800.0,TraceDetection,TimeTotal,90.55020168846578
12800.0,TraceDetection,NumTotal,0.0
12800.0,TraceDetection,SystemResponseTime_Success,968.6637267982009
12800.0,TraceDetection,BusyServers,0.0
12800.0,TraceDetection,TimeQueue,32.61679746020455
12800.0,TraceDetection,TimeService,57.93340422826121
12800.0,TraceDetection,NumQueue,0.0
12800.0,XRay,TimeTotal,784.0622092236674
12800.0,XRay,NumTotal,178.0
12800.0,XRay,SystemResponseTime_Success,968.6637267982009
12800.0,XRay,BusyServers,6.0
12800.0,XRay,TimeQueue,736.7310045498375
12800.0,XRay,TimeService,50.01269899299613
12800.0,XRay,NumQueue,172.0
12800.0,Recupero,TimeTotal,123.8535891717197
12800.0,Recupero,NumTotal,15.0
12800.0,Recupero,SystemResponseTime_Success,968.6637267982009
12800.0,Recupero,BusyServers,15.0
12800.0,Recupero,TimeQueue,0.0
12800.0,Recupero,TimeService,123.8535891717197
12800.0,Recupero,NumQueue,0.0
13200.0,CheckIn,TimeTotal,113.86644011159804
13200.0,CheckIn,NumTotal,1.0
13200.0,CheckIn,SystemResponseTime_Success,988.6986700437303
13200.0,CheckIn,BusyServers,1.0
13200.0,CheckIn,TimeQueue,9.077127245390693
13200.0,CheckIn,TimeService,104.77574466404678
13200.0,CheckIn,NumQueue,0.0
13200.0,Varchi,TimeTotal,16.708906439656605
13200.0,Varchi,NumTotal,3.0
13200.0,Varchi,SystemResponseTime_Success,988.6986700437303
13200.0,Varchi,BusyServers,2.0
13200.0,Varchi,TimeQueue,3.133336315993964
13200.0,Varchi,TimeService,13.571995296148634
13200.0,Varchi,NumQueue,1.0
13200.0,XRay,TimeTotal,805.1457899931651
13200.0,XRay,NumTotal,178.0
13200.0,XRay,SystemResponseTime_Success,988.6986700437303
13200.0,XRay,BusyServers,6.0
13200.0,XRay,TimeQueue,757.5450251154472
13200.0,XRay,TimeService,49.988007448449885
13200.0,XRay,NumQueue,172.0
13200.0,TraceDetection,TimeTotal,91.04467900445322
13200.0,TraceDetection,NumTotal,4.0
13200.0,TraceDetection,SystemResponseTime_Success,988.6986700437303
13200.0,TraceDetection,BusyServers,1.0
13200.0,TraceDetection,TimeQueue,33.46003777488881
13200.0,TraceDetection,TimeService,58.04015560718777
13200.0,TraceDetection,NumQueue,3.0
13200.0,Recupero,TimeTotal,123.69813468659052
13200.0,Recupero,NumTotal,15.0
13200.0,Recupero,SystemResponseTime_Success,988.6986700437303
13200.0,Recupero,BusyServers,15.0
13200.0,Recupero,TimeQueue,0.0
13200.0,Recupero,TimeService,123.69813468659052
13200.0,Recupero,NumQueue,0.0
13600.0,CheckIn,TimeTotal,113.80122477080158
13600.0,CheckIn,NumTotal,6.0
13600.0,CheckIn,SystemResponseTime_Success,1009.3444553072676
13600.0,CheckIn,BusyServers,6.0
13600.0,CheckIn,TimeQueue,9.014525829489726
13600.0,CheckIn,TimeService,104.7084252003901
13600.0,CheckIn,NumQueue,0.0
13600.0,Varchi,TimeTotal,16.6909516488493
13600.0,Varchi,NumTotal,1.0
13600.0,Varchi,SystemResponseTime_Success,1009.3444553072676
13600.0,Varchi,BusyServers,1.0
13600.0,Varchi,TimeQueue,3.12162146687886
13600.0,Varchi,TimeService,13.574776142404117
13600.0,Varchi,NumQueue,0.0
13600.0,XRay,TimeTotal,824.7402049861811
13600.0,XRay,NumTotal,181.0
13600.0,XRay,SystemResponseTime_Success,1009.3444553072676
13600.0,XRay,BusyServers,6.0
13600.0,XRay,TimeQueue,776.9928580243221
13600.0,XRay,TimeService,49.90325560121555
13600.0,XRay,NumQueue,175.0
13600.0,TraceDetection,TimeTotal,94.83235804326505
13600.0,TraceDetection,NumTotal,0.0
13600.0,TraceDetection,SystemResponseTime_Success,1009.3444553072676
13600.0,TraceDetection,BusyServers,0.0
13600.0,TraceDetection,TimeQueue,36.54769054453585
13600.0,TraceDetection,TimeService,58.28466749872919
13600.0,TraceDetection,NumQueue,0.0
13600.0,Recupero,TimeTotal,123.90871544406991
13600.0,Recupero,NumTotal,19.0
13600.0,Recupero,SystemResponseTime_Success,1009.3444553072676
13600.0,Recupero,BusyServers,19.0
13600.0,Recupero,TimeQueue,0.0
13600.0,Recupero,TimeService,123.90871544406991
13600.0,Recupero,NumQueue,0.0
14000.0,CheckIn,TimeTotal,113.34155174114296
14000.0,CheckIn,NumTotal,5.0
14000.0,CheckIn,SystemResponseTime_Success,1029.171116346156
14000.0,CheckIn,BusyServers,5.0
14000.0,CheckIn,TimeQueue,8.775313551891534
14000.0,CheckIn,TimeService,104.50452712348567
14000.0,CheckIn,NumQueue,0.0
14000.0,Varchi,TimeTotal,16.665771371724468
14000.0,Varchi,NumTotal,4.0
14000.0,Varchi,SystemResponseTime_Success,1029.171116346156
14000.0,Varchi,BusyServers,4.0
14000.0,Varchi,TimeQueue,3.10157646901849
14000.0,Varchi,TimeService,13.568975840538378
14000.0,Varchi,NumQueue,0.0
14000.0,XRay,TimeTotal,842.511336985179
14000.0,XRay,NumTotal,174.0
14000.0,XRay,SystemResponseTime_Success,1029.171116346156
14000.0,XRay,BusyServers,6.0
14000.0,XRay,TimeQueue,794.7598899174031
14000.0,XRay,TimeService,49.86138592366591
14000.0,XRay,NumQueue,168.0
14000.0,TraceDetection,TimeTotal,94.17458941316521
14000.0,TraceDetection,NumTotal,0.0
14000.0,TraceDetection,SystemResponseTime_Success,1029.171116346156
14000.0,TraceDetection,BusyServers,0.0
14000.0,TraceDetection,TimeQueue,35.78805075324045
14000.0,TraceDetection,TimeService,58.386538659924746
14000.0,TraceDetection,NumQueue,0.0
14000.0,Recupero,TimeTotal,124.00850215784465
14000.0,Recupero,NumTotal,14.0
14000.0,Recupero,SystemResponseTime_Success,1029.171116346156
14000.0,Recupero,BusyServers,14.0
14000.0,Recupero,TimeQueue,0.0
14000.0,Recupero,TimeService,124.00850215784465
14000.0,Recupero,NumQueue,0.0
14400.0,CheckIn,TimeTotal,113.17752255400954
14400.0,CheckIn,NumTotal,3.0
14400.0,CheckIn,SystemResponseTime_Success,1044.0934740399975
14400.0,CheckIn,BusyServers,3.0
14400.0,CheckIn,TimeQueue,8.570154359530862
14400.0,CheckIn,TimeService,104.57229252861428
14400.0,CheckIn,NumQueue,0.0
14400.0,Varchi,TimeTotal,16.699212541310274
14400.0,Varchi,NumTotal,4.0
14400.0,Varchi,SystemResponseTime_Success,1044.0934740399975
14400.0,Varchi,BusyServers,3.0
14400.0,Varchi,TimeQueue,3.111403976432169
14400.0,Varchi,TimeService,13.587746342806442
14400.0,Varchi,NumQueue,1.0
14400.0,XRay,TimeTotal,858.4754267509204
14400.0,XRay,NumTotal,177.0
14400.0,XRay,SystemResponseTime_Success,1044.0934740399975
14400.0,XRay,BusyServers,6.0
14400.0,XRay,TimeQueue,810.6125417504974
14400.0,XRay,TimeService,49.95784486235652
14400.0,XRay,NumQueue,171.0
14400.0,TraceDetection,TimeTotal,96.00963444822402
14400.0,TraceDetection,NumTotal,2.0
14400.0,TraceDetection,SystemResponseTime_Success,1044.0934740399975
14400.0,TraceDetection,BusyServers,1.0
14400.0,TraceDetection,TimeQueue,37.68476279101885
14400.0,TraceDetection,TimeService,58.39150387289327
14400.0,TraceDetection,NumQueue,1.0
14400.0,Recupero,TimeTotal,124.35074212566988
14400.0,Recupero,NumTotal,19.0
14400.0,Recupero,SystemResponseTime_Success,1044.0934740399975
14400.0,Recupero,BusyServers,19.0
14400.0,Recupero,TimeQueue,0.0
14400.0,Recupero,TimeService,124.35074212566988
14400.0,Recupero,NumQueue,0.0
14800.0,CheckIn,TimeTotal,113.02471870481837
14800.0,CheckIn,NumTotal,3.0
14800.0,CheckIn,SystemResponseTime_Success,1062.4475478915233
14800.0,CheckIn,BusyServers,3.0
14800.0,CheckIn,TimeQueue,8.404601077674792
14800.0,CheckIn,TimeService,104.58654398768547
14800.0,CheckIn,NumQueue,0.0
14800.0,Varchi,TimeTotal,16.687794678904975
14800.0,Varchi,NumTotal,3.0
14800.0,Varchi,SystemResponseTime_Success,1062.4475478915233
14800.0,Varchi,BusyServers,3.0
14800.0,Varchi,TimeQueue,3.10609312700796
14800.0,Varchi,TimeService,13.576935168581851
14800.0,Varchi,NumQueue,0.0
14800.0,XRay,TimeTotal,873.4928407041212
14800.0,XRay,NumTotal,190.0
14800.0,XRay,SystemResponseTime_Success,1062.4475478915233
14800.0,XRay,BusyServers,6.0
14800.0,XRay,TimeQueue,825.6471684726185
14800.0,XRay,TimeService,49.9688320516186
14800.0,XRay,NumQueue,184.0
14800.0,TraceDetection,TimeTotal,95.15881580218978
14800.0,TraceDetection,NumTotal,0.0
14800.0,TraceDetection,SystemResponseTime_Success,1062.4475478915233
14800.0,TraceDetection,BusyServers,0.0
14800.0,TraceDetection,TimeQueue,36.92555131369541
14800.0,TraceDetection,TimeService,58.23326448849437
14800.0,TraceDetection,NumQueue,0.0
14800.0,Recupero,TimeTotal,124.62031468981671
14800.0,Recupero,NumTotal,11.0
14800.0,Recupero,SystemResponseTime_Success,1062.4475478915233
14800.0,Recupero,BusyServers,11.0
14800.0,Recupero,TimeQueue,0.0
14800.0,Recupero,TimeService,124.62031468981671
14800.0,Recupero,NumQueue,0.0
15200.0,CheckIn,TimeTotal,112.82570249297669
15200.0,CheckIn,NumTotal,4.0
15200.0,CheckIn,SystemResponseTime_Success,1077.5666550539954
15200.0,CheckIn,BusyServers,4.0
15200.0,CheckIn,TimeQueue,8.219285619412183
15200.0,CheckIn,TimeService,104.5635522810252
15200.0,CheckIn,NumQueue,0.0
15200.0,Varchi,TimeTotal,16.638567084324233
15200.0,Varchi,NumTotal,2.0
15200.0,Varchi,SystemResponseTime_Success,1077.5666550539954
15200.0,Varchi,BusyServers,1.0
15200.0,Varchi,TimeQueue,3.07668903992842
15200.0,Varchi,TimeService,13.565213435298602
15200.0,Varchi,NumQueue,1.0
15200.0,XRay,TimeTotal,889.9524060586886
15200.0,XRay,NumTotal,185.0
15200.0,XRay,SystemResponseTime_Success,1077.5666550539954
15200.0,XRay,BusyServers,6.0
15200.0,XRay,TimeQueue,841.9435670910556
15200.0,XRay,TimeService,50.10657828049447
15200.0,XRay,NumQueue,179.0
15200.0,TraceDetection,TimeTotal,95.11538160065362
15200.0,TraceDetection,NumTotal,0.0
15200.0,TraceDetection,SystemResponseTime_Success,1077.5666550539954
15200.0,TraceDetection,BusyServers,0.0
15200.0,TraceDetection,TimeQueue,36.57599143086282
15200.0,TraceDetection,TimeService,58.53939016979079
15200.0,TraceDetection,NumQueue,0.0
15200.0,Recupero,TimeTotal,124.31355854746232
15200.0,Recupero,NumTotal,12.0
15200.0,Recupero,SystemResponseTime_Success,1077.5666550539954
15200.0,Recupero,BusyServers,12.0
15200.0,Recupero,TimeQueue,0.0
15200.0,Recupero,TimeService,124.31355854746232
15200.0,Recupero,NumQueue,0.0
15600.0,CheckIn,TimeTotal,112.71094121096132
15600.0,CheckIn,NumTotal,2.0
15600.0,CheckIn,SystemResponseTime_Success,1092.5920958235945
15600.0,CheckIn,BusyServers,2.0
15600.0,CheckIn,TimeQueue,8.07269963384305
15600.0,CheckIn,TimeService,104.61762165468188
15600.0,CheckIn,NumQueue,0.0
15600.0,Varchi,TimeTotal,16.624909545541968
15600.0,Varchi,NumTotal,4.0
15600.0,Varchi,SystemResponseTime_Success,1092.5920958235945
15600.0,Varchi,BusyServers,3.0
15600.0,Varchi,TimeQueue,3.0634259680840823
15600.0,Varchi,TimeService,13.562469690233009
15600.0,Varchi,NumQueue,1.0
15600.0,XRay,TimeTotal,905.9760712436128
15600.0,XRay,NumTotal,180.0
15600.0,XRay,SystemResponseTime_Success,1092.5920958235945
15600.0,XRay,BusyServers,6.0
15600.0,XRay,TimeQueue,857.8422706032354
15600.0,XRay,TimeService,50.12125747558394
15600.0,XRay,NumQueue,174.0
15600.0,TraceDetection,TimeTotal,96.38107375765988
15600.0,TraceDetection,NumTotal,3.0
15600.0,TraceDetection,SystemResponseTime_Success,1092.5920958235945
15600.0,TraceDetection,BusyServers,1.0
15600.0,TraceDetection,TimeQueue,37.95850553393476
15600.0,TraceDetection,TimeService,58.744333607549564
15600.0,TraceDetection,NumQueue,2.0
15600.0,Recupero,TimeTotal,124.37006256453857
15600.0,Recupero,NumTotal,14.0
15600.0,Recupero,SystemResponseTime_Success,1092.5920958235945
15600.0,Recupero,BusyServers,14.0
15600.0,Recupero,TimeQueue,0.0
15600.0,Recupero,TimeService,124.37006256453857
15600.0,Recupero,NumQueue,0.0
16000.0,CheckIn,TimeTotal,112.75218828216195
16000.0,CheckIn,NumTotal,5.0
16000.0,CheckIn,SystemResponseTime_Success,1108.896707656318
16000.0,CheckIn,BusyServers,5.0
16000.0,CheckIn,TimeQueue,7.911447206700117
16000.0,CheckIn,TimeService,104.79104605531924
16000.0,CheckIn,NumQueue,0.0
16000.0,Varchi,TimeTotal,16.626165390535455
16000.0,Varchi,NumTotal,2.0
16000.0,Varchi,SystemResponseTime_Success,1108.896707656318
16000.0,Varchi,BusyServers,1.0
16000.0,Varchi,TimeQueue,3.0497079065261796
16000.0,Varchi,TimeService,13.574994092499365
16000.0,Varchi,NumQueue,1.0
16000.0,XRay,TimeTotal,921.4878470513801
16000.0,XRay,NumTotal,179.0
16000.0,XRay,SystemResponseTime_Success,1108.896707656318
16000.0,XRay,BusyServers,6.0
16000.0,XRay,TimeQueue,873.4223468470043
16000.0,XRay,TimeService,50.15797271536536
16000.0,XRay,NumQueue,173.0
16000.0,TraceDetection,TimeTotal,97.44311202286192
16000.0,TraceDetection,NumTotal,0.0
16000.0,TraceDetection,SystemResponseTime_Success,1108.896707656318
16000.0,TraceDetection,BusyServers,0.0
16000.0,TraceDetection,TimeQueue,38.27767615750959
16000.0,TraceDetection,TimeService,59.16543586535232
16000.0,TraceDetection,NumQueue,0.0
16000.0,Recupero,TimeTotal,124.50165304082142
16000.0,Recupero,NumTotal,16.0
16000.0,Recupero,SystemResponseTime_Success,1108.896707656318
16000.0,Recupero,BusyServers,16.0
16000.0,Recupero,TimeQueue,0.0
16000.0,Recupero,TimeService,124.50165304082142
16000.0,Recupero,NumQueue,0.0
16400.0,CheckIn,TimeTotal,112.41376739110845
16400.0,CheckIn,NumTotal,5.0
16400.0,CheckIn,SystemResponseTime_Success,1125.349036252422
16400.0,CheckIn,BusyServers,5.0
16400.0,CheckIn,TimeQueue,7.718720112748835
16400.0,CheckIn,TimeService,104.64775119923736
16400.0,CheckIn,NumQueue,0.0
16400.0,Varchi,TimeTotal,16.623950087526673
16400.0,Varchi,NumTotal,4.0
16400.0,Varchi,SystemResponseTime_Success,1125.349036252422
16400.0,Varchi,BusyServers,3.0
16400.0,Varchi,TimeQueue,3.049304264390468
16400.0,Varchi,TimeService,13.572285509736107
16400.0,Varchi,NumQueue,1.0
16400.0,XRay,TimeTotal,937.1174714178181
16400.0,XRay,NumTotal,180.0
16400.0,XRay,SystemResponseTime_Success,1125.349036252422
16400.0,XRay,BusyServers,6.0
16400.0,XRay,TimeQueue,888.9164930449851
16400.0,XRay,TimeService,50.12961908455692
16400.0,XRay,NumQueue,174.0
16400.0,TraceDetection,TimeTotal,96.54705061579624
16400.0,TraceDetection,NumTotal,1.0
16400.0,TraceDetection,SystemResponseTime_Success,1125.349036252422
16400.0,TraceDetection,BusyServers,1.0
16400.0,TraceDetection,TimeQueue,37.372444456046566
16400.0,TraceDetection,TimeService,58.95081906719849
16400.0,TraceDetection,NumQueue,0.0
16400.0,Recupero,TimeTotal,124.49940434338751
16400.0,Recupero,NumTotal,14.0
16400.0,Recupero,SystemResponseTime_Success,1125.349036252422
16400.0,Recupero,BusyServers,14.0
16400.0,Recupero,TimeQueue,0.0
16400.0,Recupero,TimeService,124.49940434338751
16400.0,Recupero,NumQueue,0.0
16800.0,CheckIn,TimeTotal,112.20151081738291
16800.0,CheckIn,NumTotal,5.0
16800.0,CheckIn,SystemResponseTime_Success,1140.6620098313988
16800.0,CheckIn,BusyServers,5.0
16800.0,CheckIn,TimeQueue,7.571991577874564
16800.0,CheckIn,TimeService,104.5845549189746
16800.0,CheckIn,NumQueue,0.0
16800.0,Varchi,TimeTotal,16.630874489682448
16800.0,Varchi,NumTotal,2.0
16800.0,Varchi,SystemResponseTime_Success,1140.6620098313988
16800.0,Varchi,BusyServers,2.0
16800.0,Varchi,TimeQueue,3.076343665007908
16800.0,Varchi,TimeService,13.565278119171937
16800.0,Varchi,NumQueue,0.0
16800.0,XRay,TimeTotal,951.9023672606119
16800.0,XRay,NumTotal,190.0
16800.0,XRay,SystemResponseTime_Success,1140.6620098313988
16800.0,XRay,BusyServers,6.0
16800.0,XRay,TimeQueue,903.52872217177
16800.0,XRay,TimeService,50.13685430881655
16800.0,XRay,NumQueue,184.0
16800.0,TraceDetection,TimeTotal,95.3627762536339
16800.0,TraceDetection,NumTotal,1.0
16800.0,TraceDetection,SystemResponseTime_Success,1140.6620098313988
16800.0,TraceDetection,BusyServers,1.0
16800.0,TraceDetection,TimeQueue,36.488927705953294
16800.0,TraceDetection,TimeService,58.66292989042074
16800.0,TraceDetection,NumQueue,0.0
16800.0,Recupero,TimeTotal,124.48075059714422
16800.0,Recupero,NumTotal,13.0
16800.0,Recupero,SystemResponseTime_Success,1140.6620098313988
16800.0,Recupero,BusyServers,13.0
16800.0,Recupero,TimeQueue,0.0
16800.0,Recupero,TimeService,124.48075059714422
16800.0,Recupero,NumQueue,0.0
17200.0,CheckIn,TimeTotal,112.16098934008015
17200.0,CheckIn,NumTotal,2.0
17200.0,CheckIn,SystemResponseTime_Success,1154.468834471813
17200.0,CheckIn,BusyServers,2.0
17200.0,CheckIn,TimeQueue,7.4662128829566425
17200.0,CheckIn,TimeService,104.67735238971866
17200.0,CheckIn,NumQueue,0.0
17200.0,Varchi,TimeTotal,16.650853339765618
17200.0,Varchi,NumTotal,2.0
17200.0,Varchi,SystemResponseTime_Success,1154.468834471813
17200.0,Varchi,BusyServers,1.0
17200.0,Varchi,TimeQueue,3.0922504911464976
17200.0,Varchi,TimeService,13.560877569899382
17200.0,Varchi,NumQueue,1.0
17200.0,XRay,TimeTotal,965.5717423991566
17200.0,XRay,NumTotal,192.0
17200.0,XRay,SystemResponseTime_Success,1154.468834471813
17200.0,XRay,BusyServers,6.0
17200.0,XRay,TimeQueue,917.0328182917476
17200.0,XRay,TimeService,49.949143873215
17200.0,XRay,NumQueue,186.0
17200.0,TraceDetection,TimeTotal,96.08555162650993
17200.0,TraceDetection,NumTotal,1.0
17200.0,TraceDetection,SystemResponseTime_Success,1154.468834471813
17200.0,TraceDetection,BusyServers,1.0
17200.0,TraceDetection,TimeQueue,36.859047856244295
17200.0,TraceDetection,TimeService,59.019430467702435
17200.0,TraceDetection,NumQueue,0.0
17200.0,Recupero,TimeTotal,124.486307376709
17200.0,Recupero,NumTotal,18.0
17200.0,Recupero,SystemResponseTime_Success,1154.468834471813
17200.0,Recupero,BusyServers,18.0
17200.0,Recupero,TimeQueue,0.0
17200.0,Recupero,TimeService,124.486307376709
17200.0,Recupero,NumQueue,0.0
17600.0,CheckIn,TimeTotal,112.08116532701771
17600.0,CheckIn,NumTotal,5.0
17600.0,CheckIn,SystemResponseTime_Success,1165.3988750331034
17600.0,CheckIn,BusyServers,5.0
17600.0,CheckIn,TimeQueue,7.304135851483096
17600.0,CheckIn,TimeService,104.74819907256085
17600.0,CheckIn,NumQueue,0.0
17600.0,Varchi,TimeTotal,16.61235117514837
17600.0,Varchi,NumTotal,4.0
17600.0,Varchi,SystemResponseTime_Success,1165.3988750331034
17600.0,Varchi,BusyServers,2.0
17600.0,Varchi,TimeQueue,3.0691336894248007
17600.0,Varchi,TimeService,13.545915382400437
17600.0,Varchi,NumQueue,2.0
17600.0,XRay,TimeTotal,976.7145170398627
17600.0,XRay,NumTotal,190.0
17600.0,XRay,SystemResponseTime_Success,1165.3988750331034
17600.0,XRay,BusyServers,6.0
17600.0,XRay,TimeQueue,928.1605821275139
17600.0,XRay,TimeService,49.932825976666024
17600.0,XRay,NumQueue,184.0
17600.0,TraceDetection,TimeTotal,95.98818733579547
17600.0,TraceDetection,NumTotal,1.0
17600.0,TraceDetection,SystemResponseTime_Success,1165.3988750331034
17600.0,TraceDetection,BusyServers,1.0
17600.0,TraceDetection,TimeQueue,36.68347653022492
17600.0,TraceDetection,TimeService,59.10091371373595
17600.0,TraceDetection,NumQueue,0.0
17600.0,Recupero,TimeTotal,124.35533514763088
17600.0,Recupero,NumTotal,15.0
17600.0,Recupero,SystemResponseTime_Success,1165.3988750331034
17600.0,Recupero,BusyServers,15.0
17600.0,Recupero,TimeQueue,0.0
17600.0,Recupero,TimeService,124.35533514763088
17600.0,Recupero,NumQueue,0.0
18000.0,CheckIn,TimeTotal,111.89046299888457
18000.0,CheckIn,NumTotal,5.0
18000.0,CheckIn,SystemResponseTime_Success,1174.9888693769967
18000.0,CheckIn,BusyServers,5.0
18000.0,CheckIn,TimeQueue,7.154255422283013
18000.0,CheckIn,TimeService,104.70225075553586
18000.0,CheckIn,NumQueue,0.0
18000.0,Varchi,TimeTotal,16.612769002539896
18000.0,Varchi,NumTotal,2.0
18000.0,Varchi,SystemResponseTime_Success,1174.9888693769967
18000.0,Varchi,BusyServers,2.0
18000.0,Varchi,TimeQueue,3.0658064980573116
18000.0,Varchi,TimeService,13.547630564405413
18000.0,Varchi,NumQueue,0.0
18000.0,XRay,TimeTotal,986.8185787595698
18000.0,XRay,NumTotal,208.0
18000.0,XRay,SystemResponseTime_Success,1174.9888693769967
18000.0,XRay,BusyServers,6.0
18000.0,XRay,TimeQueue,938.2764820085692
18000.0,XRay,TimeService,49.99146129230361
18000.0,XRay,NumQueue,202.0
18000.0,TraceDetection,TimeTotal,96.02976906488703
18000.0,TraceDetection,NumTotal,1.0
18000.0,TraceDetection,SystemResponseTime_Success,1174.9888693769967
18000.0,TraceDetection,BusyServers,1.0
18000.0,TraceDetection,TimeQueue,36.8121524545045
18000.0,TraceDetection,TimeService,59.705067834198616
18000.0,TraceDetection,NumQueue,0.0
18000.0,Recupero,TimeTotal,124.42357874906854
18000.0,Recupero,NumTotal,15.0
18000.0,Recupero,SystemResponseTime_Success,1174.9888693769967
18000.0,Recupero,BusyServers,15.0
18000.0,Recupero,TimeQueue,0.0
18000.0,Recupero,TimeService,124.42357874906854
18000.0,Recupero,NumQueue,0.0
18400.0,CheckIn,TimeTotal,111.9117900145949
18400.0,CheckIn,NumTotal,7.0
18400.0,CheckIn,SystemResponseTime_Success,1187.6046667406736
18400.0,CheckIn,BusyServers,7.0
18400.0,CheckIn,TimeQueue,7.00666491954319
18400.0,CheckIn,TimeService,104.85146354752784
18400.0,CheckIn,NumQueue,0.0
18400.0,Varchi,TimeTotal,16.60265685770505
18400.0,Varchi,NumTotal,2.0
18400.0,Varchi,SystemResponseTime_Success,1187.6046667406736
18400.0,Varchi,BusyServers,2.0
18400.0,Varchi,TimeQueue,3.058338609885516
18400.0,Varchi,TimeService,13.541777044155234
18400.0,Varchi,NumQueue,0.0
18400.0,XRay,TimeTotal,999.5607485493717
18400.0,XRay,NumTotal,207.0
18400.0,XRay,SystemResponseTime_Success,1187.6046667406736
18400.0,XRay,BusyServers,6.0
18400.0,XRay,TimeQueue,951.0895672761071
18400.0,XRay,TimeService,49.98903475416176
18400.0,XRay,NumQueue,201.0
18400.0,TraceDetection,TimeTotal,96.01825156152499
18400.0,TraceDetection,NumTotal,1.0
18400.0,TraceDetection,SystemResponseTime_Success,1187.6046667406736
18400.0,TraceDetection,BusyServers,1.0
18400.0,TraceDetection,TimeQueue,36.03715977125177
18400.0,TraceDetection,TimeService,59.7904189872507
18400.0,TraceDetection,NumQueue,0.0
18400.0,Recupero,TimeTotal,124.38561271207952
18400.0,Recupero,NumTotal,14.0
18400.0,Recupero,SystemResponseTime_Success,1187.6046667406736
18400.0,Recupero,BusyServers,14.0
18400.0,Recupero,TimeQueue,0.0
18400.0,Recupero,TimeService,124.38561271207952
18400.0,Recupero,NumQueue,0.0
18800.0,CheckIn,TimeTotal,111.60693453821536
18800.0,CheckIn,NumTotal,5.0
18800.0,CheckIn,SystemResponseTime_Success,1198.311255004048
18800.0,CheckIn,BusyServers,5.0
18800.0,CheckIn,TimeQueue,6.86504084138221
18800.0,CheckIn,TimeService,104.7051822484835
18800.0,CheckIn,NumQueue,0.0
18800.0,Varchi,TimeTotal,16.61116215361211
18800.0,Varchi,NumTotal,2.0
18800.0,Varchi,SystemResponseTime_Success,1198.311255004048
18800.0,Varchi,BusyServers,2.0
18800.0,Varchi,TimeQueue,3.061013355617685
18800.0,Varchi,TimeService,13.547650011581602
18800.0,Varchi,NumQueue,0.0
18800.0,XRay,TimeTotal,1012.1423724683546
18800.0,XRay,NumTotal,201.0
18800.0,XRay,SystemResponseTime_Success,1198.311255004048
18800.0,XRay,BusyServers,6.0
18800.0,XRay,TimeQueue,963.6592385325222
18800.0,XRay,TimeService,49.9814816964816
18800.0,XRay,NumQueue,195.0
18800.0,TraceDetection,TimeTotal,96.21185590804289
18800.0,TraceDetection,NumTotal,3.0
18800.0,TraceDetection,SystemResponseTime_Success,1198.311255004048
18800.0,TraceDetection,BusyServers,1.0
18800.0,TraceDetection,TimeQueue,36.709203180558056
18800.0,TraceDetection,TimeService,60.028489595039964
18800.0,TraceDetection,NumQueue,2.0
18800.0,Recupero,TimeTotal,124.45355022307126
18800.0,Recupero,NumTotal,18.0
18800.0,Recupero,SystemResponseTime_Success,1198.311255004048
18800.0,Recupero,BusyServers,18.0
18800.0,Recupero,TimeQueue,0.0
18800.0,Recupero,TimeService,124.45355022307126
18800.0,Recupero,NumQueue,0.0
19200.0,CheckIn,TimeTotal,111.5930984834287
19200.0,CheckIn,NumTotal,5.0
19200.0,CheckIn,SystemResponseTime_Success,1213.049455771367
19200.0,CheckIn,BusyServers,5.0
19200.0,CheckIn,TimeQueue,6.845472344589744
19200.0,CheckIn,TimeService,104.8211861476381
19200.0,CheckIn,NumQueue,0.0
19200.0,Varchi,TimeTotal,16.626386884468573
19200.0,Varchi,NumTotal,3.0
19200.0,Varchi,SystemResponseTime_Success,1213.049455771367
19200.0,Varchi,BusyServers,3.0
19200.0,Varchi,TimeQueue,3.0705360005423237
19200.0,Varchi,TimeService,13.560488690869835
19200.0,Varchi,NumQueue,0.0
19200.0,XRay,TimeTotal,1024.830943019165
19200.0,XRay,NumTotal,203.0
19200.0,XRay,SystemResponseTime_Success,1213.049455771367
19200.0,XRay,BusyServers,6.0
19200.0,XRay,TimeQueue,976.4917696196076
19200.0,XRay,TimeService,49.89179956870375
19200.0,XRay,NumQueue,197.0
19200.0,TraceDetection,TimeTotal,98.5267802661923
19200.0,TraceDetection,NumTotal,3.0
19200.0,TraceDetection,SystemResponseTime_Success,1213.049455771367
19200.0,TraceDetection,BusyServers,1.0
19200.0,TraceDetection,TimeQueue,38.26731255188801
19200.0,TraceDetection,TimeService,60.06813115154484
19200.0,TraceDetection,NumQueue,2.0
19200.0,Recupero,TimeTotal,124.55093292311432
19200.0,Recupero,NumTotal,15.0
19200.0,Recupero,SystemResponseTime_Success,1213.049455771367
19200.0,Recupero,BusyServers,15.0
19200.0,Recupero,TimeQueue,0.0
19200.0,Recupero,TimeService,124.55093292311432
19200.0,Recupero,NumQueue,0.0
19600.0,CheckIn,TimeTotal,111.59098569079556
19600.0,CheckIn,NumTotal,5.0
19600.0,CheckIn,SystemResponseTime_Success,1226.248033946547
19600.0,CheckIn,BusyServers,5.0
19600.0,CheckIn,TimeQueue,6.719610748877165
19600.0,CheckIn,TimeService,104.83688002020959
19600.0,CheckIn,NumQueue,0.0
19600.0,Varchi,TimeTotal,16.638517995720505
19600.0,Varchi,NumTotal,1.0
19600.0,Varchi,SystemResponseTime_Success,1226.248033946547
19600.0,Varchi,BusyServers,1.0
19600.0,Varchi,TimeQueue,3.0803689875021187
19600.0,Varchi,TimeService,13.556942912295252
19600.0,Varchi,NumQueue,0.0
19600.0,XRay,TimeTotal,1037.6714217618999
19600.0,XRay,NumTotal,205.0
19600.0,XRay,SystemResponseTime_Success,1226.248033946547
19600.0,XRay,BusyServers,6.0
19600.0,XRay,TimeQueue,989.4009100058914
19600.0,XRay,TimeService,49.84042504196627
19600.0,XRay,NumQueue,199.0
19600.0,TraceDetection,TimeTotal,99.9385246618492
19600.0,TraceDetection,NumTotal,1.0
19600.0,TraceDetection,SystemResponseTime_Success,1226.248033946547
19600.0,TraceDetection,BusyServers,1.0
19600.0,TraceDetection,TimeQueue,39.72263419300172
19600.0,TraceDetection,TimeService,60.37301566836098
19600.0,TraceDetection,NumQueue,0.0
19600.0,Recupero,TimeTotal,124.58968135464083
19600.0,Recupero,NumTotal,13.0
19600.0,Recupero,SystemResponseTime_Success,1226.248033946547
19600.0,Recupero,BusyServers,13.0
19600.0,Recupero,TimeQueue,0.0
19600.0,Recupero,TimeService,124.58968135464083
19600.0,Recupero,NumQueue,0.0
20000.0,CheckIn,TimeTotal,111.63258414306746
20000.0,CheckIn,NumTotal,4.0
20000.0,CheckIn,SystemResponseTime_Success,1238.5668363302352
20000.0,CheckIn,BusyServers,4.0
20000.0,CheckIn,TimeQueue,6.651667263044231
20000.0,CheckIn,TimeService,104.95390503326976
20000.0,CheckIn,NumQueue,0.0
20000.0,XRay,TimeTotal,1050.8415134108611
20000.0,XRay,NumTotal,191.0
20000.0,XRay,SystemResponseTime_Success,1238.5668363302352
20000.0,XRay,BusyServers,6.0
20000.0,XRay,TimeQueue,1002.5214396975523
20000.0,XRay,TimeService,49.76864114773163
20000.0,XRay,NumQueue,185.0
20000.0,TraceDetection,TimeTotal,100.0724963778329
20000.0,TraceDetection,NumTotal,0.0
20000.0,TraceDetection,SystemResponseTime_Success,1238.5668363302352
20000.0,TraceDetection,BusyServers,0.0
20000.0,TraceDetection,TimeQueue,39.72263419300172
20000.0,TraceDetection,TimeService,60.34986218483117
20000.0,TraceDetection,NumQueue,0.0
20000.0,Recupero,TimeTotal,124.54375231108504
20000.0,Recupero,NumTotal,17.0
20000.0,Recupero,SystemResponseTime_Success,1238.5668363302352
20000.0,Recupero,BusyServers,17.0
20000.0,Recupero,TimeQueue,0.0
20000.0,Recupero,TimeService,124.54375231108504
20000.0,Recupero,NumQueue,0.0
20000.0,Varchi,TimeTotal,16.59857795293849
20000.0,Varchi,NumTotal,2.0
20000.0,Varchi,SystemResponseTime_Success,1238.5668363302352
20000.0,Varchi,BusyServers,2.0
20000.0,Varchi,TimeQueue,3.0567975177908746
20000.0,Varchi,TimeService,13.54018711552368
20000.0,Varchi,NumQueue,0.0
20400.0,Recupero,TimeTotal,124.64098332633465
20400.0,Recupero,NumTotal,13.0
20400.0,Recupero,SystemResponseTime_Success,1251.1081061007721
20400.0,Recupero,BusyServers,13.0
20400.0,Recupero,TimeQueue,0.0
20400.0,Recupero,TimeService,124.64098332633465
20400.0,Recupero,NumQueue,0.0
20400.0,XRay,TimeTotal,1061.6307443335522
20400.0,XRay,NumTotal,197.0
20400.0,XRay,SystemResponseTime_Success,1251.1081061007721
20400.0,XRay,BusyServers,6.0
20400.0,XRay,TimeQueue,1013.2189067307419
20400.0,XRay,TimeService,49.73192133413585
20400.0,XRay,NumQueue,191.0
20400.0,Varchi,TimeTotal,16.594107969093166
20400.0,Varchi,NumTotal,1.0
20400.0,Varchi,SystemResponseTime_Success,1251.1081061007721
20400.0,Varchi,BusyServers,1.0
20400.0,Varchi,TimeQueue,3.0562310977602443
20400.0,Varchi,TimeService,13.536722705510405
20400.0,Varchi,NumQueue,0.0
20400.0,CheckIn,TimeTotal,111.75037057394914
20400.0,CheckIn,NumTotal,5.0
20400.0,CheckIn,SystemResponseTime_Success,1251.1081061007721
20400.0,CheckIn,BusyServers,5.0
20400.0,CheckIn,TimeQueue,6.5405942149552
20400.0,CheckIn,TimeService,105.17713866331054
20400.0,CheckIn,NumQueue,0.0
20400.0,TraceDetection,TimeTotal,99.78437542323229
20400.0,TraceDetection,NumTotal,0.0
20400.0,TraceDetection,SystemResponseTime_Success,1251.1081061007721
20400.0,TraceDetection,BusyServers,0.0
20400.0,TraceDetection,TimeQueue,39.355139665123886
20400.0,TraceDetection,TimeService,60.429235758108376
20400.0,TraceDetection,NumQueue,0.0
20800.0,Recupero,TimeTotal,124.5601538977
20800.0,Recupero,NumTotal,15.0
20800.0,Recupero,SystemResponseTime_Success,1261.2697175091548
20800.0,Recupero,BusyServers,15.0
20800.0,Recupero,TimeQueue,0.0
20800.0,Recupero,TimeService,124.5601538977
20800.0,Recupero,NumQueue,0.0
20800.0,CheckIn,TimeTotal,111.58152901437474
20800.0,CheckIn,NumTotal,5.0
20800.0,CheckIn,SystemResponseTime_Success,1261.2697175091548
20800.0,CheckIn,BusyServers,5.0
20800.0,CheckIn,TimeQueue,6.4190990594100334
20800.0,CheckIn,TimeService,105.13102536074061
20800.0,CheckIn,NumQueue,0.0
20800.0,TraceDetection,TimeTotal,99.53880368865522
20800.0,TraceDetection,NumTotal,1.0
20800.0,TraceDetection,SystemResponseTime_Success,1261.2697175091548
20800.0,TraceDetection,BusyServers,1.0
20800.0,TraceDetection,TimeQueue,38.87857038306465
20800.0,TraceDetection,TimeService,60.52633832156528
20800.0,TraceDetection,NumQueue,0.0
20800.0,XRay,TimeTotal,1073.0285189319725
20800.0,XRay,NumTotal,195.0
20800.0,XRay,SystemResponseTime_Success,1261.2697175091548
20800.0,XRay,BusyServers,6.0
20800.0,XRay,TimeQueue,1024.6282592229975
20800.0,XRay,TimeService,49.743303083050705
20800.0,XRay,NumQueue,189.0
20800.0,Varchi,TimeTotal,16.591334551782317
20800.0,Varchi,NumTotal,0.0
20800.0,Varchi,SystemResponseTime_Success,1261.2697175091548
20800.0,Varchi,BusyServers,0.0
20800.0,Varchi,TimeQueue,3.0543681009396715
20800.0,Varchi,TimeService,13.536966450842554
20800.0,Varchi,NumQueue,0.0
21200.0,CheckIn,TimeTotal,112.03634496861345
21200.0,CheckIn,NumTotal,3.0
21200.0,CheckIn,SystemResponseTime_Success,1271.3069737504302
21200.0,CheckIn,BusyServers,3.0
21200.0,CheckIn,TimeQueue,6.929512721605327
21200.0,CheckIn,TimeService,105.13331930970939
21200.0,CheckIn,NumQueue,0.0
21200.0,XRay,TimeTotal,1082.9940062531446
21200.0,XRay,NumTotal,195.0
21200.0,XRay,SystemResponseTime_Success,1271.3069737504302
21200.0,XRay,BusyServers,6.0
21200.0,XRay,TimeQueue,1034.4998402172691
21200.0,XRay,TimeService,49.74612914525756
21200.0,XRay,NumQueue,189.0
21200.0,TraceDetection,TimeTotal,98.44161714612608
21200.0,TraceDetection,NumTotal,1.0
21200.0,TraceDetection,SystemResponseTime_Success,1271.3069737504302
21200.0,TraceDetection,BusyServers,1.0
21200.0,TraceDetection,TimeQueue,38.16764703416068
21200.0,TraceDetection,TimeService,60.26665685886391
21200.0,TraceDetection,NumQueue,0.0
21200.0,Varchi,TimeTotal,16.58405405231967
21200.0,Varchi,NumTotal,3.0
21200.0,Varchi,SystemResponseTime_Success,1271.3069737504302
21200.0,Varchi,BusyServers,2.0
21200.0,Varchi,TimeQueue,3.043935911548848
21200.0,Varchi,TimeService,13.541175987706492
21200.0,Varchi,NumQueue,1.0
21200.0,Recupero,TimeTotal,124.6054190048309
21200.0,Recupero,NumTotal,18.0
21200.0,Recupero,SystemResponseTime_Success,1271.3069737504302
21200.0,Recupero,BusyServers,18.0
21200.0,Recupero,TimeQueue,0.0
21200.0,Recupero,TimeService,124.6054190048309
21200.0,Recupero,NumQueue,0.0
21600.0,CheckIn,TimeTotal,112.07338127740596
21600.0,CheckIn,NumTotal,4.0
21600.0,CheckIn,SystemResponseTime_Success,1281.0078617089823
21600.0,CheckIn,BusyServers,4.0
21600.0,CheckIn,TimeQueue,6.8830831322441215
21600.0,CheckIn,TimeService,105.16463893497644
21600.0,CheckIn,NumQueue,0.0
21600.0,Recupero,TimeTotal,124.6136794671948
21600.0,Recupero,NumTotal,15.0
21600.0,Recupero,SystemResponseTime_Success,1281.0078617089823
21600.0,Recupero,BusyServers,15.0
21600.0,Recupero,TimeQueue,0.0
21600.0,Recupero,TimeService,124.6136794671948
21600.0,Recupero,NumQueue,0.0
21600.0,TraceDetection,TimeTotal,98.44663522861097
21600.0,TraceDetection,NumTotal,2.0
21600.0,TraceDetection,SystemResponseTime_Success,1281.0078617089823
21600.0,TraceDetection,BusyServers,1.0
21600.0,TraceDetection,TimeQueue,38.7337579076662
21600.0,TraceDetection,TimeService,60.0901665333759
21600.0,TraceDetection,NumQueue,1.0
21600.0,XRay,TimeTotal,1092.488701907776
21600.0,XRay,NumTotal,205.0
21600.0,XRay,SystemResponseTime_Success,1281.0078617089823
21600.0,XRay,BusyServers,6.0
21600.0,XRay,TimeQueue,1043.9355481409855
21600.0,XRay,TimeService,49.788026947722464
21600.0,XRay,NumQueue,199.0
21600.0,Varchi,TimeTotal,16.557913049234436
21600.0,Varchi,NumTotal,2.0
21600.0,Varchi,SystemResponseTime_Success,1281.0078617089823
21600.0,Varchi,BusyServers,2.0
21600.0,Varchi,TimeQueue,3.0222937067837563
21600.0,Varchi,TimeService,13.53345978996272
21600.0,Varchi,NumQueue,0.0
22000.0,CheckIn,TimeTotal,112.03014662530133
22000.0,CheckIn,NumTotal,5.0
22000.0,CheckIn,SystemResponseTime_Success,1292.379131287135
22000.0,CheckIn,BusyServers,5.0
22000.0,CheckIn,TimeQueue,6.821898001127678
22000.0,CheckIn,TimeService,105.17712682672334
22000.0,CheckIn,NumQueue,0.0
22000.0,Recupero,TimeTotal,124.66047941236441
22000.0,Recupero,NumTotal,12.0
22000.0,Recupero,SystemResponseTime_Success,1292.379131287135
22000.0,Recupero,BusyServers,12.0
22000.0,Recupero,TimeQueue,0.0
22000.0,Recupero,TimeService,124.66047941236441
22000.0,Recupero,NumQueue,0.0
22000.0,TraceDetection,TimeTotal,99.28343960159226
22000.0,TraceDetection,NumTotal,0.0
22000.0,TraceDetection,SystemResponseTime_Success,1292.379131287135
22000.0,TraceDetection,BusyServers,0.0
22000.0,TraceDetection,TimeQueue,38.99794710571939
22000.0,TraceDetection,TimeService,60.28549249587286
22000.0,TraceDetection,NumQueue,0.0
22000.0,XRay,TimeTotal,1102.277935550372
22000.0,XRay,NumTotal,217.0
22000.0,XRay,SystemResponseTime_Success,1292.379131287135
22000.0,XRay,BusyServers,6.0
22000.0,XRay,TimeQueue,1053.7334940206879
22000.0,XRay,TimeService,49.76608000434129
22000.0,XRay,NumQueue,211.0
22000.0,Varchi,TimeTotal,16.53613166660891
22000.0,Varchi,NumTotal,1.0
22000.0,Varchi,SystemResponseTime_Success,1292.379131287135
22000.0,Varchi,BusyServers,1.0
22000.0,Varchi,TimeQueue,3.00880257612125
22000.0,Varchi,TimeService,13.527413467354956
22000.0,Varchi,NumQueue,0.0
22400.0,CheckIn,TimeTotal,111.71951932888132
22400.0,CheckIn,NumTotal,2.0
22400.0,CheckIn,SystemResponseTime_Success,1300.8791269150413
22400.0,CheckIn,BusyServers,2.0
22400.0,CheckIn,TimeQueue,6.706169374322834
22400.0,CheckIn,TimeService,105.00135322938088
22400.0,CheckIn,NumQueue,0.0
22400.0,TraceDetection,TimeTotal,99.24598495746497
22400.0,TraceDetection,NumTotal,2.0
22400.0,TraceDetection,SystemResponseTime_Success,1300.8791269150413
22400.0,TraceDetection,BusyServers,1.0
22400.0,TraceDetection,TimeQueue,39.060629739269444
22400.0,TraceDetection,TimeService,60.33117092941474
22400.0,TraceDetection,NumQueue,1.0
22400.0,Recupero,TimeTotal,124.87008843647172
22400.0,Recupero,NumTotal,20.0
22400.0,Recupero,SystemResponseTime_Success,1300.8791269150413
22400.0,Recupero,BusyServers,20.0
22400.0,Recupero,TimeQueue,0.0
22400.0,Recupero,TimeService,124.87008843647172
22400.0,Recupero,NumQueue,0.0
22400.0,Varchi,TimeTotal,16.536572560379934
22400.0,Varchi,NumTotal,1.0
22400.0,Varchi,SystemResponseTime_Success,1300.8791269150413
22400.0,Varchi,BusyServers,1.0
22400.0,Varchi,TimeQueue,3.0115681045942093
22400.0,Varchi,TimeService,13.526309245240308
22400.0,Varchi,NumQueue,0.0
22400.0,XRay,TimeTotal,1112.4925186880243
22400.0,XRay,NumTotal,212.0
22400.0,XRay,SystemResponseTime_Success,1300.8791269150413
22400.0,XRay,BusyServers,6.0
22400.0,XRay,TimeQueue,1063.8654060973504
22400.0,XRay,TimeService,49.74868690155967
22400.0,XRay,NumQueue,206.0
22800.0,Varchi,TimeTotal,16.53995651661525
22800.0,Varchi,NumTotal,1.0
22800.0,Varchi,SystemResponseTime_Success,1311.8136561141123
22800.0,Varchi,BusyServers,1.0
22800.0,Varchi,TimeQueue,3.0063931574709413
22800.0,Varchi,TimeService,13.532544588165749
22800.0,Varchi,NumQueue,0.0
22800.0,TraceDetection,TimeTotal,99.49587870384819
22800.0,TraceDetection,NumTotal,1.0
22800.0,TraceDetection,SystemResponseTime_Success,1311.8136561141123
22800.0,TraceDetection,BusyServers,1.0
22800.0,TraceDetection,TimeQueue,38.93797649513601
22800.0,TraceDetection,TimeService,60.394297265455286
22800.0,TraceDetection,NumQueue,0.0
22800.0,Recupero,TimeTotal,125.05857109275719
22800.0,Recupero,NumTotal,17.0
22800.0,Recupero,SystemResponseTime_Success,1311.8136561141123
22800.0,Recupero,BusyServers,17.0
22800.0,Recupero,TimeQueue,0.0
22800.0,Recupero,TimeService,125.05857109275719
22800.0,Recupero,NumQueue,0.0
22800.0,XRay,TimeTotal,1122.0245851764191
22800.0,XRay,NumTotal,208.0
22800.0,XRay,SystemResponseTime_Success,1311.8136561141123
22800.0,XRay,BusyServers,6.0
22800.0,XRay,TimeQueue,1073.4085911953955
22800.0,XRay,TimeService,49.71559332405701
22800.0,XRay,NumQueue,202.0
22800.0,CheckIn,TimeTotal,111.55801982638603
22800.0,CheckIn,NumTotal,5.0
22800.0,CheckIn,SystemResponseTime_Success,1311.8136561141123
22800.0,CheckIn,BusyServers,5.0
22800.0,CheckIn,TimeQueue,6.6059012306434255
22800.0,CheckIn,TimeService,104.92294058677342
22800.0,CheckIn,NumQueue,0.0
23200.0,Recupero,TimeTotal,125.10668397965702
23200.0,Recupero,NumTotal,17.0
23200.0,Recupero,SystemResponseTime_Success,1321.1906041569132
23200.0,Recupero,BusyServers,17.0
23200.0,Recupero,TimeQueue,0.0
23200.0,Recupero,TimeService,125.10668397965702
23200.0,Recupero,NumQueue,0.0
23200.0,TraceDetection,TimeTotal,99.63111920410161
23200.0,TraceDetection,NumTotal,2.0
23200.0,TraceDetection,SystemResponseTime_Success,1321.1906041569132
23200.0,TraceDetection,BusyServers,1.0
23200.0,TraceDetection,TimeQueue,38.76794854547291
23200.0,TraceDetection,TimeService,60.703631775725505
23200.0,TraceDetection,NumQueue,1.0
23200.0,XRay,TimeTotal,1131.6893301772072
23200.0,XRay,NumTotal,199.0
23200.0,XRay,SystemResponseTime_Success,1321.1906041569132
23200.0,XRay,BusyServers,6.0
23200.0,XRay,TimeQueue,1083.102135601477
23200.0,XRay,TimeService,49.70631475153841
23200.0,XRay,NumQueue,193.0
23200.0,Varchi,TimeTotal,16.535674824142
23200.0,Varchi,NumTotal,0.0
23200.0,Varchi,SystemResponseTime_Success,1321.1906041569132
23200.0,Varchi,BusyServers,0.0
23200.0,Varchi,TimeQueue,3.001600848594383
23200.0,Varchi,TimeService,13.534073975547534
23200.0,Varchi,NumQueue,0.0
23200.0,CheckIn,TimeTotal,111.49678057811707
23200.0,CheckIn,NumTotal,9.0
23200.0,CheckIn,SystemResponseTime_Success,1321.1906041569132
23200.0,CheckIn,BusyServers,8.0
23200.0,CheckIn,TimeQueue,6.508587261041225
23200.0,CheckIn,TimeService,104.94275815294998
23200.0,CheckIn,NumQueue,1.0
23600.0,Recupero,TimeTotal,125.20406940094401
23600.0,Recupero,NumTotal,16.0
23600.0,Recupero,SystemResponseTime_Success,1331.4049507764673
23600.0,Recupero,BusyServers,16.0
23600.0,Recupero,TimeQueue,0.0
23600.0,Recupero,TimeService,125.20406940094401
23600.0,Recupero,NumQueue,0.0
23600.0,TraceDetection,TimeTotal,99.21671686660568
23600.0,TraceDetection,NumTotal,1.0
23600.0,TraceDetection,SystemResponseTime_Success,1331.4049507764673
23600.0,TraceDetection,BusyServers,1.0
23600.0,TraceDetection,TimeQueue,38.5550681170308
23600.0,TraceDetection,TimeService,60.743759708838546
23600.0,TraceDetection,NumQueue,0.0
23600.0,XRay,TimeTotal,1141.5545323543345
23600.0,XRay,NumTotal,198.0
23600.0,XRay,SystemResponseTime_Success,1331.4049507764673
23600.0,XRay,BusyServers,6.0
23600.0,XRay,TimeQueue,1093.0638984721732
23600.0,XRay,TimeService,49.68996245294066
23600.0,XRay,NumQueue,192.0
23600.0,CheckIn,TimeTotal,111.40246002853036
23600.0,CheckIn,NumTotal,3.0
23600.0,CheckIn,SystemResponseTime_Success,1331.4049507764673
23600.0,CheckIn,BusyServers,3.0
23600.0,CheckIn,TimeQueue,6.450591496112227
23600.0,CheckIn,TimeService,104.93528603499892
23600.0,CheckIn,NumQueue,0.0
23600.0,Varchi,TimeTotal,16.559190529923743
23600.0,Varchi,NumTotal,1.0
23600.0,Varchi,SystemResponseTime_Success,1331.4049507764673
23600.0,Varchi,BusyServers,1.0
23600.0,Varchi,TimeQueue,3.007416267404678
23600.0,Varchi,TimeService,13.550784655323394
23600.0,Varchi,NumQueue,0.0
24000.0,XRay,TimeTotal,1150.5631777473577
24000.0,XRay,NumTotal,200.0
24000.0,XRay,SystemResponseTime_Success,1341.4746541665575
24000.0,XRay,BusyServers,6.0
24000.0,XRay,TimeQueue,1102.0106006003032
24000.0,XRay,TimeService,49.66043122719777
24000.0,XRay,NumQueue,194.0
24000.0,Varchi,TimeTotal,16.537033717338666
24000.0,Varchi,NumTotal,1.0
24000.0,Varchi,SystemResponseTime_Success,1341.4746541665575
24000.0,Varchi,BusyServers,1.0
24000.0,Varchi,TimeQueue,2.9905369188558035
24000.0,Varchi,TimeService,13.545528673873255
24000.0,Varchi,NumQueue,0.0
24000.0,CheckIn,TimeTotal,111.31427162096746
24000.0,CheckIn,NumTotal,4.0
24000.0,CheckIn,SystemResponseTime_Success,1341.4746541665575
24000.0,CheckIn,BusyServers,4.0
24000.0,CheckIn,TimeQueue,6.483237153795641
24000.0,CheckIn,TimeService,104.84504782435098
24000.0,CheckIn,NumQueue,0.0
24000.0,TraceDetection,TimeTotal,98.7824936562082
24000.0,TraceDetection,NumTotal,0.0
24000.0,TraceDetection,SystemResponseTime_Success,1341.4746541665575
24000.0,TraceDetection,BusyServers,0.0
24000.0,TraceDetection,TimeQueue,38.094250569815294
24000.0,TraceDetection,TimeService,60.6882430863929
24000.0,TraceDetection,NumQueue,0.0
24000.0,Recupero,TimeTotal,125.3394127987099
24000.0,Recupero,NumTotal,14.0
24000.0,Recupero,SystemResponseTime_Success,1341.4746541665575
24000.0,Recupero,BusyServers,14.0
24000.0,Recupero,TimeQueue,0.0
24000.0,Recupero,TimeService,125.3394127987099
24000.0,Recupero,NumQueue,0.0
24400.0,CheckIn,TimeTotal,111.31095018692702
24400.0,CheckIn,NumTotal,8.0
24400.0,CheckIn,SystemResponseTime_Success,1349.228441477194
24400.0,CheckIn,BusyServers,8.0
24400.0,CheckIn,TimeQueue,6.376341240295301
24400.0,CheckIn,TimeService,104.89227639067968
24400.0,CheckIn,NumQueue,0.0
24400.0,TraceDetection,TimeTotal,98.6445660495509
24400.0,TraceDetection,NumTotal,2.0
24400.0,TraceDetection,SystemResponseTime_Success,1349.228441477194
24400.0,TraceDetection,BusyServers,1.0
24400.0,TraceDetection,TimeQueue,38.31744332584075
24400.0,TraceDetection,TimeService,60.53105983455754
24400.0,TraceDetection,NumQueue,1.0
24400.0,XRay,TimeTotal,1159.3665324445888
24400.0,XRay,NumTotal,199.0
24400.0,XRay,SystemResponseTime_Success,1349.228441477194
24400.0,XRay,BusyServers,6.0
24400.0,XRay,TimeQueue,1110.7660587417624
24400.0,XRay,TimeService,49.68751305389655
24400.0,XRay,NumQueue,193.0
24400.0,Varchi,TimeTotal,16.517008716544918
24400.0,Varchi,NumTotal,3.0
24400.0,Varchi,SystemResponseTime_Success,1349.228441477194
24400.0,Varchi,BusyServers,2.0
24400.0,Varchi,TimeQueue,2.9785250036447586
24400.0,Varchi,TimeService,13.536584143382456
24400.0,Varchi,NumQueue,1.0
24400.0,Recupero,TimeTotal,125.32144808492605
24400.0,Recupero,NumTotal,17.0
24400.0,Recupero,SystemResponseTime_Success,1349.228441477194
24400.0,Recupero,BusyServers,17.0
24400.0,Recupero,TimeQueue,0.0
24400.0,Recupero,TimeService,125.32144808492605
24400.0,Recupero,NumQueue,0.0
24800.0,XRay,TimeTotal,1167.727864375687
24800.0,XRay,NumTotal,208.0
24800.0,XRay,SystemResponseTime_Success,1359.182907168177
24800.0,XRay,BusyServers,6.0
24800.0,XRay,TimeQueue,1119.0111635607009
24800.0,XRay,TimeService,49.70123557906903
24800.0,XRay,NumQueue,202.0
24800.0,TraceDetection,TimeTotal,99.06003179609331
24800.0,TraceDetection,NumTotal,1.0
24800.0,TraceDetection,SystemResponseTime_Success,1359.182907168177
24800.0,TraceDetection,BusyServers,1.0
24800.0,TraceDetection,TimeQueue,38.42107974722918
24800.0,TraceDetection,TimeService,60.49060811161613
24800.0,TraceDetection,NumQueue,0.0
24800.0,Recupero,TimeTotal,125.23884220890196
24800.0,Recupero,NumTotal,13.0
24800.0,Recupero,SystemResponseTime_Success,1359.182907168177
24800.0,Recupero,BusyServers,13.0
24800.0,Recupero,TimeQueue,0.0
24800.0,Recupero,TimeService,125.23884220890196
24800.0,Recupero,NumQueue,0.0
24800.0,CheckIn,TimeTotal,111.13727391756231
24800.0,CheckIn,NumTotal,3.0
24800.0,CheckIn,SystemResponseTime_Success,1359.182907168177
24800.0,CheckIn,BusyServers,3.0
24800.0,CheckIn,TimeQueue,6.304349954448914
24800.0,CheckIn,TimeService,104.82918743048025
24800.0,CheckIn,NumQueue,0.0
24800.0,Varchi,TimeTotal,16.52410563206287
24800.0,Varchi,NumTotal,0.0
24800.0,Varchi,SystemResponseTime_Success,1359.182907168177
24800.0,Varchi,BusyServers,0.0
24800.0,Varchi,TimeQueue,2.98391482006644
24800.0,Varchi,TimeService,13.540190811996366
24800.0,Varchi,NumQueue,0.0
25200.0,CheckIn,TimeTotal,111.04223493895928
25200.0,CheckIn,NumTotal,10.0
25200.0,CheckIn,SystemResponseTime_Success,1366.3957386844304
25200.0,CheckIn,BusyServers,8.0
25200.0,CheckIn,TimeQueue,6.242952359985745
25200.0,CheckIn,TimeService,104.79879657827325
25200.0,CheckIn,NumQueue,2.0
25200.0,TraceDetection,TimeTotal,98.77026075240659
25200.0,TraceDetection,NumTotal,0.0
25200.0,TraceDetection,SystemResponseTime_Success,1366.3957386844304
25200.0,TraceDetection,BusyServers,0.0
25200.0,TraceDetection,TimeQueue,38.13976205818796
25200.0,TraceDetection,TimeService,60.6304986942186
25200.0,TraceDetection,NumQueue,0.0
25200.0,Recupero,TimeTotal,125.25080131995385
25200.0,Recupero,NumTotal,14.0
25200.0,Recupero,SystemResponseTime_Success,1366.3957386844304
25200.0,Recupero,BusyServers,14.0
25200.0,Recupero,TimeQueue,0.0
25200.0,Recupero,TimeService,125.25080131995385
25200.0,Recupero,NumQueue,0.0
25200.0,Varchi,TimeTotal,16.51042281098242
25200.0,Varchi,NumTotal,4.0
25200.0,Varchi,SystemResponseTime_Success,1366.3957386844304
25200.0,Varchi,BusyServers,3.0
25200.0,Varchi,TimeQueue,2.9774141207140983
25200.0,Varchi,TimeService,13.532129536360713
25200.0,Varchi,NumQueue,1.0
25200.0,XRay,TimeTotal,1174.9650148290962
25200.0,XRay,NumTotal,203.0
25200.0,XRay,SystemResponseTime_Success,1366.3957386844304
25200.0,XRay,BusyServers,6.0
25200.0,XRay,TimeQueue,1126.1961022231133
25200.0,XRay,TimeService,49.71094800089445
25200.0,XRay,NumQueue,197.0
25600.0,Varchi,TimeTotal,16.513741906732587
25600.0,Varchi,NumTotal,4.0
25600.0,Varchi,SystemResponseTime_Success,1373.5726861902363
25600.0,Varchi,BusyServers,3.0
25600.0,Varchi,TimeQueue,2.980635382991517
25600.0,Varchi,TimeService,13.53413497195982
25600.0,Varchi,NumQueue,1.0
25600.0,CheckIn,TimeTotal,111.1713636012342
25600.0,CheckIn,NumTotal,4.0
25600.0,CheckIn,SystemResponseTime_Success,1373.5726861902363
25600.0,CheckIn,BusyServers,4.0
25600.0,CheckIn,TimeQueue,6.192414978614518
25600.0,CheckIn,TimeService,104.95935237268746
25600.0,CheckIn,NumQueue,0.0
25600.0,TraceDetection,TimeTotal,98.7630101379171
25600.0,TraceDetection,NumTotal,2.0
25600.0,TraceDetection,SystemResponseTime_Success,1373.5726861902363
25600.0,TraceDetection,BusyServers,1.0
25600.0,TraceDetection,TimeQueue,38.30493872243005
25600.0,TraceDetection,TimeService,60.64791051460627
25600.0,TraceDetection,NumQueue,1.0
25600.0,Recupero,TimeTotal,125.30200928272525
25600.0,Recupero,NumTotal,17.0
25600.0,Recupero,SystemResponseTime_Success,1373.5726861902363
25600.0,Recupero,BusyServers,17.0
25600.0,Recupero,TimeQueue,0.0
25600.0,Recupero,TimeService,125.30200928272525
25600.0,Recupero,NumQueue,0.0
25600.0,XRay,TimeTotal,1182.8364144342104
25600.0,XRay,NumTotal,209.0
25600.0,XRay,SystemResponseTime_Success,1373.5726861902363
25600.0,XRay,BusyServers,6.0
25600.0,XRay,TimeQueue,1134.0146291139024
25600.0,XRay,TimeService,49.65621320247999
25600.0,XRay,NumQueue,203.0
26000.0,CheckIn,TimeTotal,111.15753759078946
26000.0,CheckIn,NumTotal,8.0
26000.0,CheckIn,SystemResponseTime_Success,1379.9747867250292
26000.0,CheckIn,BusyServers,8.0
26000.0,CheckIn,TimeQueue,6.110491978897438
26000.0,CheckIn,TimeService,105.00876531758422
26000.0,CheckIn,NumQueue,0.0
26000.0,Varchi,TimeTotal,16.49638125561171
26000.0,Varchi,NumTotal,4.0
26000.0,Varchi,SystemResponseTime_Success,1379.9747867250292
26000.0,Varchi,BusyServers,4.0
26000.0,Varchi,TimeQueue,2.9682610269418457
26000.0,Varchi,TimeService,13.535359607482084
26000.0,Varchi,NumQueue,0.0
26000.0,XRay,TimeTotal,1189.208373629714
26000.0,XRay,NumTotal,208.0
26000.0,XRay,SystemResponseTime_Success,1379.9747867250292
26000.0,XRay,BusyServers,6.0
26000.0,XRay,TimeQueue,1140.3827842609312
26000.0,XRay,TimeService,49.66535512834841
26000.0,XRay,NumQueue,202.0
26000.0,TraceDetection,TimeTotal,98.79153386140922
26000.0,TraceDetection,NumTotal,4.0
26000.0,TraceDetection,SystemResponseTime_Success,1379.9747867250292
26000.0,TraceDetection,BusyServers,1.0
26000.0,TraceDetection,TimeQueue,38.30513212686536
26000.0,TraceDetection,TimeService,60.5818676080957
26000.0,TraceDetection,NumQueue,3.0
26000.0,Recupero,TimeTotal,125.3149655828457
26000.0,Recupero,NumTotal,14.0
26000.0,Recupero,SystemResponseTime_Success,1379.9747867250292
26000.0,Recupero,BusyServers,14.0
26000.0,Recupero,TimeQueue,0.0
26000.0,Recupero,TimeService,125.3149655828457
26000.0,Recupero,NumQueue,0.0
26400.0,CheckIn,TimeTotal,111.4384424141537
26400.0,CheckIn,NumTotal,7.0
26400.0,CheckIn,SystemResponseTime_Success,1386.9978512770608
26400.0,CheckIn,BusyServers,7.0
26400.0,CheckIn,TimeQueue,6.253338491705867
26400.0,CheckIn,TimeService,105.27050674945463
26400.0,CheckIn,NumQueue,0.0
26400.0,Varchi,TimeTotal,16.559825923072964
26400.0,Varchi,NumTotal,0.0
26400.0,Varchi,SystemResponseTime_Success,1386.9978512770608
26400.0,Varchi,BusyServers,0.0
26400.0,Varchi,TimeQueue,3.013865065653427
26400.0,Varchi,TimeService,13.54596085741947
26400.0,Varchi,NumQueue,0.0
26400.0,XRay,TimeTotal,1195.833558480183
26400.0,XRay,NumTotal,234.0
26400.0,XRay,SystemResponseTime_Success,1386.9978512770608
26400.0,XRay,BusyServers,6.0
26400.0,XRay,TimeQueue,1147.0071593770683
26400.0,XRay,TimeService,49.65682838407074
26400.0,XRay,NumQueue,228.0
26400.0,TraceDetection,TimeTotal,99.80348966191193
26400.0,TraceDetection,NumTotal,1.0
26400.0,TraceDetection,SystemResponseTime_Success,1386.9978512770608
26400.0,TraceDetection,BusyServers,1.0
26400.0,TraceDetection,TimeQueue,39.095258595427936
26400.0,TraceDetection,TimeService,60.56810469158996
26400.0,TraceDetection,NumQueue,0.0
26400.0,Recupero,TimeTotal,125.25373448410765
26400.0,Recupero,NumTotal,15.0
26400.0,Recupero,SystemResponseTime_Success,1386.9978512770608
26400.0,Recupero,BusyServers,15.0
26400.0,Recupero,TimeQueue,0.0
26400.0,Recupero,TimeService,125.25373448410765
26400.0,Recupero,NumQueue,0.0
26800.0,CheckIn,TimeTotal,111.4978075753317
26800.0,CheckIn,NumTotal,8.0
26800.0,CheckIn,SystemResponseTime_Success,1393.198583878954
26800.0,CheckIn,BusyServers,8.0
26800.0,CheckIn,TimeQueue,6.170522789277198
26800.0,CheckIn,TimeService,105.3013607150895
26800.0,CheckIn,NumQueue,0.0
26800.0,Varchi,TimeTotal,16.553485776625493
26800.0,Varchi,NumTotal,4.0
26800.0,Varchi,SystemResponseTime_Success,1393.198583878954
26800.0,Varchi,BusyServers,3.0
26800.0,Varchi,TimeQueue,3.0023436612531693
26800.0,Varchi,TimeService,13.550007326588064
26800.0,Varchi,NumQueue,1.0
26800.0,XRay,TimeTotal,1202.4487826810036
26800.0,XRay,NumTotal,242.0
26800.0,XRay,SystemResponseTime_Success,1393.198583878954
26800.0,XRay,BusyServers,6.0
26800.0,XRay,TimeQueue,1153.6938551316869
26800.0,XRay,TimeService,49.71920723223359
26800.0,XRay,NumQueue,236.0
26800.0,TraceDetection,TimeTotal,99.41751000484027
26800.0,TraceDetection,NumTotal,1.0
26800.0,TraceDetection,SystemResponseTime_Success,1393.198583878954
26800.0,TraceDetection,BusyServers,1.0
26800.0,TraceDetection,TimeQueue,38.817987257871714
26800.0,TraceDetection,TimeService,60.46138044355975
26800.0,TraceDetection,NumQueue,0.0
26800.0,Recupero,TimeTotal,125.27985402540695
26800.0,Recupero,NumTotal,13.0
26800.0,Recupero,SystemResponseTime_Success,1393.198583878954
26800.0,Recupero,BusyServers,13.0
26800.0,Recupero,TimeQueue,0.0
26800.0,Recupero,TimeService,125.27985402540695
26800.0,Recupero,NumQueue,0.0
27200.0,CheckIn,TimeTotal,111.45371967878626
27200.0,CheckIn,NumTotal,5.0
27200.0,CheckIn,SystemResponseTime_Success,1400.6968555438893
27200.0,CheckIn,BusyServers,5.0
27200.0,CheckIn,TimeQueue,6.097009487245601
27200.0,CheckIn,TimeService,105.3339261501086
27200.0,CheckIn,NumQueue,0.0
27200.0,Varchi,TimeTotal,16.552730047081397
27200.0,Varchi,NumTotal,1.0
27200.0,Varchi,SystemResponseTime_Success,1400.6968555438893
27200.0,Varchi,BusyServers,1.0
27200.0,Varchi,TimeQueue,2.9991961013400634
27200.0,Varchi,TimeService,13.552680689382425
27200.0,Varchi,NumQueue,0.0
27200.0,XRay,TimeTotal,1210.3335001052467
27200.0,XRay,NumTotal,244.0
27200.0,XRay,SystemResponseTime_Success,1400.6968555438893
27200.0,XRay,BusyServers,6.0
27200.0,XRay,TimeQueue,1161.6126457944831
27200.0,XRay,TimeService,49.76809134978078
27200.0,XRay,NumQueue,238.0
27200.0,TraceDetection,TimeTotal,99.27859075746981
27200.0,TraceDetection,NumTotal,0.0
27200.0,TraceDetection,SystemResponseTime_Success,1400.6968555438893
27200.0,TraceDetection,BusyServers,0.0
27200.0,TraceDetection,TimeQueue,38.78737717503619
27200.0,TraceDetection,TimeService,60.49121358243361
27200.0,TraceDetection,NumQueue,0.0
27200.0,Recupero,TimeTotal,125.35004649976695
27200.0,Recupero,NumTotal,17.0
27200.0,Recupero,SystemResponseTime_Success,1400.6968555438893
27200.0,Recupero,BusyServers,17.0
27200.0,Recupero,TimeQueue,0.0
27200.0,Recupero,TimeService,125.35004649976695
27200.0,Recupero,NumQueue,0.0
27600.0,CheckIn,TimeTotal,111.42456651365775
27600.0,CheckIn,NumTotal,9.0
27600.0,CheckIn,SystemResponseTime_Success,1408.420164338103
27600.0,CheckIn,BusyServers,8.0
27600.0,CheckIn,TimeQueue,6.033758638825357
27600.0,CheckIn,TimeService,105.35917114967944
27600.0,CheckIn,NumQueue,1.0
27600.0,Varchi,TimeTotal,16.538917011075775
27600.0,Varchi,NumTotal,1.0
27600.0,Varchi,SystemResponseTime_Success,1408.420164338103
27600.0,Varchi,BusyServers,1.0
27600.0,Varchi,TimeQueue,2.9865434957665578
27600.0,Varchi,TimeService,13.55420857658207
27600.0,Varchi,NumQueue,0.0
27600.0,XRay,TimeTotal,1218.4030043647715
27600.0,XRay,NumTotal,243.0
27600.0,XRay,SystemResponseTime_Success,1408.420164338103
27600.0,XRay,BusyServers,6.0
27600.0,XRay,TimeQueue,1169.7189403979546
27600.0,XRay,TimeService,49.77911639107004
27600.0,XRay,NumQueue,237.0
27600.0,TraceDetection,TimeTotal,99.21328480868407
27600.0,TraceDetection,NumTotal,2.0
27600.0,TraceDetection,SystemResponseTime_Success,1408.420164338103
27600.0,TraceDetection,BusyServers,1.0
27600.0,TraceDetection,TimeQueue,39.20153882793333
27600.0,TraceDetection,TimeService,60.41865470167747
27600.0,TraceDetection,NumQueue,1.0
27600.0,Recupero,TimeTotal,125.27450878910646
27600.0,Recupero,NumTotal,17.0
27600.0,Recupero,SystemResponseTime_Success,1408.420164338103
27600.0,Recupero,BusyServers,17.0
27600.0,Recupero,TimeQueue,0.0
27600.0,Recupero,TimeService,125.27450878910646
27600.0,Recupero,NumQueue,0.0
28000.0,CheckIn,TimeTotal,111.399507471294
28000.0,CheckIn,NumTotal,7.0
28000.0,CheckIn,SystemResponseTime_Success,1417.694750622816
28000.0,CheckIn,BusyServers,7.0
28000.0,CheckIn,TimeQueue,5.967744412466034
28000.0,CheckIn,TimeService,105.41525364052696
28000.0,CheckIn,NumQueue,0.0
28000.0,Varchi,TimeTotal,16.543831594995233
28000.0,Varchi,NumTotal,2.0
28000.0,Varchi,SystemResponseTime_Success,1417.694750622816
28000.0,Varchi,BusyServers,2.0
28000.0,Varchi,TimeQueue,2.9891566674378884
28000.0,Varchi,TimeService,13.553838447228705
28000.0,Varchi,NumQueue,0.0
28000.0,XRay,TimeTotal,1227.2255252309856
28000.0,XRay,NumTotal,254.0
28000.0,XRay,SystemResponseTime_Success,1417.694750622816
28000.0,XRay,BusyServers,6.0
28000.0,XRay,TimeQueue,1178.6387482618602
28000.0,XRay,TimeService,49.8108713980414
28000.0,XRay,NumQueue,248.0
28000.0,TraceDetection,TimeTotal,100.03492136310192
28000.0,TraceDetection,NumTotal,1.0
28000.0,TraceDetection,SystemResponseTime_Success,1417.694750622816
28000.0,TraceDetection,BusyServers,1.0
28000.0,TraceDetection,TimeQueue,39.752914202101934
28000.0,TraceDetection,TimeService,60.56139509557692
28000.0,TraceDetection,NumQueue,0.0
28000.0,Recupero,TimeTotal,125.27126872510864
28000.0,Recupero,NumTotal,13.0
28000.0,Recupero,SystemResponseTime_Success,1417.694750622816
28000.0,Recupero,BusyServers,13.0
28000.0,Recupero,TimeQueue,0.0
28000.0,Recupero,TimeService,125.27126872510864
28000.0,Recupero,NumQueue,0.0
28400.0,Varchi,TimeTotal,16.522754493118597
28400.0,Varchi,NumTotal,1.0
28400.0,Varchi,SystemResponseTime_Success,1426.736741719417
28400.0,Varchi,BusyServers,1.0
28400.0,Varchi,TimeQueue,2.979935285772076
28400.0,Varchi,TimeService,13.542006793146406
28400.0,Varchi,NumQueue,0.0
28400.0,XRay,TimeTotal,1237.2562064571207
28400.0,XRay,NumTotal,257.0
28400.0,XRay,SystemResponseTime_Success,1426.736741719417
28400.0,XRay,BusyServers,6.0
28400.0,XRay,TimeQueue,1188.7606090482182
28400.0,XRay,TimeService,49.8260317785611
28400.0,XRay,NumQueue,251.0
28400.0,TraceDetection,TimeTotal,99.97605034145995
28400.0,TraceDetection,NumTotal,0.0
28400.0,TraceDetection,SystemResponseTime_Success,1426.736741719417
28400.0,TraceDetection,BusyServers,0.0
28400.0,TraceDetection,TimeQueue,39.3839018946172
28400.0,TraceDetection,TimeService,60.59214844684274
28400.0,TraceDetection,NumQueue,0.0
28400.0,Recupero,TimeTotal,125.28482228733489
28400.0,Recupero,NumTotal,17.0
28400.0,Recupero,SystemResponseTime_Success,1426.736741719417
28400.0,Recupero,BusyServers,17.0
28400.0,Recupero,TimeQueue,0.0
28400.0,Recupero,TimeService,125.28482228733489
28400.0,Recupero,NumQueue,0.0
28400.0,CheckIn,TimeTotal,111.25926754367218
28400.0,CheckIn,NumTotal,5.0
28400.0,CheckIn,SystemResponseTime_Success,1426.736741719417
28400.0,CheckIn,BusyServers,5.0
28400.0,CheckIn,TimeQueue,5.882429981980458
28400.0,CheckIn,TimeService,105.35573845845657
28400.0,CheckIn,NumQueue,0.0
28800.0,Varchi,TimeTotal,16.52250493565688
28800.0,Varchi,NumTotal,3.0
28800.0,Varchi,SystemResponseTime_Success,1437.3728516343074
28800.0,Varchi,BusyServers,2.0
28800.0,Varchi,TimeQueue,2.9795040955301566
28800.0,Varchi,TimeService,13.54139938670256
28800.0,Varchi,NumQueue,1.0
28800.0,XRay,TimeTotal,1247.5908141651335
28800.0,XRay,NumTotal,266.0
28800.0,XRay,SystemResponseTime_Success,1437.3728516343074
28800.0,XRay,BusyServers,6.0
28800.0,XRay,TimeQueue,1199.1085426105453
28800.0,XRay,TimeService,49.88171734403121
28800.0,XRay,NumQueue,260.0
28800.0,TraceDetection,TimeTotal,99.8980139644138
28800.0,TraceDetection,NumTotal,0.0
28800.0,TraceDetection,SystemResponseTime_Success,1437.3728516343074
28800.0,TraceDetection,BusyServers,0.0
28800.0,TraceDetection,TimeQueue,39.25305836672811
28800.0,TraceDetection,TimeService,60.64495559768569
28800.0,TraceDetection,NumQueue,0.0
28800.0,Recupero,TimeTotal,125.36786140171894
28800.0,Recupero,NumTotal,13.0
28800.0,Recupero,SystemResponseTime_Success,1437.3728516343074
28800.0,Recupero,BusyServers,13.0
28800.0,Recupero,TimeQueue,0.0
28800.0,Recupero,TimeService,125.36786140171894
28800.0,Recupero,NumQueue,0.0
28800.0,CheckIn,TimeTotal,111.22736901272059
28800.0,CheckIn,NumTotal,6.0
28800.0,CheckIn,SystemResponseTime_Success,1437.3728516343074
28800.0,CheckIn,BusyServers,6.0
28800.0,CheckIn,TimeQueue,5.820027966612915
28800.0,CheckIn,TimeService,105.3825397905682
28800.0,CheckIn,NumQueue,0.0
29200.0,CheckIn,TimeTotal,111.13868337190843
29200.0,CheckIn,NumTotal,5.0
29200.0,CheckIn,SystemResponseTime_Success,1448.4227913635782
29200.0,CheckIn,BusyServers,5.0
29200.0,CheckIn,TimeQueue,5.754908772580881
29200.0,CheckIn,TimeService,105.36358193696769
29200.0,CheckIn,NumQueue,0.0
29200.0,Varchi,TimeTotal,16.523250655849804
29200.0,Varchi,NumTotal,3.0
29200.0,Varchi,SystemResponseTime_Success,1448.4227913635782
29200.0,Varchi,BusyServers,2.0
29200.0,Varchi,TimeQueue,2.9765956083014005
29200.0,Varchi,TimeService,13.545075951734912
29200.0,Varchi,NumQueue,1.0
29200.0,XRay,TimeTotal,1259.38156476396
29200.0,XRay,NumTotal,267.0
29200.0,XRay,SystemResponseTime_Success,1448.4227913635782
29200.0,XRay,BusyServers,6.0
29200.0,XRay,TimeQueue,1210.917053630278
29200.0,XRay,TimeService,49.88639853445936
29200.0,XRay,NumQueue,261.0
29200.0,TraceDetection,TimeTotal,99.82568745260079
29200.0,TraceDetection,NumTotal,2.0
29200.0,TraceDetection,SystemResponseTime_Success,1448.4227913635782
29200.0,TraceDetection,BusyServers,1.0
29200.0,TraceDetection,TimeQueue,39.061186189565916
29200.0,TraceDetection,TimeService,60.798338555148064
29200.0,TraceDetection,NumQueue,1.0
29200.0,Recupero,TimeTotal,125.33432582835431
29200.0,Recupero,NumTotal,15.0
29200.0,Recupero,SystemResponseTime_Success,1448.4227913635782
29200.0,Recupero,BusyServers,15.0
29200.0,Recupero,TimeQueue,0.0
29200.0,Recupero,TimeService,125.33432582835431
29200.0,Recupero,NumQueue,0.0
29600.0,Varchi,TimeTotal,16.507643987984743
29600.0,Varchi,NumTotal,4.0
29600.0,Varchi,SystemResponseTime_Success,1459.208258968343
29600.0,Varchi,BusyServers,3.0
29600.0,Varchi,TimeQueue,2.964966346733468
29600.0,Varchi,TimeService,13.542259731337014
29600.0,Varchi,NumQueue,1.0
29600.0,XRay,TimeTotal,1270.5966363471298
29600.0,XRay,NumTotal,272.0
29600.0,XRay,SystemResponseTime_Success,1459.208258968343
29600.0,XRay,BusyServers,6.0
29600.0,XRay,TimeQueue,1222.0969693513573
29600.0,XRay,TimeService,49.89821632204678
29600.0,XRay,NumQueue,266.0
29600.0,TraceDetection,TimeTotal,99.83184013871876
29600.0,TraceDetection,NumTotal,1.0
29600.0,TraceDetection,SystemResponseTime_Success,1459.208258968343
29600.0,TraceDetection,BusyServers,1.0
29600.0,TraceDetection,TimeQueue,38.94198224309824
29600.0,TraceDetection,TimeService,60.85531657229113
29600.0,TraceDetection,NumQueue,0.0
29600.0,Recupero,TimeTotal,125.30257708983592
29600.0,Recupero,NumTotal,16.0
29600.0,Recupero,SystemResponseTime_Success,1459.208258968343
29600.0,Recupero,BusyServers,16.0
29600.0,Recupero,TimeQueue,0.0
29600.0,Recupero,TimeService,125.30257708983592
29600.0,Recupero,NumQueue,0.0
29600.0,CheckIn,TimeTotal,111.05861042515458
29600.0,CheckIn,NumTotal,6.0
29600.0,CheckIn,SystemResponseTime_Success,1459.208258968343
29600.0,CheckIn,BusyServers,6.0
29600.0,CheckIn,TimeQueue,5.800094306170821
29600.0,CheckIn,TimeService,105.30174108198594
29600.0,CheckIn,NumQueue,0.0
30000.0,Varchi,TimeTotal,16.53360634210172
30000.0,Varchi,NumTotal,3.0
30000.0,Varchi,SystemResponseTime_Success,1471.0336856037572
30000.0,Varchi,BusyServers,3.0
30000.0,Varchi,TimeQueue,2.975973009696403
30000.0,Varchi,TimeService,13.555328163536398
30000.0,Varchi,NumQueue,0.0
30000.0,XRay,TimeTotal,1282.2077019452531
30000.0,XRay,NumTotal,273.0
30000.0,XRay,SystemResponseTime_Success,1471.0336856037572
30000.0,XRay,BusyServers,6.0
30000.0,XRay,TimeQueue,1233.7569461011426
30000.0,XRay,TimeService,49.87817751592908
30000.0,XRay,NumQueue,267.0
30000.0,TraceDetection,TimeTotal,100.44635709088169
30000.0,TraceDetection,NumTotal,2.0
30000.0,TraceDetection,SystemResponseTime_Success,1471.0336856037572
30000.0,TraceDetection,BusyServers,1.0
30000.0,TraceDetection,TimeQueue,39.41380263770865
30000.0,TraceDetection,TimeService,60.90743127019618
30000.0,TraceDetection,NumQueue,1.0
30000.0,Recupero,TimeTotal,125.44269580285155
30000.0,Recupero,NumTotal,16.0
30000.0,Recupero,SystemResponseTime_Success,1471.0336856037572
30000.0,Recupero,BusyServers,16.0
30000.0,Recupero,TimeQueue,0.0
30000.0,Recupero,TimeService,125.44269580285155
30000.0,Recupero,NumQueue,0.0
30000.0,CheckIn,TimeTotal,110.92947721880222
30000.0,CheckIn,NumTotal,6.0
30000.0,CheckIn,SystemResponseTime_Success,1471.0336856037572
30000.0,CheckIn,BusyServers,6.0
30000.0,CheckIn,TimeQueue,5.725178064282822
30000.0,CheckIn,TimeService,105.18085132626993
30000.0,CheckIn,NumQueue,0.0
30400.0,Varchi,TimeTotal,16.550454128568784
30400.0,Varchi,NumTotal,1.0
30400.0,Varchi,SystemResponseTime_Success,1482.3314741571423
30400.0,Varchi,BusyServers,1.0
30400.0,Varchi,TimeQueue,2.990045806902422
30400.0,Varchi,TimeService,13.559646720594749
30400.0,Varchi,NumQueue,0.0
30400.0,XRay,TimeTotal,1292.6364658206255
30400.0,XRay,NumTotal,284.0
30400.0,XRay,SystemResponseTime_Success,1482.3314741571423
30400.0,XRay,BusyServers,6.0
30400.0,XRay,TimeQueue,1244.219581468006
30400.0,XRay,TimeService,49.94548189174387
30400.0,XRay,NumQueue,278.0
30400.0,TraceDetection,TimeTotal,100.11878033698773
30400.0,TraceDetection,NumTotal,2.0
30400.0,TraceDetection,SystemResponseTime_Success,1482.3314741571423
30400.0,TraceDetection,BusyServers,1.0
30400.0,TraceDetection,TimeQueue,39.13184592557542
30400.0,TraceDetection,TimeService,60.97358176475067
30400.0,TraceDetection,NumQueue,1.0
30400.0,Recupero,TimeTotal,125.55336778439468
30400.0,Recupero,NumTotal,11.0
30400.0,Recupero,SystemResponseTime_Success,1482.3314741571423
30400.0,Recupero,BusyServers,11.0
30400.0,Recupero,TimeQueue,0.0
30400.0,Recupero,TimeService,125.55336778439468
30400.0,Recupero,NumQueue,0.0
30400.0,CheckIn,TimeTotal,110.84223828846551
30400.0,CheckIn,NumTotal,5.0
30400.0,CheckIn,SystemResponseTime_Success,1482.3314741571423
30400.0,CheckIn,BusyServers,5.0
30400.0,CheckIn,TimeQueue,5.663575610329544
30400.0,CheckIn,TimeService,105.15955479820923
30400.0,CheckIn,NumQueue,0.0
30800.0,CheckIn,TimeTotal,110.86551936771167
30800.0,CheckIn,NumTotal,8.0
30800.0,CheckIn,SystemResponseTime_Success,1494.4183341973499
30800.0,CheckIn,BusyServers,8.0
30800.0,CheckIn,TimeQueue,5.687797921735449
30800.0,CheckIn,TimeService,105.2380753875699
30800.0,CheckIn,NumQueue,0.0
30800.0,Varchi,TimeTotal,16.55820847899961
30800.0,Varchi,NumTotal,7.0
30800.0,Varchi,SystemResponseTime_Success,1494.4183341973499
30800.0,Varchi,BusyServers,4.0
30800.0,Varchi,TimeQueue,2.9986231683467177
30800.0,Varchi,TimeService,13.56790850780503
30800.0,Varchi,NumQueue,3.0
30800.0,TraceDetection,TimeTotal,100.26126596378244
30800.0,TraceDetection,NumTotal,2.0
30800.0,TraceDetection,SystemResponseTime_Success,1494.4183341973499
30800.0,TraceDetection,BusyServers,1.0
30800.0,TraceDetection,TimeQueue,39.132702802436555
30800.0,TraceDetection,TimeService,61.00740928270055
30800.0,TraceDetection,NumQueue,1.0
30800.0,Recupero,TimeTotal,125.43859524440471
30800.0,Recupero,NumTotal,9.0
30800.0,Recupero,SystemResponseTime_Success,1494.4183341973499
30800.0,Recupero,BusyServers,9.0
30800.0,Recupero,TimeQueue,0.0
30800.0,Recupero,TimeService,125.43859524440471
30800.0,Recupero,NumQueue,0.0
30800.0,XRay,TimeTotal,1304.2285778769804
30800.0,XRay,NumTotal,281.0
30800.0,XRay,SystemResponseTime_Success,1494.4183341973499
30800.0,XRay,BusyServers,6.0
30800.0,XRay,TimeQueue,1255.8120125705711
30800.0,XRay,TimeService,49.967648528110836
30800.0,XRay,NumQueue,275.0
31200.0,XRay,TimeTotal,1316.541400067406
31200.0,XRay,NumTotal,284.0
31200.0,XRay,SystemResponseTime_Success,1505.3278103842592
31200.0,XRay,BusyServers,6.0
31200.0,XRay,TimeQueue,1268.1068132297396
31200.0,XRay,TimeService,49.975332726732965
31200.0,XRay,NumQueue,278.0
31200.0,TraceDetection,TimeTotal,101.322883360379
31200.0,TraceDetection,NumTotal,2.0
31200.0,TraceDetection,SystemResponseTime_Success,1505.3278103842592
31200.0,TraceDetection,BusyServers,1.0
31200.0,TraceDetection,TimeQueue,40.49352273166532
31200.0,TraceDetection,TimeService,61.16273402431962
31200.0,TraceDetection,NumQueue,1.0
31200.0,Recupero,TimeTotal,125.41777732003068
31200.0,Recupero,NumTotal,16.0
31200.0,Recupero,SystemResponseTime_Success,1505.3278103842592
31200.0,Recupero,BusyServers,16.0
31200.0,Recupero,TimeQueue,0.0
31200.0,Recupero,TimeService,125.41777732003068
31200.0,Recupero,NumQueue,0.0
31200.0,Varchi,TimeTotal,16.551549770478005
31200.0,Varchi,NumTotal,1.0
31200.0,Varchi,SystemResponseTime_Success,1505.3278103842592
31200.0,Varchi,BusyServers,1.0
31200.0,Varchi,TimeQueue,2.99231575153664
31200.0,Varchi,TimeService,13.558489661789196
31200.0,Varchi,NumQueue,0.0
31200.0,CheckIn,TimeTotal,111.03532979731354
31200.0,CheckIn,NumTotal,6.0
31200.0,CheckIn,SystemResponseTime_Success,1505.3278103842592
31200.0,CheckIn,BusyServers,6.0
31200.0,CheckIn,TimeQueue,5.670118279335833
31200.0,CheckIn,TimeService,105.34287356021294
31200.0,CheckIn,NumQueue,0.0
31600.0,XRay,TimeTotal,1328.1366437137945
31600.0,XRay,NumTotal,287.0
31600.0,XRay,SystemResponseTime_Success,1517.1681933906164
31600.0,XRay,BusyServers,6.0
31600.0,XRay,TimeQueue,1279.6935088541209
31600.0,XRay,TimeService,50.00154415552268
31600.0,XRay,NumQueue,281.0
31600.0,Recupero,TimeTotal,125.46426091012425
31600.0,Recupero,NumTotal,16.0
31600.0,Recupero,SystemResponseTime_Success,1517.1681933906164
31600.0,Recupero,BusyServers,16.0
31600.0,Recupero,TimeQueue,0.0
31600.0,Recupero,TimeService,125.46426091012425
31600.0,Recupero,NumQueue,0.0
31600.0,TraceDetection,TimeTotal,102.75079045449071
31600.0,TraceDetection,NumTotal,0.0
31600.0,TraceDetection,SystemResponseTime_Success,1517.1681933906164
31600.0,TraceDetection,BusyServers,0.0
31600.0,TraceDetection,TimeQueue,41.41593674551832
31600.0,TraceDetection,TimeService,61.33485370897237
31600.0,TraceDetection,NumQueue,0.0
31600.0,Varchi,TimeTotal,16.551505488097774
31600.0,Varchi,NumTotal,0.0
31600.0,Varchi,SystemResponseTime_Success,1517.1681933906164
31600.0,Varchi,BusyServers,0.0
31600.0,Varchi,TimeQueue,2.9915091525465907
31600.0,Varchi,TimeService,13.55999633555114
31600.0,Varchi,NumQueue,0.0
31600.0,CheckIn,TimeTotal,110.94726476402678
31600.0,CheckIn,NumTotal,9.0
31600.0,CheckIn,SystemResponseTime_Success,1517.1681933906164
31600.0,CheckIn,BusyServers,8.0
31600.0,CheckIn,TimeQueue,5.766829127502138
31600.0,CheckIn,TimeService,105.3060540888479
31600.0,CheckIn,NumQueue,1.0
32000.0,CheckIn,TimeTotal,111.14541341011505
32000.0,CheckIn,NumTotal,4.0
32000.0,CheckIn,SystemResponseTime_Success,1528.9024177744102
32000.0,CheckIn,BusyServers,4.0
32000.0,CheckIn,TimeQueue,5.791021692636052
32000.0,CheckIn,TimeService,105.33964691367875
32000.0,CheckIn,NumQueue,0.0
32000.0,XRay,TimeTotal,1340.5274488625741
32000.0,XRay,NumTotal,287.0
32000.0,XRay,SystemResponseTime_Success,1528.9024177744102
32000.0,XRay,BusyServers,6.0
32000.0,XRay,TimeQueue,1292.0933518931056
32000.0,XRay,TimeService,50.01880074394347
32000.0,XRay,NumQueue,281.0
32000.0,TraceDetection,TimeTotal,102.60596377988031
32000.0,TraceDetection,NumTotal,2.0
32000.0,TraceDetection,SystemResponseTime_Success,1528.9024177744102
32000.0,TraceDetection,BusyServers,1.0
32000.0,TraceDetection,TimeQueue,41.32324478629303
32000.0,TraceDetection,TimeService,61.361609560610425
32000.0,TraceDetection,NumQueue,1.0
32000.0,Recupero,TimeTotal,125.51512619866502
32000.0,Recupero,NumTotal,16.0
32000.0,Recupero,SystemResponseTime_Success,1528.9024177744102
32000.0,Recupero,BusyServers,16.0
32000.0,Recupero,TimeQueue,0.0
32000.0,Recupero,TimeService,125.51512619866502
32000.0,Recupero,NumQueue,0.0
32000.0,Varchi,TimeTotal,16.545070211910907
32000.0,Varchi,NumTotal,3.0
32000.0,Varchi,SystemResponseTime_Success,1528.9024177744102
32000.0,Varchi,BusyServers,2.0
32000.0,Varchi,TimeQueue,2.9840003799808175
32000.0,Varchi,TimeService,13.559619880336278
32000.0,Varchi,NumQueue,1.0
32400.0,Varchi,TimeTotal,16.563700377890985
32400.0,Varchi,NumTotal,2.0
32400.0,Varchi,SystemResponseTime_Success,1542.2361968242378
32400.0,Varchi,BusyServers,2.0
32400.0,Varchi,TimeQueue,2.9940758345872247
32400.0,Varchi,TimeService,13.568187846646067
32400.0,Varchi,NumQueue,0.0
32400.0,TraceDetection,TimeTotal,102.99971697155149
32400.0,TraceDetection,NumTotal,0.0
32400.0,TraceDetection,SystemResponseTime_Success,1542.2361968242378
32400.0,TraceDetection,BusyServers,0.0
32400.0,TraceDetection,TimeQueue,41.485594001735535
32400.0,TraceDetection,TimeService,61.51412296981592
32400.0,TraceDetection,NumQueue,0.0
32400.0,Recupero,TimeTotal,125.44966929709298
32400.0,Recupero,NumTotal,17.0
32400.0,Recupero,SystemResponseTime_Success,1542.2361968242378
32400.0,Recupero,BusyServers,17.0
32400.0,Recupero,TimeQueue,0.0
32400.0,Recupero,TimeService,125.44966929709298
32400.0,Recupero,NumQueue,0.0
32400.0,XRay,TimeTotal,1353.564079790714
32400.0,XRay,NumTotal,290.0
32400.0,XRay,SystemResponseTime_Success,1542.2361968242378
32400.0,XRay,BusyServers,6.0
32400.0,XRay,TimeQueue,1305.1124288134433
32400.0,XRay,TimeService,50.01341737373818
32400.0,XRay,NumQueue,284.0
32400.0,CheckIn,TimeTotal,111.04690702673814
32400.0,CheckIn,NumTotal,13.0
32400.0,CheckIn,SystemResponseTime_Success,1542.2361968242378
32400.0,CheckIn,BusyServers,8.0
32400.0,CheckIn,TimeQueue,5.8080141923984
32400.0,CheckIn,TimeService,105.3141231386794
32400.0,CheckIn,NumQueue,5.0
32800.0,CheckIn,TimeTotal,111.23095350770939
32800.0,CheckIn,NumTotal,6.0
32800.0,CheckIn,SystemResponseTime_Success,1554.765115737999
32800.0,CheckIn,BusyServers,6.0
32800.0,CheckIn,TimeQueue,5.992677863735315
32800.0,CheckIn,TimeService,105.21592880296593
32800.0,CheckIn,NumQueue,0.0
32800.0,Varchi,TimeTotal,16.570099582292254
32800.0,Varchi,NumTotal,1.0
32800.0,Varchi,SystemResponseTime_Success,1554.765115737999
32800.0,Varchi,BusyServers,1.0
32800.0,Varchi,TimeQueue,2.999208829518
32800.0,Varchi,TimeService,13.570180880861923
32800.0,Varchi,NumQueue,0.0
32800.0,TraceDetection,TimeTotal,102.57861939510248
32800.0,TraceDetection,NumTotal,0.0
32800.0,TraceDetection,SystemResponseTime_Success,1554.765115737999
32800.0,TraceDetection,BusyServers,0.0
32800.0,TraceDetection,TimeQueue,41.052473620442825
32800.0,TraceDetection,TimeService,61.52614577465961
32800.0,TraceDetection,NumQueue,0.0
32800.0,Recupero,TimeTotal,125.5297785306885
32800.0,Recupero,NumTotal,14.0
32800.0,Recupero,SystemResponseTime_Success,1554.765115737999
32800.0,Recupero,BusyServers,14.0
32800.0,Recupero,TimeQueue,0.0
32800.0,Recupero,TimeService,125.5297785306885
32800.0,Recupero,NumQueue,0.0
32800.0,XRay,TimeTotal,1365.2561783522892
32800.0,XRay,NumTotal,303.0
32800.0,XRay,SystemResponseTime_Success,1554.765115737999
32800.0,XRay,BusyServers,6.0
32800.0,XRay,TimeQueue,1316.7875011765866
32800.0,XRay,TimeService,50.063519371572795
32800.0,XRay,NumQueue,297.0
33200.0,Recupero,TimeTotal,125.51836492589689
33200.0,Recupero,NumTotal,16.0
33200.0,Recupero,SystemResponseTime_Success,1565.535012639863
33200.0,Recupero,BusyServers,16.0
33200.0,Recupero,TimeQueue,0.0
33200.0,Recupero,TimeService,125.51836492589689
33200.0,Recupero,NumQueue,0.0
33200.0,XRay,TimeTotal,1377.5336332140796
33200.0,XRay,NumTotal,312.0
33200.0,XRay,SystemResponseTime_Success,1565.535012639863
33200.0,XRay,BusyServers,6.0
33200.0,XRay,TimeQueue,1329.0362122113122
33200.0,XRay,TimeService,50.07031160013664
33200.0,XRay,NumQueue,306.0
33200.0,TraceDetection,TimeTotal,102.43833828267998
33200.0,TraceDetection,NumTotal,3.0
33200.0,TraceDetection,SystemResponseTime_Success,1565.535012639863
33200.0,TraceDetection,BusyServers,1.0
33200.0,TraceDetection,TimeQueue,41.11464063450168
33200.0,TraceDetection,TimeService,61.45955934696508
33200.0,TraceDetection,NumQueue,2.0
33200.0,Varchi,TimeTotal,16.552600161613874
33200.0,Varchi,NumTotal,2.0
33200.0,Varchi,SystemResponseTime_Success,1565.535012639863
33200.0,Varchi,BusyServers,1.0
33200.0,Varchi,TimeQueue,2.990675279585099
33200.0,Varchi,TimeService,13.561408592811116
33200.0,Varchi,NumQueue,1.0
33200.0,CheckIn,TimeTotal,111.2019980722215
33200.0,CheckIn,NumTotal,4.0
33200.0,CheckIn,SystemResponseTime_Success,1565.535012639863
33200.0,CheckIn,BusyServers,4.0
33200.0,CheckIn,TimeQueue,6.008209565315637
33200.0,CheckIn,TimeService,105.17906250306952
33200.0,CheckIn,NumQueue,0.0
33600.0,XRay,TimeTotal,1389.6174904080308
33600.0,XRay,NumTotal,302.0
33600.0,XRay,SystemResponseTime_Success,1577.9985306920628
33600.0,XRay,BusyServers,6.0
33600.0,XRay,TimeQueue,1341.1003690629689
33600.0,XRay,TimeService,50.098204931220074
33600.0,XRay,NumQueue,296.0
33600.0,Recupero,TimeTotal,125.48761067605273
33600.0,Recupero,NumTotal,18.0
33600.0,Recupero,SystemResponseTime_Success,1577.9985306920628
33600.0,Recupero,BusyServers,18.0
33600.0,Recupero,TimeQueue,0.0
33600.0,Recupero,TimeService,125.48761067605273
33600.0,Recupero,NumQueue,0.0
33600.0,TraceDetection,TimeTotal,102.72389133418099
33600.0,TraceDetection,NumTotal,0.0
33600.0,TraceDetection,SystemResponseTime_Success,1577.9985306920628
33600.0,TraceDetection,BusyServers,0.0
33600.0,TraceDetection,TimeQueue,41.32230376321733
33600.0,TraceDetection,TimeService,61.401587570963635
33600.0,TraceDetection,NumQueue,0.0
33600.0,CheckIn,TimeTotal,111.17102732432163
33600.0,CheckIn,NumTotal,5.0
33600.0,CheckIn,SystemResponseTime_Success,1577.9985306920628
33600.0,CheckIn,BusyServers,5.0
33600.0,CheckIn,TimeQueue,5.954373121415186
33600.0,CheckIn,TimeService,105.19862157685755
33600.0,CheckIn,NumQueue,0.0
33600.0,Varchi,TimeTotal,16.53830006268735
33600.0,Varchi,NumTotal,5.0
33600.0,Varchi,SystemResponseTime_Success,1577.9985306920628
33600.0,Varchi,BusyServers,4.0
33600.0,Varchi,TimeQueue,2.9764684407586754
33600.0,Varchi,TimeService,13.559074994523472
33600.0,Varchi,NumQueue,1.0
34000.0,XRay,TimeTotal,1402.0616440456852
34000.0,XRay,NumTotal,306.0
34000.0,XRay,SystemResponseTime_Success,1589.8196025033906
34000.0,XRay,BusyServers,6.0
34000.0,XRay,TimeQueue,1353.503926518579
34000.0,XRay,TimeService,50.06450609489167
34000.0,XRay,NumQueue,300.0
34000.0,Varchi,TimeTotal,16.54192698295858
34000.0,Varchi,NumTotal,2.0
34000.0,Varchi,SystemResponseTime_Success,1589.8196025033906
34000.0,Varchi,BusyServers,2.0
34000.0,Varchi,TimeQueue,2.9785017520987904
34000.0,Varchi,TimeService,13.562062695749038
34000.0,Varchi,NumQueue,0.0
34000.0,CheckIn,TimeTotal,111.14173490197074
34000.0,CheckIn,NumTotal,5.0
34000.0,CheckIn,SystemResponseTime_Success,1589.8196025033906
34000.0,CheckIn,BusyServers,5.0
34000.0,CheckIn,TimeQueue,5.897393474320304
34000.0,CheckIn,TimeService,105.22665278495622
34000.0,CheckIn,NumQueue,0.0
34000.0,Recupero,TimeTotal,125.48763694907815
34000.0,Recupero,NumTotal,21.0
34000.0,Recupero,SystemResponseTime_Success,1589.8196025033906
34000.0,Recupero,BusyServers,21.0
34000.0,Recupero,TimeQueue,0.0
34000.0,Recupero,TimeService,125.48763694907815
34000.0,Recupero,NumQueue,0.0
34000.0,TraceDetection,TimeTotal,102.56180763843902
34000.0,TraceDetection,NumTotal,1.0
34000.0,TraceDetection,SystemResponseTime_Success,1589.8196025033906
34000.0,TraceDetection,BusyServers,1.0
34000.0,TraceDetection,TimeQueue,41.21361812398181
34000.0,TraceDetection,TimeService,61.42094578755883
34000.0,TraceDetection,NumQueue,0.0
34400.0,CheckIn,TimeTotal,111.00582347139702
34400.0,CheckIn,NumTotal,4.0
34400.0,CheckIn,SystemResponseTime_Success,1603.046268353854
34400.0,CheckIn,BusyServers,4.0
34400.0,CheckIn,TimeQueue,5.844956662159779
34400.0,CheckIn,TimeService,105.14697505246463
34400.0,CheckIn,NumQueue,0.0
34400.0,XRay,TimeTotal,1414.6890702323726
34400.0,XRay,NumTotal,294.0
34400.0,XRay,SystemResponseTime_Success,1603.046268353854
34400.0,XRay,BusyServers,6.0
34400.0,XRay,TimeQueue,1366.1230197328393
34400.0,XRay,TimeService,50.05261026327958
34400.0,XRay,NumQueue,288.0
34400.0,TraceDetection,TimeTotal,102.43250562695475
34400.0,TraceDetection,NumTotal,1.0
34400.0,TraceDetection,SystemResponseTime_Success,1603.046268353854
34400.0,TraceDetection,BusyServers,1.0
34400.0,TraceDetection,TimeQueue,40.90291667251347
34400.0,TraceDetection,TimeService,61.448489832354426
34400.0,TraceDetection,NumQueue,0.0
34400.0,Recupero,TimeTotal,125.41060218016528
34400.0,Recupero,NumTotal,16.0
34400.0,Recupero,SystemResponseTime_Success,1603.046268353854
34400.0,Recupero,BusyServers,16.0
34400.0,Recupero,TimeQueue,0.0
34400.0,Recupero,TimeService,125.41060218016528
34400.0,Recupero,NumQueue,0.0
34400.0,Varchi,TimeTotal,16.529411152722
34400.0,Varchi,NumTotal,4.0
34400.0,Varchi,SystemResponseTime_Success,1603.046268353854
34400.0,Varchi,BusyServers,3.0
34400.0,Varchi,TimeQueue,2.9711207457198636
34400.0,Varchi,TimeService,13.556269236426811
34400.0,Varchi,NumQueue,1.0
34800.0,Recupero,TimeTotal,125.37618472905436
34800.0,Recupero,NumTotal,13.0
34800.0,Recupero,SystemResponseTime_Success,1615.9497085882197
34800.0,Recupero,BusyServers,13.0
34800.0,Recupero,TimeQueue,0.0
34800.0,Recupero,TimeService,125.37618472905436
34800.0,Recupero,NumQueue,0.0
34800.0,TraceDetection,TimeTotal,101.98047934241279
34800.0,TraceDetection,NumTotal,2.0
34800.0,TraceDetection,SystemResponseTime_Success,1615.9497085882197
34800.0,TraceDetection,BusyServers,1.0
34800.0,TraceDetection,TimeQueue,40.570604311050936
34800.0,TraceDetection,TimeService,61.47057827666243
34800.0,TraceDetection,NumQueue,1.0
34800.0,XRay,TimeTotal,1426.092327970558
34800.0,XRay,NumTotal,304.0
34800.0,XRay,SystemResponseTime_Success,1615.9497085882197
34800.0,XRay,BusyServers,6.0
34800.0,XRay,TimeQueue,1377.5481923123093
34800.0,XRay,TimeService,50.044625762456526
34800.0,XRay,NumQueue,298.0
34800.0,Varchi,TimeTotal,16.547845642594982
34800.0,Varchi,NumTotal,1.0
34800.0,Varchi,SystemResponseTime_Success,1615.9497085882197
34800.0,Varchi,BusyServers,1.0
34800.0,Varchi,TimeQueue,2.987514430927747
34800.0,Varchi,TimeService,13.562410631182798
34800.0,Varchi,NumQueue,0.0
34800.0,CheckIn,TimeTotal,110.85910787181439
34800.0,CheckIn,NumTotal,6.0
34800.0,CheckIn,SystemResponseTime_Success,1615.9497085882197
34800.0,CheckIn,BusyServers,6.0
34800.0,CheckIn,TimeQueue,5.776474451706823
34800.0,CheckIn,TimeService,105.06225784884953
34800.0,CheckIn,NumQueue,0.0
35200.0,TraceDetection,TimeTotal,102.03248742245907
35200.0,TraceDetection,NumTotal,1.0
35200.0,TraceDetection,SystemResponseTime_Success,1627.775604617031
35200.0,TraceDetection,BusyServers,1.0
35200.0,TraceDetection,TimeQueue,40.306915293066936
35200.0,TraceDetection,TimeService,61.61604246826964
35200.0,TraceDetection,NumQueue,0.0
35200.0,XRay,TimeTotal,1438.0638599259876
35200.0,XRay,NumTotal,313.0
35200.0,XRay,SystemResponseTime_Success,1627.775604617031
35200.0,XRay,BusyServers,6.0
35200.0,XRay,TimeQueue,1389.5536916606484
35200.0,XRay,TimeService,50.042598364658325
35200.0,XRay,NumQueue,307.0
35200.0,Recupero,TimeTotal,125.40262696068362
35200.0,Recupero,NumTotal,13.0
35200.0,Recupero,SystemResponseTime_Success,1627.775604617031
35200.0,Recupero,BusyServers,13.0
35200.0,Recupero,TimeQueue,0.0
35200.0,Recupero,TimeService,125.40262696068362
35200.0,Recupero,NumQueue,0.0
35200.0,Varchi,TimeTotal,16.545165419755943
35200.0,Varchi,NumTotal,4.0
35200.0,Varchi,SystemResponseTime_Success,1627.775604617031
35200.0,Varchi,BusyServers,2.0
35200.0,Varchi,TimeQueue,2.9881893003156015
35200.0,Varchi,TimeService,13.555655080846043
35200.0,Varchi,NumQueue,2.0
35200.0,CheckIn,TimeTotal,110.87540996499072
35200.0,CheckIn,NumTotal,7.0
35200.0,CheckIn,SystemResponseTime_Success,1627.775604617031
35200.0,CheckIn,BusyServers,7.0
35200.0,CheckIn,TimeQueue,5.7228333656782056
35200.0,CheckIn,TimeService,105.12923170796087
35200.0,CheckIn,NumQueue,0.0
35600.0,XRay,TimeTotal,1450.3575158101944
35600.0,XRay,NumTotal,320.0
35600.0,XRay,SystemResponseTime_Success,1640.0232034889198
35600.0,XRay,BusyServers,6.0
35600.0,XRay,TimeQueue,1401.8239128113587
35600.0,XRay,TimeService,50.04411931197257
35600.0,XRay,NumQueue,314.0
35600.0,CheckIn,TimeTotal,110.86277286533262
35600.0,CheckIn,NumTotal,7.0
35600.0,CheckIn,SystemResponseTime_Success,1640.0232034889198
35600.0,CheckIn,BusyServers,7.0
35600.0,CheckIn,TimeQueue,5.653923101527264
35600.0,CheckIn,TimeService,105.18606481175563
35600.0,CheckIn,NumQueue,0.0
35600.0,TraceDetection,TimeTotal,101.8762965900325
35600.0,TraceDetection,NumTotal,0.0
35600.0,TraceDetection,SystemResponseTime_Success,1640.0232034889198
35600.0,TraceDetection,BusyServers,0.0
35600.0,TraceDetection,TimeQueue,40.19797768416676
35600.0,TraceDetection,TimeService,61.67831890586571
35600.0,TraceDetection,NumQueue,0.0
35600.0,Varchi,TimeTotal,16.53732622368021
35600.0,Varchi,NumTotal,1.0
35600.0,Varchi,SystemResponseTime_Success,1640.0232034889198
35600.0,Varchi,BusyServers,1.0
35600.0,Varchi,TimeQueue,2.9848931439960835
35600.0,Varchi,TimeService,13.55178121396148
35600.0,Varchi,NumQueue,0.0
35600.0,Recupero,TimeTotal,125.39848451675222
35600.0,Recupero,NumTotal,15.0
35600.0,Recupero,SystemResponseTime_Success,1640.0232034889198
35600.0,Recupero,BusyServers,15.0
35600.0,Recupero,TimeQueue,0.0
35600.0,Recupero,TimeService,125.39848451675222
35600.0,Recupero,NumQueue,0.0
36000.0,Recupero,TimeTotal,125.43788927529425
36000.0,Recupero,NumTotal,15.0
36000.0,Recupero,SystemResponseTime_Success,1652.1913730864044
36000.0,Recupero,BusyServers,15.0
36000.0,Recupero,TimeQueue,0.0
36000.0,Recupero,TimeService,125.43788927529425
36000.0,Recupero,NumQueue,0.0
36000.0,TraceDetection,TimeTotal,101.51615690973021
36000.0,TraceDetection,NumTotal,1.0
36000.0,TraceDetection,SystemResponseTime_Success,1652.1913730864044
36000.0,TraceDetection,BusyServers,1.0
36000.0,TraceDetection,TimeQueue,39.93136317252271
36000.0,TraceDetection,TimeService,61.64148735707147
36000.0,TraceDetection,NumQueue,0.0
36000.0,XRay,TimeTotal,1463.4015011285383
36000.0,XRay,NumTotal,326.0
36000.0,XRay,SystemResponseTime_Success,1652.1913730864044
36000.0,XRay,BusyServers,6.0
36000.0,XRay,TimeQueue,1414.847685906269
36000.0,XRay,TimeService,50.01939905247761
36000.0,XRay,NumQueue,320.0
36000.0,CheckIn,TimeTotal,110.81427379547488
36000.0,CheckIn,NumTotal,4.0
36000.0,CheckIn,SystemResponseTime_Success,1652.1913730864044
36000.0,CheckIn,BusyServers,4.0
36000.0,CheckIn,TimeQueue,5.635071788818257
36000.0,CheckIn,TimeService,105.16640956218728
36000.0,CheckIn,NumQueue,0.0
36000.0,Varchi,TimeTotal,16.531978858269206
36000.0,Varchi,NumTotal,0.0
36000.0,Varchi,SystemResponseTime_Success,1652.1913730864044
36000.0,Varchi,BusyServers,0.0
36000.0,Varchi,TimeQueue,2.984241094067227
36000.0,Varchi,TimeService,13.54773776420197
36000.0,Varchi,NumQueue,0.0
36400.0,XRay,TimeTotal,1474.7683827993192
36400.0,XRay,NumTotal,325.0
36400.0,XRay,SystemResponseTime_Success,1664.0996829803407
36400.0,XRay,BusyServers,6.0
36400.0,XRay,TimeQueue,1426.168682615099
36400.0,XRay,TimeService,50.04205134941399
36400.0,XRay,NumQueue,319.0
36400.0,CheckIn,TimeTotal,110.7590494751778
36400.0,CheckIn,NumTotal,7.0
36400.0,CheckIn,SystemResponseTime_Success,1664.0996829803407
36400.0,CheckIn,BusyServers,7.0
36400.0,CheckIn,TimeQueue,5.581344239513764
36400.0,CheckIn,TimeService,105.15570669417963
36400.0,CheckIn,NumQueue,0.0
36400.0,Varchi,TimeTotal,16.532061052136136
36400.0,Varchi,NumTotal,0.0
36400.0,Varchi,SystemResponseTime_Success,1664.0996829803407
36400.0,Varchi,BusyServers,0.0
36400.0,Varchi,TimeQueue,2.9819369456334055
36400.0,Varchi,TimeService,13.550124106502713
36400.0,Varchi,NumQueue,0.0
36400.0,Recupero,TimeTotal,125.4103156058477
36400.0,Recupero,NumTotal,14.0
36400.0,Recupero,SystemResponseTime_Success,1664.0996829803407
36400.0,Recupero,BusyServers,14.0
36400.0,Recupero,TimeQueue,0.0
36400.0,Recupero,TimeService,125.4103156058477
36400.0,Recupero,NumQueue,0.0
36400.0,TraceDetection,TimeTotal,101.44649284164315
36400.0,TraceDetection,NumTotal,1.0
36400.0,TraceDetection,SystemResponseTime_Success,1664.0996829803407
36400.0,TraceDetection,BusyServers,1.0
36400.0,TraceDetection,TimeQueue,39.717828750707206
36400.0,TraceDetection,TimeService,61.67541013364576
36400.0,TraceDetection,NumQueue,0.0
36800.0,TraceDetection,TimeTotal,101.22834251796534
36800.0,TraceDetection,NumTotal,1.0
36800.0,TraceDetection,SystemResponseTime_Success,1676.0790298810866
36800.0,TraceDetection,BusyServers,1.0
36800.0,TraceDetection,TimeQueue,39.50933621133341
36800.0,TraceDetection,TimeService,61.615034369233655
36800.0,TraceDetection,NumQueue,0.0
36800.0,Varchi,TimeTotal,16.53631287795514
36800.0,Varchi,NumTotal,4.0
36800.0,Varchi,SystemResponseTime_Success,1676.0790298810866
36800.0,Varchi,BusyServers,3.0
36800.0,Varchi,TimeQueue,2.984539864398695
36800.0,Varchi,TimeService,13.551568493428936
36800.0,Varchi,NumQueue,1.0
36800.0,XRay,TimeTotal,1486.6147034382263
36800.0,XRay,NumTotal,331.0
36800.0,XRay,SystemResponseTime_Success,1676.0790298810866
36800.0,XRay,BusyServers,6.0
36800.0,XRay,TimeQueue,1437.9464775533913
36800.0,XRay,TimeService,50.053503724239775
36800.0,XRay,NumQueue,325.0
36800.0,Recupero,TimeTotal,125.43237240733836
36800.0,Recupero,NumTotal,15.0
36800.0,Recupero,SystemResponseTime_Success,1676.0790298810866
36800.0,Recupero,BusyServers,15.0
36800.0,Recupero,TimeQueue,0.0
36800.0,Recupero,TimeService,125.43237240733836
36800.0,Recupero,NumQueue,0.0
36800.0,CheckIn,TimeTotal,110.78381321019907
36800.0,CheckIn,NumTotal,2.0
36800.0,CheckIn,SystemResponseTime_Success,1676.0790298810866
36800.0,CheckIn,BusyServers,2.0
36800.0,CheckIn,TimeQueue,5.544174049086375
36800.0,CheckIn,TimeService,105.23347211545202
36800.0,CheckIn,NumQueue,0.0
37200.0,TraceDetection,TimeTotal,101.34205281028319
37200.0,TraceDetection,NumTotal,0.0
37200.0,TraceDetection,SystemResponseTime_Success,1686.3608978139098
37200.0,TraceDetection,BusyServers,0.0
37200.0,TraceDetection,TimeQueue,39.619873486422286
37200.0,TraceDetection,TimeService,61.72217932386088
37200.0,TraceDetection,NumQueue,0.0
37200.0,Recupero,TimeTotal,125.44529716104115
37200.0,Recupero,NumTotal,14.0
37200.0,Recupero,SystemResponseTime_Success,1686.3608978139098
37200.0,Recupero,BusyServers,14.0
37200.0,Recupero,TimeQueue,0.0
37200.0,Recupero,TimeService,125.44529716104115
37200.0,Recupero,NumQueue,0.0
37200.0,Varchi,TimeTotal,16.55262332387864
37200.0,Varchi,NumTotal,2.0
37200.0,Varchi,SystemResponseTime_Success,1686.3608978139098
37200.0,Varchi,BusyServers,2.0
37200.0,Varchi,TimeQueue,2.9943561820462223
37200.0,Varchi,TimeService,13.557018713155294
37200.0,Varchi,NumQueue,0.0
37200.0,CheckIn,TimeTotal,110.92191795780786
37200.0,CheckIn,NumTotal,2.0
37200.0,CheckIn,SystemResponseTime_Success,1686.3608978139098
37200.0,CheckIn,BusyServers,2.0
37200.0,CheckIn,TimeQueue,5.686811056899589
37200.0,CheckIn,TimeService,105.22886794198693
37200.0,CheckIn,NumQueue,0.0
37200.0,XRay,TimeTotal,1496.4742970737746
37200.0,XRay,NumTotal,351.0
37200.0,XRay,SystemResponseTime_Success,1686.3608978139098
37200.0,XRay,BusyServers,6.0
37200.0,XRay,TimeQueue,1447.827551170901
37200.0,XRay,TimeService,50.09285103100369
37200.0,XRay,NumQueue,345.0
37600.0,Varchi,TimeTotal,16.55028064375027
37600.0,Varchi,NumTotal,3.0
37600.0,Varchi,SystemResponseTime_Success,1697.6844218665112
37600.0,Varchi,BusyServers,3.0
37600.0,Varchi,TimeQueue,2.997601471258863
37600.0,Varchi,TimeService,13.554644255357408
37600.0,Varchi,NumQueue,0.0
37600.0,XRay,TimeTotal,1509.0246199490323
37600.0,XRay,NumTotal,347.0
37600.0,XRay,SystemResponseTime_Success,1697.6844218665112
37600.0,XRay,BusyServers,6.0
37600.0,XRay,TimeQueue,1460.3978038041755
37600.0,XRay,TimeService,50.0820539064238
37600.0,XRay,NumQueue,341.0
37600.0,TraceDetection,TimeTotal,100.96066933488983
37600.0,TraceDetection,NumTotal,2.0
37600.0,TraceDetection,SystemResponseTime_Success,1697.6844218665112
37600.0,TraceDetection,BusyServers,1.0
37600.0,TraceDetection,TimeQueue,39.30402250943031
37600.0,TraceDetection,TimeService,61.62910026887968
37600.0,TraceDetection,NumQueue,1.0
37600.0,Recupero,TimeTotal,125.410516572874
37600.0,Recupero,NumTotal,16.0
37600.0,Recupero,SystemResponseTime_Success,1697.6844218665112
37600.0,Recupero,BusyServers,16.0
37600.0,Recupero,TimeQueue,0.0
37600.0,Recupero,TimeService,125.410516572874
37600.0,Recupero,NumQueue,0.0
37600.0,CheckIn,TimeTotal,110.85552193163937
37600.0,CheckIn,NumTotal,3.0
37600.0,CheckIn,SystemResponseTime_Success,1697.6844218665112
37600.0,CheckIn,BusyServers,3.0
37600.0,CheckIn,TimeQueue,5.631269766056294
37600.0,CheckIn,TimeService,105.21507074748637
37600.0,CheckIn,NumQueue,0.0
38000.0,TraceDetection,TimeTotal,100.40924244235177
38000.0,TraceDetection,NumTotal,1.0
38000.0,TraceDetection,SystemResponseTime_Success,1709.748243364513
38000.0,TraceDetection,BusyServers,1.0
38000.0,TraceDetection,TimeQueue,38.88060831005323
38000.0,TraceDetection,TimeService,61.42995238531867
38000.0,TraceDetection,NumQueue,0.0
38000.0,XRay,TimeTotal,1521.6242054270754
38000.0,XRay,NumTotal,348.0
38000.0,XRay,SystemResponseTime_Success,1709.748243364513
38000.0,XRay,BusyServers,6.0
38000.0,XRay,TimeQueue,1473.0488438457126
38000.0,XRay,TimeService,50.05781157746544
38000.0,XRay,NumQueue,342.0
38000.0,Varchi,TimeTotal,16.545637387248906
38000.0,Varchi,NumTotal,4.0
38000.0,Varchi,SystemResponseTime_Success,1709.748243364513
38000.0,Varchi,BusyServers,3.0
38000.0,Varchi,TimeQueue,2.998790696078429
38000.0,Varchi,TimeService,13.547898490364485
38000.0,Varchi,NumQueue,1.0
38000.0,Recupero,TimeTotal,125.37892151523802
38000.0,Recupero,NumTotal,17.0
38000.0,Recupero,SystemResponseTime_Success,1709.748243364513
38000.0,Recupero,BusyServers,17.0
38000.0,Recupero,TimeQueue,0.0
38000.0,Recupero,TimeService,125.37892151523802
38000.0,Recupero,NumQueue,0.0
38000.0,CheckIn,TimeTotal,110.74793425510134
38000.0,CheckIn,NumTotal,5.0
38000.0,CheckIn,SystemResponseTime_Success,1709.748243364513
38000.0,CheckIn,BusyServers,5.0
38000.0,CheckIn,TimeQueue,5.570815984348765
38000.0,CheckIn,TimeService,105.16212683914789
38000.0,CheckIn,NumQueue,0.0
38400.0,TraceDetection,TimeTotal,100.46284420664512
38400.0,TraceDetection,NumTotal,2.0
38400.0,TraceDetection,SystemResponseTime_Success,1722.5717689525666
38400.0,TraceDetection,BusyServers,1.0
38400.0,TraceDetection,TimeQueue,38.86299229332821
38400.0,TraceDetection,TimeService,61.50220620403715
38400.0,TraceDetection,NumQueue,1.0
38400.0,Recupero,TimeTotal,125.45752801731244
38400.0,Recupero,NumTotal,12.0
38400.0,Recupero,SystemResponseTime_Success,1722.5717689525666
38400.0,Recupero,BusyServers,12.0
38400.0,Recupero,TimeQueue,0.0
38400.0,Recupero,TimeService,125.45752801731244
38400.0,Recupero,NumQueue,0.0
38400.0,CheckIn,TimeTotal,110.66016193944196
38400.0,CheckIn,NumTotal,4.0
38400.0,CheckIn,SystemResponseTime_Success,1722.5717689525666
38400.0,CheckIn,BusyServers,4.0
38400.0,CheckIn,TimeQueue,5.517506740479399
38400.0,CheckIn,TimeService,105.1308970599313
38400.0,CheckIn,NumQueue,0.0
38400.0,XRay,TimeTotal,1533.4620010166636
38400.0,XRay,NumTotal,360.0
38400.0,XRay,SystemResponseTime_Success,1722.5717689525666
38400.0,XRay,BusyServers,6.0
38400.0,XRay,TimeQueue,1484.9253228925313
38400.0,XRay,TimeService,50.066582601856595
38400.0,XRay,NumQueue,354.0
38400.0,Varchi,TimeTotal,16.554952615736813
38400.0,Varchi,NumTotal,2.0
38400.0,Varchi,SystemResponseTime_Success,1722.5717689525666
38400.0,Varchi,BusyServers,2.0
38400.0,Varchi,TimeQueue,3.0073565886642197
38400.0,Varchi,TimeService,13.546381669475696
38400.0,Varchi,NumQueue,0.0
38800.0,Recupero,TimeTotal,125.47531609255871
38800.0,Recupero,NumTotal,20.0
38800.0,Recupero,SystemResponseTime_Success,1733.8302902590256
38800.0,Recupero,BusyServers,20.0
38800.0,Recupero,TimeQueue,0.0
38800.0,Recupero,TimeService,125.47531609255871
38800.0,Recupero,NumQueue,0.0
38800.0,XRay,TimeTotal,1545.7437149083703
38800.0,XRay,NumTotal,367.0
38800.0,XRay,SystemResponseTime_Success,1733.8302902590256
38800.0,XRay,BusyServers,6.0
38800.0,XRay,TimeQueue,1497.176745903248
38800.0,XRay,TimeService,50.0408189718127
38800.0,XRay,NumQueue,361.0
38800.0,Varchi,TimeTotal,16.547858624958753
38800.0,Varchi,NumTotal,3.0
38800.0,Varchi,SystemResponseTime_Success,1733.8302902590256
38800.0,Varchi,BusyServers,3.0
38800.0,Varchi,TimeQueue,3.007861153831227
38800.0,Varchi,TimeService,13.540395538515325
38800.0,Varchi,NumQueue,0.0
38800.0,TraceDetection,TimeTotal,100.4237325904594
38800.0,TraceDetection,NumTotal,0.0
38800.0,TraceDetection,SystemResponseTime_Success,1733.8302902590256
38800.0,TraceDetection,BusyServers,0.0
38800.0,TraceDetection,TimeQueue,38.77488196986408
38800.0,TraceDetection,TimeService,61.64885062059529
38800.0,TraceDetection,NumQueue,0.0
38800.0,CheckIn,TimeTotal,110.68508244969937
38800.0,CheckIn,NumTotal,3.0
38800.0,CheckIn,SystemResponseTime_Success,1733.8302902590256
38800.0,CheckIn,BusyServers,3.0
38800.0,CheckIn,TimeQueue,5.529674790088669
38800.0,CheckIn,TimeService,105.14667199643533
38800.0,CheckIn,NumQueue,0.0
39200.0,Varchi,TimeTotal,16.541764227811505
39200.0,Varchi,NumTotal,2.0
39200.0,Varchi,SystemResponseTime_Success,1746.4892973663486
39200.0,Varchi,BusyServers,2.0
39200.0,Varchi,TimeQueue,3.0005706046029026
39200.0,Varchi,TimeService,13.542300550450792
39200.0,Varchi,NumQueue,0.0
39200.0,Recupero,TimeTotal,125.51804120733662
39200.0,Recupero,NumTotal,16.0
39200.0,Recupero,SystemResponseTime_Success,1746.4892973663486
39200.0,Recupero,BusyServers,16.0
39200.0,Recupero,TimeQueue,0.0
39200.0,Recupero,TimeService,125.51804120733662
39200.0,Recupero,NumQueue,0.0
39200.0,CheckIn,TimeTotal,110.63535121132097
39200.0,CheckIn,NumTotal,8.0
39200.0,CheckIn,SystemResponseTime_Success,1746.4892973663486
39200.0,CheckIn,BusyServers,8.0
39200.0,CheckIn,TimeQueue,5.472133949400962
39200.0,CheckIn,TimeService,105.14034522869377
39200.0,CheckIn,NumQueue,0.0
39200.0,XRay,TimeTotal,1558.0995152236287
39200.0,XRay,NumTotal,354.0
39200.0,XRay,SystemResponseTime_Success,1746.4892973663486
39200.0,XRay,BusyServers,6.0
39200.0,XRay,TimeQueue,1509.5459518140938
39200.0,XRay,TimeService,50.02329601422574
39200.0,XRay,NumQueue,348.0
39200.0,TraceDetection,TimeTotal,100.18837721759887
39200.0,TraceDetection,NumTotal,2.0
39200.0,TraceDetection,SystemResponseTime_Success,1746.4892973663486
39200.0,TraceDetection,BusyServers,1.0
39200.0,TraceDetection,TimeQueue,38.750710523618885
39200.0,TraceDetection,TimeService,61.55903313586856
39200.0,TraceDetection,NumQueue,1.0
39600.0,Recupero,TimeTotal,125.51289700702945
39600.0,Recupero,NumTotal,18.0
39600.0,Recupero,SystemResponseTime_Success,1757.5900306683532
39600.0,Recupero,BusyServers,18.0
39600.0,Recupero,TimeQueue,0.0
39600.0,Recupero,TimeService,125.51289700702945
39600.0,Recupero,NumQueue,0.0
39600.0,TraceDetection,TimeTotal,101.27380847968045
39600.0,TraceDetection,NumTotal,2.0
39600.0,TraceDetection,SystemResponseTime_Success,1757.5900306683532
39600.0,TraceDetection,BusyServers,1.0
39600.0,TraceDetection,TimeQueue,40.0259525603125
39600.0,TraceDetection,TimeService,61.634302344186395
39600.0,TraceDetection,NumQueue,1.0
39600.0,CheckIn,TimeTotal,110.50924075968811
39600.0,CheckIn,NumTotal,5.0
39600.0,CheckIn,SystemResponseTime_Success,1757.5900306683532
39600.0,CheckIn,BusyServers,5.0
39600.0,CheckIn,TimeQueue,5.46927429153065
39600.0,CheckIn,TimeService,105.03866339177937
39600.0,CheckIn,NumQueue,0.0
39600.0,XRay,TimeTotal,1569.9632837729198
39600.0,XRay,NumTotal,362.0
39600.0,XRay,SystemResponseTime_Success,1757.5900306683532
39600.0,XRay,BusyServers,6.0
39600.0,XRay,TimeQueue,1521.4466253564967
39600.0,XRay,TimeService,50.03272063708555
39600.0,XRay,NumQueue,356.0
39600.0,Varchi,TimeTotal,16.543056642740986
39600.0,Varchi,NumTotal,1.0
39600.0,Varchi,SystemResponseTime_Success,1757.5900306683532
39600.0,Varchi,BusyServers,1.0
39600.0,Varchi,TimeQueue,3.0019686560600514
39600.0,Varchi,TimeService,13.542347203702475
39600.0,Varchi,NumQueue,0.0
40000.0,XRay,TimeTotal,1582.7376301720033
40000.0,XRay,NumTotal,373.0
40000.0,XRay,SystemResponseTime_Success,1771.5348579578172
40000.0,XRay,BusyServers,6.0
40000.0,XRay,TimeQueue,1534.266155675801
40000.0,XRay,TimeService,50.00969655900979
40000.0,XRay,NumQueue,367.0
40000.0,Varchi,TimeTotal,16.550356454879765
40000.0,Varchi,NumTotal,3.0
40000.0,Varchi,SystemResponseTime_Success,1771.5348579578172
40000.0,Varchi,BusyServers,2.0
40000.0,Varchi,TimeQueue,3.0075061132298315
40000.0,Varchi,TimeService,13.542605296258351
40000.0,Varchi,NumQueue,1.0
40000.0,Recupero,TimeTotal,125.5681066995036
40000.0,Recupero,NumTotal,16.0
40000.0,Recupero,SystemResponseTime_Success,1771.5348579578172
40000.0,Recupero,BusyServers,16.0
40000.0,Recupero,TimeQueue,0.0
40000.0,Recupero,TimeService,125.5681066995036
40000.0,Recupero,NumQueue,0.0
40000.0,CheckIn,TimeTotal,110.41332951999824
40000.0,CheckIn,NumTotal,5.0
40000.0,CheckIn,SystemResponseTime_Success,1771.5348579578172
40000.0,CheckIn,BusyServers,5.0
40000.0,CheckIn,TimeQueue,5.427555285012405
40000.0,CheckIn,TimeService,104.98550570000573
40000.0,CheckIn,NumQueue,0.0
40000.0,TraceDetection,TimeTotal,101.84433205098986
40000.0,TraceDetection,NumTotal,0.0
40000.0,TraceDetection,SystemResponseTime_Success,1771.5348579578172
40000.0,TraceDetection,BusyServers,0.0
40000.0,TraceDetection,TimeQueue,40.000540160852665
40000.0,TraceDetection,TimeService,61.84379189013716
40000.0,TraceDetection,NumQueue,0.0
40400.0,Varchi,TimeTotal,16.545548393860262
40400.0,Varchi,NumTotal,0.0
40400.0,Varchi,SystemResponseTime_Success,1783.8365579652043
40400.0,Varchi,BusyServers,0.0
40400.0,Varchi,TimeQueue,3.002852021419068
40400.0,Varchi,TimeService,13.542696372441148
40400.0,Varchi,NumQueue,0.0
40400.0,XRay,TimeTotal,1594.5150597400284
40400.0,XRay,NumTotal,386.0
40400.0,XRay,SystemResponseTime_Success,1783.8365579652043
40400.0,XRay,BusyServers,6.0
40400.0,XRay,TimeQueue,1546.0478922250525
40400.0,XRay,TimeService,49.978689938360155
40400.0,XRay,NumQueue,380.0
40400.0,TraceDetection,TimeTotal,101.52076225140893
40400.0,TraceDetection,NumTotal,0.0
40400.0,TraceDetection,SystemResponseTime_Success,1783.8365579652043
40400.0,TraceDetection,BusyServers,0.0
40400.0,TraceDetection,TimeQueue,39.714822016846576
40400.0,TraceDetection,TimeService,61.805940234562314
40400.0,TraceDetection,NumQueue,0.0
40400.0,Recupero,TimeTotal,125.54867107839227
40400.0,Recupero,NumTotal,14.0
40400.0,Recupero,SystemResponseTime_Success,1783.8365579652043
40400.0,Recupero,BusyServers,14.0
40400.0,Recupero,TimeQueue,0.0
40400.0,Recupero,TimeService,125.54867107839227
40400.0,Recupero,NumQueue,0.0
40400.0,CheckIn,TimeTotal,110.38544735259086
40400.0,CheckIn,NumTotal,6.0
40400.0,CheckIn,SystemResponseTime_Success,1783.8365579652043
40400.0,CheckIn,BusyServers,6.0
40400.0,CheckIn,TimeQueue,5.375577689036984
40400.0,CheckIn,TimeService,104.99356356338501
40400.0,CheckIn,NumQueue,0.0
40800.0,Varchi,TimeTotal,16.537374144884676
40800.0,Varchi,NumTotal,2.0
40800.0,Varchi,SystemResponseTime_Success,1796.3383667001679
40800.0,Varchi,BusyServers,1.0
40800.0,Varchi,TimeQueue,2.999028170566426
40800.0,Varchi,TimeService,13.542055549641645
40800.0,Varchi,NumQueue,1.0
40800.0,TraceDetection,TimeTotal,101.25928986195228
40800.0,TraceDetection,NumTotal,0.0
40800.0,TraceDetection,SystemResponseTime_Success,1796.3383667001679
40800.0,TraceDetection,BusyServers,0.0
40800.0,TraceDetection,TimeQueue,39.546239621389695
40800.0,TraceDetection,TimeService,61.713050240562566
40800.0,TraceDetection,NumQueue,0.0
40800.0,XRay,TimeTotal,1607.462879467928
40800.0,XRay,NumTotal,386.0
40800.0,XRay,SystemResponseTime_Success,1796.3383667001679
40800.0,XRay,BusyServers,6.0
40800.0,XRay,TimeQueue,1559.0266773949136
40800.0,XRay,TimeService,49.987764874871964
40800.0,XRay,NumQueue,380.0
40800.0,Recupero,TimeTotal,125.57821470174963
40800.0,Recupero,NumTotal,16.0
40800.0,Recupero,SystemResponseTime_Success,1796.3383667001679
40800.0,Recupero,BusyServers,16.0
40800.0,Recupero,TimeQueue,0.0
40800.0,Recupero,TimeService,125.57821470174963
40800.0,Recupero,NumQueue,0.0
40800.0,CheckIn,TimeTotal,110.3740455578027
40800.0,CheckIn,NumTotal,3.0
40800.0,CheckIn,SystemResponseTime_Success,1796.3383667001679
40800.0,CheckIn,BusyServers,3.0
40800.0,CheckIn,TimeQueue,5.433911283006448
40800.0,CheckIn,TimeService,104.93199967706732
40800.0,CheckIn,NumQueue,0.0
41200.0,XRay,TimeTotal,1620.07826264567
41200.0,XRay,NumTotal,385.0
41200.0,XRay,SystemResponseTime_Success,1809.1598486195949
41200.0,XRay,BusyServers,6.0
41200.0,XRay,TimeQueue,1571.6650018559853
41200.0,XRay,TimeService,49.97144353465192
41200.0,XRay,NumQueue,379.0
41200.0,TraceDetection,TimeTotal,101.01474433020036
41200.0,TraceDetection,NumTotal,5.0
41200.0,TraceDetection,SystemResponseTime_Success,1809.1598486195949
41200.0,TraceDetection,BusyServers,1.0
41200.0,TraceDetection,TimeQueue,39.31982842519086
41200.0,TraceDetection,TimeService,61.68443694809852
41200.0,TraceDetection,NumQueue,4.0
41200.0,Recupero,TimeTotal,125.54413554947482
41200.0,Recupero,NumTotal,9.0
41200.0,Recupero,SystemResponseTime_Success,1809.1598486195949
41200.0,Recupero,BusyServers,9.0
41200.0,Recupero,TimeQueue,0.0
41200.0,Recupero,TimeService,125.54413554947482
41200.0,Recupero,NumQueue,0.0
41200.0,Varchi,TimeTotal,16.524416362510383
41200.0,Varchi,NumTotal,3.0
41200.0,Varchi,SystemResponseTime_Success,1809.1598486195949
41200.0,Varchi,BusyServers,3.0
41200.0,Varchi,TimeQueue,2.9863438611502517
41200.0,Varchi,TimeService,13.536389105722453
41200.0,Varchi,NumQueue,0.0
41200.0,CheckIn,TimeTotal,110.3378468094954
41200.0,CheckIn,NumTotal,4.0
41200.0,CheckIn,SystemResponseTime_Success,1809.1598486195949
41200.0,CheckIn,BusyServers,4.0
41200.0,CheckIn,TimeQueue,5.388270723811235
41200.0,CheckIn,TimeService,104.93890624266685
41200.0,CheckIn,NumQueue,0.0
41600.0,Varchi,TimeTotal,16.521484331770274
41600.0,Varchi,NumTotal,4.0
41600.0,Varchi,SystemResponseTime_Success,1820.9219047040112
41600.0,Varchi,BusyServers,4.0
41600.0,Varchi,TimeQueue,2.9773056495444905
41600.0,Varchi,TimeService,13.542906167445574
41600.0,Varchi,NumQueue,0.0
41600.0,TraceDetection,TimeTotal,102.33430886309932
41600.0,TraceDetection,NumTotal,5.0
41600.0,TraceDetection,SystemResponseTime_Success,1820.9219047040112
41600.0,TraceDetection,BusyServers,1.0
41600.0,TraceDetection,TimeQueue,41.1848228564922
41600.0,TraceDetection,TimeService,61.7529582876235
41600.0,TraceDetection,NumQueue,4.0
41600.0,Recupero,TimeTotal,125.48501010743954
41600.0,Recupero,NumTotal,15.0
41600.0,Recupero,SystemResponseTime_Success,1820.9219047040112
41600.0,Recupero,BusyServers,15.0
41600.0,Recupero,TimeQueue,0.0
41600.0,Recupero,TimeService,125.48501010743954
41600.0,Recupero,NumQueue,0.0
41600.0,XRay,TimeTotal,1633.3842506637172
41600.0,XRay,NumTotal,386.0
41600.0,XRay,SystemResponseTime_Success,1820.9219047040112
41600.0,XRay,BusyServers,6.0
41600.0,XRay,TimeQueue,1584.9920690676342
41600.0,XRay,TimeService,49.96149427985591
41600.0,XRay,NumQueue,380.0
41600.0,CheckIn,TimeTotal,110.35733826079256
41600.0,CheckIn,NumTotal,1.0
41600.0,CheckIn,SystemResponseTime_Success,1820.9219047040112
41600.0,CheckIn,BusyServers,1.0
41600.0,CheckIn,TimeQueue,5.38058679806051
41600.0,CheckIn,TimeService,104.9741165034775
41600.0,CheckIn,NumQueue,0.0
42000.0,Recupero,TimeTotal,125.55641407186776
42000.0,Recupero,NumTotal,15.0
42000.0,Recupero,SystemResponseTime_Success,1833.1396483984172
42000.0,Recupero,BusyServers,15.0
42000.0,Recupero,TimeQueue,0.0
42000.0,Recupero,TimeService,125.55641407186776
42000.0,Recupero,NumQueue,0.0
42000.0,CheckIn,TimeTotal,110.33588807895656
42000.0,CheckIn,NumTotal,7.0
42000.0,CheckIn,SystemResponseTime_Success,1833.1396483984172
42000.0,CheckIn,BusyServers,7.0
42000.0,CheckIn,TimeQueue,5.343620942382378
42000.0,CheckIn,TimeService,104.98411649743886
42000.0,CheckIn,NumQueue,0.0
42000.0,XRay,TimeTotal,1645.4510022211512
42000.0,XRay,NumTotal,388.0
42000.0,XRay,SystemResponseTime_Success,1833.1396483984172
42000.0,XRay,BusyServers,6.0
42000.0,XRay,TimeQueue,1597.0339337250903
42000.0,XRay,TimeService,49.94845299472852
42000.0,XRay,NumQueue,382.0
42000.0,Varchi,TimeTotal,16.512819255730772
42000.0,Varchi,NumTotal,4.0
42000.0,Varchi,SystemResponseTime_Success,1833.1396483984172
42000.0,Varchi,BusyServers,3.0
42000.0,Varchi,TimeQueue,2.971603333576195
42000.0,Varchi,TimeService,13.540633889690653
42000.0,Varchi,NumQueue,1.0
42000.0,TraceDetection,TimeTotal,105.4678518069272
42000.0,TraceDetection,NumTotal,6.0
42000.0,TraceDetection,SystemResponseTime_Success,1833.1396483984172
42000.0,TraceDetection,BusyServers,1.0
42000.0,TraceDetection,TimeQueue,43.98680688463013
42000.0,TraceDetection,TimeService,61.872650202598194
42000.0,TraceDetection,NumQueue,5.0
42400.0,Recupero,TimeTotal,125.54557808112574
42400.0,Recupero,NumTotal,15.0
42400.0,Recupero,SystemResponseTime_Success,1846.8310770886483
42400.0,Recupero,BusyServers,15.0
42400.0,Recupero,TimeQueue,0.0
42400.0,Recupero,TimeService,125.54557808112574
42400.0,Recupero,NumQueue,0.0
42400.0,Varchi,TimeTotal,16.51052115159324
42400.0,Varchi,NumTotal,3.0
42400.0,Varchi,SystemResponseTime_Success,1846.8310770886483
42400.0,Varchi,BusyServers,3.0
42400.0,Varchi,TimeQueue,2.9670080845039237
42400.0,Varchi,TimeService,13.544893450833882
42400.0,Varchi,NumQueue,0.0
42400.0,TraceDetection,TimeTotal,108.4643163235492
42400.0,TraceDetection,NumTotal,2.0
42400.0,TraceDetection,SystemResponseTime_Success,1846.8310770886483
42400.0,TraceDetection,BusyServers,1.0
42400.0,TraceDetection,TimeQueue,46.98839222409212
42400.0,TraceDetection,TimeService,62.015436714161716
42400.0,TraceDetection,NumQueue,1.0
42400.0,CheckIn,TimeTotal,110.41118034609087
42400.0,CheckIn,NumTotal,3.0
42400.0,CheckIn,SystemResponseTime_Success,1846.8310770886483
42400.0,CheckIn,BusyServers,3.0
42400.0,CheckIn,TimeQueue,5.3118034037562705
42400.0,CheckIn,TimeService,105.09170092585528
42400.0,CheckIn,NumQueue,0.0
42400.0,XRay,TimeTotal,1657.9741392108797
42400.0,XRay,NumTotal,387.0
42400.0,XRay,SystemResponseTime_Success,1846.8310770886483
42400.0,XRay,BusyServers,6.0
42400.0,XRay,TimeQueue,1609.5640754598196
42400.0,XRay,TimeService,49.96076943657836
42400.0,XRay,NumQueue,381.0
42800.0,Recupero,TimeTotal,125.53742607558902
42800.0,Recupero,NumTotal,17.0
42800.0,Recupero,SystemResponseTime_Success,1858.9863854166626
42800.0,Recupero,BusyServers,17.0
42800.0,Recupero,TimeQueue,0.0
42800.0,Recupero,TimeService,125.53742607558902
42800.0,Recupero,NumQueue,0.0
42800.0,TraceDetection,TimeTotal,109.36460528004525
42800.0,TraceDetection,NumTotal,0.0
42800.0,TraceDetection,SystemResponseTime_Success,1858.9863854166626
42800.0,TraceDetection,BusyServers,0.0
42800.0,TraceDetection,TimeQueue,47.41576715904982
42800.0,TraceDetection,TimeService,61.94883812099541
42800.0,TraceDetection,NumQueue,0.0
42800.0,Varchi,TimeTotal,16.500956521621557
42800.0,Varchi,NumTotal,0.0
42800.0,Varchi,SystemResponseTime_Success,1858.9863854166626
42800.0,Varchi,BusyServers,0.0
42800.0,Varchi,TimeQueue,2.959752163200476
42800.0,Varchi,TimeService,13.541204358421023
42800.0,Varchi,NumQueue,0.0
42800.0,CheckIn,TimeTotal,110.40314785892384
42800.0,CheckIn,NumTotal,6.0
42800.0,CheckIn,SystemResponseTime_Success,1858.9863854166626
42800.0,CheckIn,BusyServers,6.0
42800.0,CheckIn,TimeQueue,5.276272946206061
42800.0,CheckIn,TimeService,105.11170594401771
42800.0,CheckIn,NumQueue,0.0
42800.0,XRay,TimeTotal,1669.7691566568294
42800.0,XRay,NumTotal,378.0
42800.0,XRay,SystemResponseTime_Success,1858.9863854166626
42800.0,XRay,BusyServers,6.0
42800.0,XRay,TimeQueue,1621.3793681397513
42800.0,XRay,TimeService,49.97978450970131
42800.0,XRay,NumQueue,372.0
43200.0,Varchi,TimeTotal,16.49883653996197
43200.0,Varchi,NumTotal,3.0
43200.0,Varchi,SystemResponseTime_Success,1871.2416485679453
43200.0,Varchi,BusyServers,2.0
43200.0,Varchi,TimeQueue,2.956696354209549
43200.0,Varchi,TimeService,13.54147365998975
43200.0,Varchi,NumQueue,1.0
43200.0,CheckIn,TimeTotal,110.29032305006744
43200.0,CheckIn,NumTotal,6.0
43200.0,CheckIn,SystemResponseTime_Success,1871.2416485679453
43200.0,CheckIn,BusyServers,6.0
43200.0,CheckIn,TimeQueue,5.260763601592341
43200.0,CheckIn,TimeService,105.0146140973343
43200.0,CheckIn,NumQueue,0.0
43200.0,TraceDetection,TimeTotal,109.16724558589813
43200.0,TraceDetection,NumTotal,2.0
43200.0,TraceDetection,SystemResponseTime_Success,1871.2416485679453
43200.0,TraceDetection,BusyServers,1.0
43200.0,TraceDetection,TimeQueue,47.353773347995904
43200.0,TraceDetection,TimeService,62.00892688076966
43200.0,TraceDetection,NumQueue,1.0
43200.0,Recupero,TimeTotal,125.6281597377851
43200.0,Recupero,NumTotal,17.0
43200.0,Recupero,SystemResponseTime_Success,1871.2416485679453
43200.0,Recupero,BusyServers,17.0
43200.0,Recupero,TimeQueue,0.0
43200.0,Recupero,TimeService,125.6281597377851
43200.0,Recupero,NumQueue,0.0
43200.0,XRay,TimeTotal,1682.544065814345
43200.0,XRay,NumTotal,385.0
43200.0,XRay,SystemResponseTime_Success,1871.2416485679453
43200.0,XRay,BusyServers,6.0
43200.0,XRay,TimeQueue,1634.2086534875134
43200.0,XRay,TimeService,49.973243241127726
43200.0,XRay,NumQueue,379.0
43600.0,XRay,TimeTotal,1696.28574157177
43600.0,XRay,NumTotal,386.0
43600.0,XRay,SystemResponseTime_Success,1885.2456494202372
43600.0,XRay,BusyServers,6.0
43600.0,XRay,TimeQueue,1647.9807152112264
43600.0,XRay,TimeService,49.93773989562158
43600.0,XRay,NumQueue,380.0
43600.0,TraceDetection,TimeTotal,110.49785831354393
43600.0,TraceDetection,NumTotal,0.0
43600.0,TraceDetection,SystemResponseTime_Success,1885.2456494202372
43600.0,TraceDetection,BusyServers,0.0
43600.0,TraceDetection,TimeQueue,48.45558134666056
43600.0,TraceDetection,TimeService,62.04227696688334
43600.0,TraceDetection,NumQueue,0.0
43600.0,Recupero,TimeTotal,125.5774916270783
43600.0,Recupero,NumTotal,16.0
43600.0,Recupero,SystemResponseTime_Success,1885.2456494202372
43600.0,Recupero,BusyServers,16.0
43600.0,Recupero,TimeQueue,0.0
43600.0,Recupero,TimeService,125.5774916270783
43600.0,Recupero,NumQueue,0.0
43600.0,CheckIn,TimeTotal,110.29688513982474
43600.0,CheckIn,NumTotal,6.0
43600.0,CheckIn,SystemResponseTime_Success,1885.2456494202372
43600.0,CheckIn,BusyServers,6.0
43600.0,CheckIn,TimeQueue,5.243632615737756
43600.0,CheckIn,TimeService,105.04821700502215
43600.0,CheckIn,NumQueue,0.0
43600.0,Varchi,TimeTotal,16.489826505355765
43600.0,Varchi,NumTotal,1.0
43600.0,Varchi,SystemResponseTime_Success,1885.2456494202372
43600.0,Varchi,BusyServers,1.0
43600.0,Varchi,TimeQueue,2.950038543317899
43600.0,Varchi,TimeService,13.539262389519845
43600.0,Varchi,NumQueue,0.0
44000.0,CheckIn,TimeTotal,110.17673298229909
44000.0,CheckIn,NumTotal,7.0
44000.0,CheckIn,SystemResponseTime_Success,1899.3599580560906
44000.0,CheckIn,BusyServers,7.0
44000.0,CheckIn,TimeQueue,5.192629241522613
44000.0,CheckIn,TimeService,104.96721321815076
44000.0,CheckIn,NumQueue,0.0
44000.0,TraceDetection,TimeTotal,110.3319786455416
44000.0,TraceDetection,NumTotal,0.0
44000.0,TraceDetection,SystemResponseTime_Success,1899.3599580560906
44000.0,TraceDetection,BusyServers,0.0
44000.0,TraceDetection,TimeQueue,48.350925663406436
44000.0,TraceDetection,TimeService,61.98105298213514
44000.0,TraceDetection,NumQueue,0.0
44000.0,Recupero,TimeTotal,125.57512541678497
44000.0,Recupero,NumTotal,14.0
44000.0,Recupero,SystemResponseTime_Success,1899.3599580560906
44000.0,Recupero,BusyServers,14.0
44000.0,Recupero,TimeQueue,0.0
44000.0,Recupero,TimeService,125.57512541678497
44000.0,Recupero,NumQueue,0.0
44000.0,XRay,TimeTotal,1709.483519088613
44000.0,XRay,NumTotal,385.0
44000.0,XRay,SystemResponseTime_Success,1899.3599580560906
44000.0,XRay,BusyServers,6.0
44000.0,XRay,TimeQueue,1661.207639865137
44000.0,XRay,TimeService,49.94790641328886
44000.0,XRay,NumQueue,379.0
44000.0,Varchi,TimeTotal,16.47557888728926
44000.0,Varchi,NumTotal,1.0
44000.0,Varchi,SystemResponseTime_Success,1899.3599580560906
44000.0,Varchi,BusyServers,1.0
44000.0,Varchi,TimeQueue,2.937355241449178
44000.0,Varchi,TimeService,13.537704678482871
44000.0,Varchi,NumQueue,0.0
44400.0,CheckIn,TimeTotal,110.13114248081914
44400.0,CheckIn,NumTotal,10.0
44400.0,CheckIn,SystemResponseTime_Success,1912.0367218038805
44400.0,CheckIn,BusyServers,8.0
44400.0,CheckIn,TimeQueue,5.224363807556012
44400.0,CheckIn,TimeService,104.96782079676416
44400.0,CheckIn,NumQueue,2.0
44400.0,Varchi,TimeTotal,16.470988142998397
44400.0,Varchi,NumTotal,4.0
44400.0,Varchi,SystemResponseTime_Success,1912.0367218038805
44400.0,Varchi,BusyServers,3.0
44400.0,Varchi,TimeQueue,2.9351586416906867
44400.0,Varchi,TimeService,13.535401091845472
44400.0,Varchi,NumQueue,1.0
44400.0,TraceDetection,TimeTotal,110.16834724775586
44400.0,TraceDetection,NumTotal,2.0
44400.0,TraceDetection,SystemResponseTime_Success,1912.0367218038805
44400.0,TraceDetection,BusyServers,1.0
44400.0,TraceDetection,TimeQueue,48.17058280179886
44400.0,TraceDetection,TimeService,61.8943940965969
44400.0,TraceDetection,NumQueue,1.0
44400.0,Recupero,TimeTotal,125.6212297140282
44400.0,Recupero,NumTotal,15.0
44400.0,Recupero,SystemResponseTime_Success,1912.0367218038805
44400.0,Recupero,BusyServers,15.0
44400.0,Recupero,TimeQueue,0.0
44400.0,Recupero,TimeService,125.6212297140282
44400.0,Recupero,NumQueue,0.0
44400.0,XRay,TimeTotal,1723.1573539696276
44400.0,XRay,NumTotal,389.0
44400.0,XRay,SystemResponseTime_Success,1912.0367218038805
44400.0,XRay,BusyServers,6.0
44400.0,XRay,TimeQueue,1674.8770237130268
44400.0,XRay,TimeService,49.96076298674262
44400.0,XRay,NumQueue,383.0
44800.0,XRay,TimeTotal,1736.6047074110934
44800.0,XRay,NumTotal,396.0
44800.0,XRay,SystemResponseTime_Success,1925.9289422037339
44800.0,XRay,BusyServers,6.0
44800.0,XRay,TimeQueue,1688.319535120668
44800.0,XRay,TimeService,49.95009534353341
44800.0,XRay,NumQueue,390.0
44800.0,TraceDetection,TimeTotal,110.02475157103456
44800.0,TraceDetection,NumTotal,4.0
44800.0,TraceDetection,SystemResponseTime_Success,1925.9289422037339
44800.0,TraceDetection,BusyServers,1.0
44800.0,TraceDetection,TimeQueue,48.28738598343762
44800.0,TraceDetection,TimeService,61.918873250456464
44800.0,TraceDetection,NumQueue,3.0
44800.0,Recupero,TimeTotal,125.64196909463614
44800.0,Recupero,NumTotal,12.0
44800.0,Recupero,SystemResponseTime_Success,1925.9289422037339
44800.0,Recupero,BusyServers,12.0
44800.0,Recupero,TimeQueue,0.0
44800.0,Recupero,TimeService,125.64196909463614
44800.0,Recupero,NumQueue,0.0
44800.0,CheckIn,TimeTotal,110.29087210371614
44800.0,CheckIn,NumTotal,5.0
44800.0,CheckIn,SystemResponseTime_Success,1925.9289422037339
44800.0,CheckIn,BusyServers,5.0
44800.0,CheckIn,TimeQueue,5.246935315141406
44800.0,CheckIn,TimeService,105.03200651273322
44800.0,CheckIn,NumQueue,0.0
44800.0,Varchi,TimeTotal,16.467404604410497
44800.0,Varchi,NumTotal,1.0
44800.0,Varchi,SystemResponseTime_Success,1925.9289422037339
44800.0,Varchi,BusyServers,1.0
44800.0,Varchi,TimeQueue,2.935551723624733
44800.0,Varchi,TimeService,13.53202321796042
44800.0,Varchi,NumQueue,0.0
45200.0,Varchi,TimeTotal,16.457838592226146
45200.0,Varchi,NumTotal,3.0
45200.0,Varchi,SystemResponseTime_Success,1939.9516777245192
45200.0,Varchi,BusyServers,3.0
45200.0,Varchi,TimeQueue,2.930668412088391
45200.0,Varchi,TimeService,13.526159357922722
45200.0,Varchi,NumQueue,0.0
45200.0,CheckIn,TimeTotal,110.14380051571321
45200.0,CheckIn,NumTotal,4.0
45200.0,CheckIn,SystemResponseTime_Success,1939.9516777245192
45200.0,CheckIn,BusyServers,4.0
45200.0,CheckIn,TimeQueue,5.211750036553756
45200.0,CheckIn,TimeService,104.92266839088492
45200.0,CheckIn,NumQueue,0.0
45200.0,XRay,TimeTotal,1750.317199029704
45200.0,XRay,NumTotal,392.0
45200.0,XRay,SystemResponseTime_Success,1939.9516777245192
45200.0,XRay,BusyServers,6.0
45200.0,XRay,TimeQueue,1701.9956684825115
45200.0,XRay,TimeService,49.94172366820556
45200.0,XRay,NumQueue,386.0
45200.0,TraceDetection,TimeTotal,111.52560544306577
45200.0,TraceDetection,NumTotal,0.0
45200.0,TraceDetection,SystemResponseTime_Success,1939.9516777245192
45200.0,TraceDetection,BusyServers,0.0
45200.0,TraceDetection,TimeQueue,49.58389327063498
45200.0,TraceDetection,TimeService,61.94171217243076
45200.0,TraceDetection,NumQueue,0.0
45200.0,Recupero,TimeTotal,125.60601146220618
45200.0,Recupero,NumTotal,15.0
45200.0,Recupero,SystemResponseTime_Success,1939.9516777245192
45200.0,Recupero,BusyServers,15.0
45200.0,Recupero,TimeQueue,0.0
45200.0,Recupero,TimeService,125.60601146220618
45200.0,Recupero,NumQueue,0.0
45600.0,CheckIn,TimeTotal,110.1411812479798
45600.0,CheckIn,NumTotal,3.0
45600.0,CheckIn,SystemResponseTime_Success,1953.842603148925
45600.0,CheckIn,BusyServers,3.0
45600.0,CheckIn,TimeQueue,5.172249478987365
45600.0,CheckIn,TimeService,104.96200464915458
45600.0,CheckIn,NumQueue,0.0
45600.0,TraceDetection,TimeTotal,111.35255728696643
45600.0,TraceDetection,NumTotal,1.0
45600.0,TraceDetection,SystemResponseTime_Success,1953.842603148925
45600.0,TraceDetection,BusyServers,1.0
45600.0,TraceDetection,TimeQueue,49.59664845688743
45600.0,TraceDetection,TimeService,61.84249038656904
45600.0,TraceDetection,NumQueue,0.0
45600.0,Varchi,TimeTotal,16.473994439158457
45600.0,Varchi,NumTotal,4.0
45600.0,Varchi,SystemResponseTime_Success,1953.842603148925
45600.0,Varchi,BusyServers,2.0
45600.0,Varchi,TimeQueue,2.940762496649311
45600.0,Varchi,TimeService,13.534266437036637
45600.0,Varchi,NumQueue,2.0
45600.0,Recupero,TimeTotal,125.63474784005564
45600.0,Recupero,NumTotal,14.0
45600.0,Recupero,SystemResponseTime_Success,1953.842603148925
45600.0,Recupero,BusyServers,14.0
45600.0,Recupero,TimeQueue,0.0
45600.0,Recupero,TimeService,125.63474784005564
45600.0,Recupero,NumQueue,0.0
45600.0,XRay,TimeTotal,1763.7956326668543
45600.0,XRay,NumTotal,393.0
45600.0,XRay,SystemResponseTime_Success,1953.842603148925
45600.0,XRay,BusyServers,6.0
45600.0,XRay,TimeQueue,1715.400045919492
45600.0,XRay,TimeService,49.897637634967325
45600.0,XRay,NumQueue,387.0
46000.0,CheckIn,TimeTotal,110.06201224258808
46000.0,CheckIn,NumTotal,3.0
46000.0,CheckIn,SystemResponseTime_Success,1966.5151278888839
46000.0,CheckIn,BusyServers,3.0
46000.0,CheckIn,TimeQueue,5.131114622295633
46000.0,CheckIn,TimeService,104.92408037323013
46000.0,CheckIn,NumQueue,0.0
46000.0,Varchi,TimeTotal,16.474596534948336
46000.0,Varchi,NumTotal,0.0
46000.0,Varchi,SystemResponseTime_Success,1966.5151278888839
46000.0,Varchi,BusyServers,0.0
46000.0,Varchi,TimeQueue,2.9421832685325473
46000.0,Varchi,TimeService,13.532413266415732
46000.0,Varchi,NumQueue,0.0
46000.0,Recupero,TimeTotal,125.6850276224476
46000.0,Recupero,NumTotal,13.0
46000.0,Recupero,SystemResponseTime_Success,1966.5151278888839
46000.0,Recupero,BusyServers,13.0
46000.0,Recupero,TimeQueue,0.0
46000.0,Recupero,TimeService,125.6850276224476
46000.0,Recupero,NumQueue,0.0
46000.0,XRay,TimeTotal,1776.0402570018584
46000.0,XRay,NumTotal,400.0
46000.0,XRay,SystemResponseTime_Success,1966.5151278888839
46000.0,XRay,BusyServers,6.0
46000.0,XRay,TimeQueue,1727.624439436263
46000.0,XRay,TimeService,49.887095934404755
46000.0,XRay,NumQueue,394.0
46000.0,TraceDetection,TimeTotal,111.10251451793347
46000.0,TraceDetection,NumTotal,0.0
46000.0,TraceDetection,SystemResponseTime_Success,1966.5151278888839
46000.0,TraceDetection,BusyServers,0.0
46000.0,TraceDetection,TimeQueue,49.30022623985554
46000.0,TraceDetection,TimeService,61.8022882780779
46000.0,TraceDetection,NumQueue,0.0
46400.0,Recupero,TimeTotal,125.7309200027849
46400.0,Recupero,NumTotal,15.0
46400.0,Recupero,SystemResponseTime_Success,1977.6319010406444
46400.0,Recupero,BusyServers,15.0
46400.0,Recupero,TimeQueue,0.0
46400.0,Recupero,TimeService,125.7309200027849
46400.0,Recupero,NumQueue,0.0
46400.0,XRay,TimeTotal,1787.313816490758
46400.0,XRay,NumTotal,395.0
46400.0,XRay,SystemResponseTime_Success,1977.6319010406444
46400.0,XRay,BusyServers,6.0
46400.0,XRay,TimeQueue,1738.871821359098
46400.0,XRay,TimeService,49.91896670826125
46400.0,XRay,NumQueue,389.0
46400.0,Varchi,TimeTotal,16.477553115605694
46400.0,Varchi,NumTotal,0.0
46400.0,Varchi,SystemResponseTime_Success,1977.6319010406444
46400.0,Varchi,BusyServers,0.0
46400.0,Varchi,TimeQueue,2.9407166596917684
46400.0,Varchi,TimeService,13.536836455913859
46400.0,Varchi,NumQueue,0.0
46400.0,TraceDetection,TimeTotal,110.66655320451771
46400.0,TraceDetection,NumTotal,0.0
46400.0,TraceDetection,SystemResponseTime_Success,1977.6319010406444
46400.0,TraceDetection,BusyServers,0.0
46400.0,TraceDetection,TimeQueue,48.95852491962332
46400.0,TraceDetection,TimeService,61.70802828489436
46400.0,TraceDetection,NumQueue,0.0
46400.0,CheckIn,TimeTotal,110.04880357322074
46400.0,CheckIn,NumTotal,2.0
46400.0,CheckIn,SystemResponseTime_Success,1977.6319010406444
46400.0,CheckIn,BusyServers,2.0
46400.0,CheckIn,TimeQueue,5.1228131759927305
46400.0,CheckIn,TimeService,104.92149472967563
46400.0,CheckIn,NumQueue,0.0
46800.0,Recupero,TimeTotal,125.75219929321096
46800.0,Recupero,NumTotal,17.0
46800.0,Recupero,SystemResponseTime_Success,1988.0492317180774
46800.0,Recupero,BusyServers,17.0
46800.0,Recupero,TimeQueue,0.0
46800.0,Recupero,TimeService,125.75219929321096
46800.0,Recupero,NumQueue,0.0
46800.0,XRay,TimeTotal,1798.8262022596596
46800.0,XRay,NumTotal,399.0
46800.0,XRay,SystemResponseTime_Success,1988.0492317180774
46800.0,XRay,BusyServers,6.0
46800.0,XRay,TimeQueue,1750.3648079637526
46800.0,XRay,TimeService,49.92076937868184
46800.0,XRay,NumQueue,393.0
46800.0,CheckIn,TimeTotal,110.06352987900377
46800.0,CheckIn,NumTotal,5.0
46800.0,CheckIn,SystemResponseTime_Success,1988.0492317180774
46800.0,CheckIn,BusyServers,5.0
46800.0,CheckIn,TimeQueue,5.084915950582863
46800.0,CheckIn,TimeService,104.96752601749513
46800.0,CheckIn,NumQueue,0.0
46800.0,Varchi,TimeTotal,16.463316337839938
46800.0,Varchi,NumTotal,1.0
46800.0,Varchi,SystemResponseTime_Success,1988.0492317180774
46800.0,Varchi,BusyServers,1.0
46800.0,Varchi,TimeQueue,2.9319912389310208
46800.0,Varchi,TimeService,13.530837571266845
46800.0,Varchi,NumQueue,0.0
46800.0,TraceDetection,TimeTotal,110.4978432536725
46800.0,TraceDetection,NumTotal,2.0
46800.0,TraceDetection,SystemResponseTime_Success,1988.0492317180774
46800.0,TraceDetection,BusyServers,1.0
46800.0,TraceDetection,TimeQueue,48.76395213187537
46800.0,TraceDetection,TimeService,61.753470540270676
46800.0,TraceDetection,NumQueue,1.0
47200.0,TraceDetection,TimeTotal,110.55279155152536
47200.0,TraceDetection,NumTotal,0.0
47200.0,TraceDetection,SystemResponseTime_Success,2000.5295157058636
47200.0,TraceDetection,BusyServers,0.0
47200.0,TraceDetection,TimeQueue,48.794849125909984
47200.0,TraceDetection,TimeService,61.75794242561535
47200.0,TraceDetection,NumQueue,0.0
47200.0,CheckIn,TimeTotal,110.0049152531388
47200.0,CheckIn,NumTotal,8.0
47200.0,CheckIn,SystemResponseTime_Success,2000.5295157058636
47200.0,CheckIn,BusyServers,8.0
47200.0,CheckIn,TimeQueue,5.03886884624382
47200.0,CheckIn,TimeService,104.94860332997166
47200.0,CheckIn,NumQueue,0.0
47200.0,XRay,TimeTotal,1810.9365688275889
47200.0,XRay,NumTotal,409.0
47200.0,XRay,SystemResponseTime_Success,2000.5295157058636
47200.0,XRay,BusyServers,6.0
47200.0,XRay,TimeQueue,1762.448828013729
47200.0,XRay,TimeService,49.914929075387874
47200.0,XRay,NumQueue,403.0
47200.0,Varchi,TimeTotal,16.461361904563688
47200.0,Varchi,NumTotal,1.0
47200.0,Varchi,SystemResponseTime_Success,2000.5295157058636
47200.0,Varchi,BusyServers,1.0
47200.0,Varchi,TimeQueue,2.9342522518401655
47200.0,Varchi,TimeService,13.526626489171367
47200.0,Varchi,NumQueue,0.0
47200.0,Recupero,TimeTotal,125.7549535082152
47200.0,Recupero,NumTotal,17.0
47200.0,Recupero,SystemResponseTime_Success,2000.5295157058636
47200.0,Recupero,BusyServers,17.0
47200.0,Recupero,TimeQueue,0.0
47200.0,Recupero,TimeService,125.7549535082152
47200.0,Recupero,NumQueue,0.0
47600.0,TraceDetection,TimeTotal,110.28155758734313
47600.0,TraceDetection,NumTotal,0.0
47600.0,TraceDetection,SystemResponseTime_Success,2012.3452306935137
47600.0,TraceDetection,BusyServers,0.0
47600.0,TraceDetection,TimeQueue,48.61406807210143
47600.0,TraceDetection,TimeService,61.667489515241684
47600.0,TraceDetection,NumQueue,0.0
47600.0,XRay,TimeTotal,1821.7946276925188
47600.0,XRay,NumTotal,418.0
47600.0,XRay,SystemResponseTime_Success,2012.3452306935137
47600.0,XRay,BusyServers,6.0
47600.0,XRay,TimeQueue,1773.357450899898
47600.0,XRay,TimeService,49.9383746589241
47600.0,XRay,NumQueue,412.0
47600.0,CheckIn,TimeTotal,109.94142689907406
47600.0,CheckIn,NumTotal,1.0
47600.0,CheckIn,SystemResponseTime_Success,2012.3452306935137
47600.0,CheckIn,BusyServers,1.0
47600.0,CheckIn,TimeQueue,5.0064853703682175
47600.0,CheckIn,TimeService,104.9327955855553
47600.0,CheckIn,NumQueue,0.0
47600.0,Recupero,TimeTotal,125.77724721103247
47600.0,Recupero,NumTotal,14.0
47600.0,Recupero,SystemResponseTime_Success,2012.3452306935137
47600.0,Recupero,BusyServers,14.0
47600.0,Recupero,TimeQueue,0.0
47600.0,Recupero,TimeService,125.77724721103247
47600.0,Recupero,NumQueue,0.0
47600.0,Varchi,TimeTotal,16.457870606559787
47600.0,Varchi,NumTotal,4.0
47600.0,Varchi,SystemResponseTime_Success,2012.3452306935137
47600.0,Varchi,BusyServers,3.0
47600.0,Varchi,TimeQueue,2.9314450975268715
47600.0,Varchi,TimeService,13.525532968807946
47600.0,Varchi,NumQueue,1.0
48000.0,XRay,TimeTotal,1834.082863155676
48000.0,XRay,NumTotal,416.0
48000.0,XRay,SystemResponseTime_Success,2023.3292412659289
48000.0,XRay,BusyServers,6.0
48000.0,XRay,TimeQueue,1785.6171253995426
48000.0,XRay,TimeService,49.93821633014887
48000.0,XRay,NumQueue,410.0
48000.0,Recupero,TimeTotal,125.78488637728238
48000.0,Recupero,NumTotal,17.0
48000.0,Recupero,SystemResponseTime_Success,2023.3292412659289
48000.0,Recupero,BusyServers,17.0
48000.0,Recupero,TimeQueue,0.0
48000.0,Recupero,TimeService,125.78488637728238
48000.0,Recupero,NumQueue,0.0
48000.0,Varchi,TimeTotal,16.45036043520906
48000.0,Varchi,NumTotal,1.0
48000.0,Varchi,SystemResponseTime_Success,2023.3292412659289
48000.0,Varchi,BusyServers,1.0
48000.0,Varchi,TimeQueue,2.927560940089354
48000.0,Varchi,TimeService,13.522325319392383
48000.0,Varchi,NumQueue,0.0
48000.0,CheckIn,TimeTotal,109.85741178112546
48000.0,CheckIn,NumTotal,2.0
48000.0,CheckIn,SystemResponseTime_Success,2023.3292412659289
48000.0,CheckIn,BusyServers,2.0
48000.0,CheckIn,TimeQueue,4.974515476559991
48000.0,CheckIn,TimeService,104.87865726283007
48000.0,CheckIn,NumQueue,0.0
48000.0,TraceDetection,TimeTotal,110.15598555659261
48000.0,TraceDetection,NumTotal,1.0
48000.0,TraceDetection,SystemResponseTime_Success,2023.3292412659289
48000.0,TraceDetection,BusyServers,1.0
48000.0,TraceDetection,TimeQueue,48.347620035217176
48000.0,TraceDetection,TimeService,61.772443935568425
48000.0,TraceDetection,NumQueue,0.0
48400.0,TraceDetection,TimeTotal,110.07136314795066
48400.0,TraceDetection,NumTotal,3.0
48400.0,TraceDetection,SystemResponseTime_Success,2035.899298883004
48400.0,TraceDetection,BusyServers,1.0
48400.0,TraceDetection,TimeQueue,48.35016126946876
48400.0,TraceDetection,TimeService,61.743033848140904
48400.0,TraceDetection,NumQueue,2.0
48400.0,CheckIn,TimeTotal,109.76577016644444
48400.0,CheckIn,NumTotal,8.0
48400.0,CheckIn,SystemResponseTime_Success,2035.899298883004
48400.0,CheckIn,BusyServers,8.0
48400.0,CheckIn,TimeQueue,4.939511857377329
48400.0,CheckIn,TimeService,104.81444099083458
48400.0,CheckIn,NumQueue,0.0
48400.0,Recupero,TimeTotal,125.8392060902161
48400.0,Recupero,NumTotal,16.0
48400.0,Recupero,SystemResponseTime_Success,2035.899298883004
48400.0,Recupero,BusyServers,16.0
48400.0,Recupero,TimeQueue,0.0
48400.0,Recupero,TimeService,125.8392060902161
48400.0,Recupero,NumQueue,0.0
48400.0,Varchi,TimeTotal,16.44622406849562
48400.0,Varchi,NumTotal,1.0
48400.0,Varchi,SystemResponseTime_Success,2035.899298883004
48400.0,Varchi,BusyServers,1.0
48400.0,Varchi,TimeQueue,2.9231622621546447
48400.0,Varchi,TimeService,13.522591844562434
48400.0,Varchi,NumQueue,0.0
48400.0,XRay,TimeTotal,1846.5779348674084
48400.0,XRay,NumTotal,412.0
48400.0,XRay,SystemResponseTime_Success,2035.899298883004
48400.0,XRay,BusyServers,6.0
48400.0,XRay,TimeQueue,1798.117629796532
48400.0,XRay,TimeService,49.92383432414416
48400.0,XRay,NumQueue,406.0
48800.0,TraceDetection,TimeTotal,110.42937973464008
48800.0,TraceDetection,NumTotal,1.0
48800.0,TraceDetection,SystemResponseTime_Success,2048.6926828760415
48800.0,TraceDetection,BusyServers,1.0
48800.0,TraceDetection,TimeQueue,48.72548147516012
48800.0,TraceDetection,TimeService,61.69765813470699
48800.0,TraceDetection,NumQueue,0.0
48800.0,XRay,TimeTotal,1858.4820818023593
48800.0,XRay,NumTotal,420.0
48800.0,XRay,SystemResponseTime_Success,2048.6926828760415
48800.0,XRay,BusyServers,6.0
48800.0,XRay,TimeQueue,1810.023619002779
48800.0,XRay,TimeService,49.921340687728865
48800.0,XRay,NumQueue,414.0
48800.0,CheckIn,TimeTotal,109.80921041443739
48800.0,CheckIn,NumTotal,5.0
48800.0,CheckIn,SystemResponseTime_Success,2048.6926828760415
48800.0,CheckIn,BusyServers,5.0
48800.0,CheckIn,TimeQueue,4.943217622724268
48800.0,CheckIn,TimeService,104.87802374009777
48800.0,CheckIn,NumQueue,0.0
48800.0,Varchi,TimeTotal,16.44586408179636
48800.0,Varchi,NumTotal,2.0
48800.0,Varchi,SystemResponseTime_Success,2048.6926828760415
48800.0,Varchi,BusyServers,1.0
48800.0,Varchi,TimeQueue,2.921302483259864
48800.0,Varchi,TimeService,13.524096200657944
48800.0,Varchi,NumQueue,1.0
48800.0,Recupero,TimeTotal,125.79057391780469
48800.0,Recupero,NumTotal,15.0
48800.0,Recupero,SystemResponseTime_Success,2048.6926828760415
48800.0,Recupero,BusyServers,15.0
48800.0,Recupero,TimeQueue,0.0
48800.0,Recupero,TimeService,125.79057391780469
48800.0,Recupero,NumQueue,0.0
49200.0,Varchi,TimeTotal,16.459024888137737
49200.0,Varchi,NumTotal,2.0
49200.0,Varchi,SystemResponseTime_Success,2060.1264676625224
49200.0,Varchi,BusyServers,2.0
49200.0,Varchi,TimeQueue,2.929842227035801
49200.0,Varchi,TimeService,13.529209568588811
49200.0,Varchi,NumQueue,0.0
49200.0,CheckIn,TimeTotal,109.77220897952414
49200.0,CheckIn,NumTotal,5.0
49200.0,CheckIn,SystemResponseTime_Success,2060.1264676625224
49200.0,CheckIn,BusyServers,5.0
49200.0,CheckIn,TimeQueue,4.904246197482874
49200.0,CheckIn,TimeService,104.85776684400086
49200.0,CheckIn,NumQueue,0.0
49200.0,Recupero,TimeTotal,125.76921305095321
49200.0,Recupero,NumTotal,15.0
49200.0,Recupero,SystemResponseTime_Success,2060.1264676625224
49200.0,Recupero,BusyServers,15.0
49200.0,Recupero,TimeQueue,0.0
49200.0,Recupero,TimeService,125.76921305095321
49200.0,Recupero,NumQueue,0.0
49200.0,XRay,TimeTotal,1870.1302361812757
49200.0,XRay,NumTotal,424.0
49200.0,XRay,SystemResponseTime_Success,2060.1264676625224
49200.0,XRay,BusyServers,6.0
49200.0,XRay,TimeQueue,1821.660127811369
49200.0,XRay,TimeService,49.93063879295662
49200.0,XRay,NumQueue,418.0
49200.0,TraceDetection,TimeTotal,109.97282998793517
49200.0,TraceDetection,NumTotal,1.0
49200.0,TraceDetection,SystemResponseTime_Success,2060.1264676625224
49200.0,TraceDetection,BusyServers,1.0
49200.0,TraceDetection,TimeQueue,48.31362583788783
49200.0,TraceDetection,TimeService,61.586028715404794
49200.0,TraceDetection,NumQueue,0.0
49600.0,Recupero,TimeTotal,125.70512351672004
49600.0,Recupero,NumTotal,16.0
49600.0,Recupero,SystemResponseTime_Success,2071.2406659183657
49600.0,Recupero,BusyServers,16.0
49600.0,Recupero,TimeQueue,0.0
49600.0,Recupero,TimeService,125.70512351672004
49600.0,Recupero,NumQueue,0.0
49600.0,Varchi,TimeTotal,16.45548194703629
49600.0,Varchi,NumTotal,2.0
49600.0,Varchi,SystemResponseTime_Success,2071.2406659183657
49600.0,Varchi,BusyServers,2.0
49600.0,Varchi,TimeQueue,2.923547940825429
49600.0,Varchi,TimeService,13.531126995255077
49600.0,Varchi,NumQueue,0.0
49600.0,TraceDetection,TimeTotal,110.53032902526907
49600.0,TraceDetection,NumTotal,6.0
49600.0,TraceDetection,SystemResponseTime_Success,2071.2406659183657
49600.0,TraceDetection,BusyServers,1.0
49600.0,TraceDetection,TimeQueue,49.213973362399
49600.0,TraceDetection,TimeService,61.60192634031157
49600.0,TraceDetection,NumQueue,5.0
49600.0,XRay,TimeTotal,1882.3424493552443
49600.0,XRay,NumTotal,414.0
49600.0,XRay,SystemResponseTime_Success,2071.2406659183657
49600.0,XRay,BusyServers,6.0
49600.0,XRay,TimeQueue,1833.8331260636467
49600.0,XRay,TimeService,49.89866649545307
49600.0,XRay,NumQueue,408.0
49600.0,CheckIn,TimeTotal,109.73493827072595
49600.0,CheckIn,NumTotal,1.0
49600.0,CheckIn,SystemResponseTime_Success,2071.2406659183657
49600.0,CheckIn,BusyServers,1.0
49600.0,CheckIn,TimeQueue,4.883980717327986
49600.0,CheckIn,TimeService,104.84893854524702
49600.0,CheckIn,NumQueue,0.0
50000.0,Recupero,TimeTotal,125.7470667285706
50000.0,Recupero,NumTotal,18.0
50000.0,Recupero,SystemResponseTime_Success,2082.9961742567216
50000.0,Recupero,BusyServers,18.0
50000.0,Recupero,TimeQueue,0.0
50000.0,Recupero,TimeService,125.7470667285706
50000.0,Recupero,NumQueue,0.0
50000.0,TraceDetection,TimeTotal,112.64658498451118
50000.0,TraceDetection,NumTotal,3.0
50000.0,TraceDetection,SystemResponseTime_Success,2082.9961742567216
50000.0,TraceDetection,BusyServers,1.0
50000.0,TraceDetection,TimeQueue,51.64195786971158
50000.0,TraceDetection,TimeService,61.64306524831199
50000.0,TraceDetection,NumQueue,2.0
50000.0,Varchi,TimeTotal,16.439387499916627
50000.0,Varchi,NumTotal,1.0
50000.0,Varchi,SystemResponseTime_Success,2082.9961742567216
50000.0,Varchi,BusyServers,1.0
50000.0,Varchi,TimeQueue,2.9137732522428452
50000.0,Varchi,TimeService,13.525159822649968
50000.0,Varchi,NumQueue,0.0
50000.0,XRay,TimeTotal,1893.6985489137965
50000.0,XRay,NumTotal,409.0
50000.0,XRay,SystemResponseTime_Success,2082.9961742567216
50000.0,XRay,BusyServers,6.0
50000.0,XRay,TimeQueue,1845.200948143401
50000.0,XRay,TimeService,49.8989007103624
50000.0,XRay,NumQueue,403.0
50000.0,CheckIn,TimeTotal,109.63557837982468
50000.0,CheckIn,NumTotal,2.0
50000.0,CheckIn,SystemResponseTime_Success,2082.9961742567216
50000.0,CheckIn,BusyServers,2.0
50000.0,CheckIn,TimeQueue,4.855888798658063
50000.0,CheckIn,TimeService,104.77569625156258
50000.0,CheckIn,NumQueue,0.0
50400.0,Recupero,TimeTotal,125.81040800206361
50400.0,Recupero,NumTotal,18.0
50400.0,Recupero,SystemResponseTime_Success,2096.10104136508
50400.0,Recupero,BusyServers,18.0
50400.0,Recupero,TimeQueue,0.0
50400.0,Recupero,TimeService,125.81040800206361
50400.0,Recupero,NumQueue,0.0
50400.0,CheckIn,TimeTotal,109.6243110387149
50400.0,CheckIn,NumTotal,7.0
50400.0,CheckIn,SystemResponseTime_Success,2096.10104136508
50400.0,CheckIn,BusyServers,7.0
50400.0,CheckIn,TimeQueue,4.812391423425784
50400.0,CheckIn,TimeService,104.79816431109816
50400.0,CheckIn,NumQueue,0.0
50400.0,XRay,TimeTotal,1906.0814123740379
50400.0,XRay,NumTotal,411.0
50400.0,XRay,SystemResponseTime_Success,2096.10104136508
50400.0,XRay,BusyServers,6.0
50400.0,XRay,TimeQueue,1857.624088465192
50400.0,XRay,TimeService,49.851862364059194
50400.0,XRay,NumQueue,405.0
50400.0,Varchi,TimeTotal,16.433552502500834
50400.0,Varchi,NumTotal,2.0
50400.0,Varchi,SystemResponseTime_Success,2096.10104136508
50400.0,Varchi,BusyServers,1.0
50400.0,Varchi,TimeQueue,2.912324615735337
50400.0,Varchi,TimeService,13.521931469725066
50400.0,Varchi,NumQueue,1.0
50400.0,TraceDetection,TimeTotal,113.64228151303168
50400.0,TraceDetection,NumTotal,1.0
50400.0,TraceDetection,SystemResponseTime_Success,2096.10104136508
50400.0,TraceDetection,BusyServers,1.0
50400.0,TraceDetection,TimeQueue,52.00366313213834
50400.0,TraceDetection,TimeService,61.58528470807019
50400.0,TraceDetection,NumQueue,0.0
50800.0,CheckIn,TimeTotal,109.58460784296598
50800.0,CheckIn,NumTotal,5.0
50800.0,CheckIn,SystemResponseTime_Success,2107.6788665769736
50800.0,CheckIn,BusyServers,5.0
50800.0,CheckIn,TimeQueue,4.805177338512215
50800.0,CheckIn,TimeService,104.76970342482124
50800.0,CheckIn,NumQueue,0.0
50800.0,Recupero,TimeTotal,125.79173269962251
50800.0,Recupero,NumTotal,16.0
50800.0,Recupero,SystemResponseTime_Success,2107.6788665769736
50800.0,Recupero,BusyServers,16.0
50800.0,Recupero,TimeQueue,0.0
50800.0,Recupero,TimeService,125.79173269962251
50800.0,Recupero,NumQueue,0.0
50800.0,Varchi,TimeTotal,16.430852102525833
50800.0,Varchi,NumTotal,2.0
50800.0,Varchi,SystemResponseTime_Success,2107.6788665769736
50800.0,Varchi,BusyServers,1.0
50800.0,Varchi,TimeQueue,2.9115748960566847
50800.0,Varchi,TimeService,13.518830440334947
50800.0,Varchi,NumQueue,1.0
50800.0,XRay,TimeTotal,1917.5068238802517
50800.0,XRay,NumTotal,411.0
50800.0,XRay,SystemResponseTime_Success,2107.6788665769736
50800.0,XRay,BusyServers,6.0
50800.0,XRay,TimeQueue,1869.0702690675919
50800.0,XRay,TimeService,49.834633779958615
50800.0,XRay,NumQueue,405.0
50800.0,TraceDetection,TimeTotal,113.55218471591135
50800.0,TraceDetection,NumTotal,1.0
50800.0,TraceDetection,SystemResponseTime_Success,2107.6788665769736
50800.0,TraceDetection,BusyServers,1.0
50800.0,TraceDetection,TimeQueue,51.9170302545399
50800.0,TraceDetection,TimeService,61.55417759226195
50800.0,TraceDetection,NumQueue,0.0
51200.0,Varchi,TimeTotal,16.44002323617442
51200.0,Varchi,NumTotal,1.0
51200.0,Varchi,SystemResponseTime_Success,2119.9130902235015
51200.0,Varchi,BusyServers,1.0
51200.0,Varchi,TimeQueue,2.918279600814555
51200.0,Varchi,TimeService,13.521299858048215
51200.0,Varchi,NumQueue,0.0
51200.0,Recupero,TimeTotal,125.79247837630139
51200.0,Recupero,NumTotal,13.0
51200.0,Recupero,SystemResponseTime_Success,2119.9130902235015
51200.0,Recupero,BusyServers,13.0
51200.0,Recupero,TimeQueue,0.0
51200.0,Recupero,TimeService,125.79247837630139
51200.0,Recupero,NumQueue,0.0
51200.0,TraceDetection,TimeTotal,113.18012315413867
51200.0,TraceDetection,NumTotal,1.0
51200.0,TraceDetection,SystemResponseTime_Success,2119.9130902235015
51200.0,TraceDetection,BusyServers,1.0
51200.0,TraceDetection,TimeQueue,51.60958512795402
51200.0,TraceDetection,TimeService,61.56698626734294
51200.0,TraceDetection,NumQueue,0.0
51200.0,CheckIn,TimeTotal,109.69116185662526
51200.0,CheckIn,NumTotal,7.0
51200.0,CheckIn,SystemResponseTime_Success,2119.9130902235015
51200.0,CheckIn,BusyServers,7.0
51200.0,CheckIn,TimeQueue,4.86739112943741
51200.0,CheckIn,TimeService,104.8148605388639
51200.0,CheckIn,NumQueue,0.0
51200.0,XRay,TimeTotal,1928.9698222879622
51200.0,XRay,NumTotal,421.0
51200.0,XRay,SystemResponseTime_Success,2119.9130902235015
51200.0,XRay,BusyServers,6.0
51200.0,XRay,TimeQueue,1880.514643617469
51200.0,XRay,TimeService,49.834816859012705
51200.0,XRay,NumQueue,415.0
51600.0,TraceDetection,TimeTotal,112.92001052339886
51600.0,TraceDetection,NumTotal,1.0
51600.0,TraceDetection,SystemResponseTime_Success,2129.8364688058878
51600.0,TraceDetection,BusyServers,1.0
51600.0,TraceDetection,TimeQueue,51.41474137145211
51600.0,TraceDetection,TimeService,61.51675470526399
51600.0,TraceDetection,NumQueue,0.0
51600.0,Recupero,TimeTotal,125.77997939745337
51600.0,Recupero,NumTotal,17.0
51600.0,Recupero,SystemResponseTime_Success,2129.8364688058878
51600.0,Recupero,BusyServers,17.0
51600.0,Recupero,TimeQueue,0.0
51600.0,Recupero,TimeService,125.77997939745337
51600.0,Recupero,NumQueue,0.0
51600.0,CheckIn,TimeTotal,109.64251577241384
51600.0,CheckIn,NumTotal,4.0
51600.0,CheckIn,SystemResponseTime_Success,2129.8364688058878
51600.0,CheckIn,BusyServers,4.0
51600.0,CheckIn,TimeQueue,4.832624049941428
51600.0,CheckIn,TimeService,104.80220869536603
51600.0,CheckIn,NumQueue,0.0
51600.0,Varchi,TimeTotal,16.434129296762208
51600.0,Varchi,NumTotal,0.0
51600.0,Varchi,SystemResponseTime_Success,2129.8364688058878
51600.0,Varchi,BusyServers,0.0
51600.0,Varchi,TimeQueue,2.9127398054965083
51600.0,Varchi,TimeService,13.521389491265625
51600.0,Varchi,NumQueue,0.0
51600.0,XRay,TimeTotal,1939.8961941382001
51600.0,XRay,NumTotal,414.0
51600.0,XRay,SystemResponseTime_Success,2129.8364688058878
51600.0,XRay,BusyServers,6.0
51600.0,XRay,TimeQueue,1891.4325500976752
51600.0,XRay,TimeService,49.85508345157494
51600.0,XRay,NumQueue,408.0
52000.0,CheckIn,TimeTotal,109.69552364006597
52000.0,CheckIn,NumTotal,6.0
52000.0,CheckIn,SystemResponseTime_Success,2141.420873479985
52000.0,CheckIn,BusyServers,6.0
52000.0,CheckIn,TimeQueue,4.79835012050922
52000.0,CheckIn,TimeService,104.8858030216409
52000.0,CheckIn,NumQueue,0.0
52000.0,XRay,TimeTotal,1950.7021712029043
52000.0,XRay,NumTotal,413.0
52000.0,XRay,SystemResponseTime_Success,2141.420873479985
52000.0,XRay,BusyServers,6.0
52000.0,XRay,TimeQueue,1902.257942969537
52000.0,XRay,TimeService,49.85089817975067
52000.0,XRay,NumQueue,407.0
52000.0,Varchi,TimeTotal,16.428971171191346
52000.0,Varchi,NumTotal,2.0
52000.0,Varchi,SystemResponseTime_Success,2141.420873479985
52000.0,Varchi,BusyServers,1.0
52000.0,Varchi,TimeQueue,2.906695620169847
52000.0,Varchi,TimeService,13.521839241261564
52000.0,Varchi,NumQueue,1.0
52000.0,TraceDetection,TimeTotal,112.55365062489518
52000.0,TraceDetection,NumTotal,1.0
52000.0,TraceDetection,SystemResponseTime_Success,2141.420873479985
52000.0,TraceDetection,BusyServers,1.0
52000.0,TraceDetection,TimeQueue,51.01686909779422
52000.0,TraceDetection,TimeService,61.448680432635676
52000.0,TraceDetection,NumQueue,0.0
52000.0,Recupero,TimeTotal,125.75860232064545
52000.0,Recupero,NumTotal,14.0
52000.0,Recupero,SystemResponseTime_Success,2141.420873479985
52000.0,Recupero,BusyServers,14.0
52000.0,Recupero,TimeQueue,0.0
52000.0,Recupero,TimeService,125.75860232064545
52000.0,Recupero,NumQueue,0.0
52400.0,TraceDetection,TimeTotal,112.20812366608314
52400.0,TraceDetection,NumTotal,1.0
52400.0,TraceDetection,SystemResponseTime_Success,2152.9422722824625
52400.0,TraceDetection,BusyServers,1.0
52400.0,TraceDetection,TimeQueue,50.657595371753416
52400.0,TraceDetection,TimeService,61.46118509261584
52400.0,TraceDetection,NumQueue,0.0
52400.0,CheckIn,TimeTotal,109.66539213323226
52400.0,CheckIn,NumTotal,5.0
52400.0,CheckIn,SystemResponseTime_Success,2152.9422722824625
52400.0,CheckIn,BusyServers,5.0
52400.0,CheckIn,TimeQueue,4.774675864221344
52400.0,CheckIn,TimeService,104.88137978902618
52400.0,CheckIn,NumQueue,0.0
52400.0,Varchi,TimeTotal,16.43133027063577
52400.0,Varchi,NumTotal,1.0
52400.0,Varchi,SystemResponseTime_Success,2152.9422722824625
52400.0,Varchi,BusyServers,1.0
52400.0,Varchi,TimeQueue,2.9069778739391734
52400.0,Varchi,TimeService,13.523919681919198
52400.0,Varchi,NumQueue,0.0
52400.0,XRay,TimeTotal,1962.788816659603
52400.0,XRay,NumTotal,417.0
52400.0,XRay,SystemResponseTime_Success,2152.9422722824625
52400.0,XRay,BusyServers,6.0
52400.0,XRay,TimeQueue,1914.3575601839743
52400.0,XRay,TimeService,49.83362871250628
52400.0,XRay,NumQueue,411.0
52400.0,Recupero,TimeTotal,125.67640322774245
52400.0,Recupero,NumTotal,15.0
52400.0,Recupero,SystemResponseTime_Success,2152.9422722824625
52400.0,Recupero,BusyServers,15.0
52400.0,Recupero,TimeQueue,0.0
52400.0,Recupero,TimeService,125.67640322774245
52400.0,Recupero,NumQueue,0.0
52800.0,CheckIn,TimeTotal,109.63992888243259
52800.0,CheckIn,NumTotal,5.0
52800.0,CheckIn,SystemResponseTime_Success,2163.10946857743
52800.0,CheckIn,BusyServers,5.0
52800.0,CheckIn,TimeQueue,4.735857361260194
52800.0,CheckIn,TimeService,104.89488638276814
52800.0,CheckIn,NumQueue,0.0
52800.0,TraceDetection,TimeTotal,112.12411047676787
52800.0,TraceDetection,NumTotal,4.0
52800.0,TraceDetection,SystemResponseTime_Success,2163.10946857743
52800.0,TraceDetection,BusyServers,1.0
52800.0,TraceDetection,TimeQueue,50.80893774983594
52800.0,TraceDetection,TimeService,61.41680278292943
52800.0,TraceDetection,NumQueue,3.0
52800.0,Recupero,TimeTotal,125.63078847039878
52800.0,Recupero,NumTotal,12.0
52800.0,Recupero,SystemResponseTime_Success,2163.10946857743
52800.0,Recupero,BusyServers,12.0
52800.0,Recupero,TimeQueue,0.0
52800.0,Recupero,TimeService,125.63078847039878
52800.0,Recupero,NumQueue,0.0
52800.0,Varchi,TimeTotal,16.43135426570924
52800.0,Varchi,NumTotal,6.0
52800.0,Varchi,SystemResponseTime_Success,2163.10946857743
52800.0,Varchi,BusyServers,4.0
52800.0,Varchi,TimeQueue,2.9077216650636655
52800.0,Varchi,TimeService,13.524225892889538
52800.0,Varchi,NumQueue,2.0
52800.0,XRay,TimeTotal,1972.9544650577132
52800.0,XRay,NumTotal,428.0
52800.0,XRay,SystemResponseTime_Success,2163.10946857743
52800.0,XRay,BusyServers,6.0
52800.0,XRay,TimeQueue,1924.464289242273
52800.0,XRay,TimeService,49.84365224123772
52800.0,XRay,NumQueue,422.0
53200.0,TraceDetection,TimeTotal,113.08887043355661
53200.0,TraceDetection,NumTotal,3.0
53200.0,TraceDetection,SystemResponseTime_Success,2173.7920349194123
53200.0,TraceDetection,BusyServers,1.0
53200.0,TraceDetection,TimeQueue,51.683266793775815
53200.0,TraceDetection,TimeService,61.57264781767339
53200.0,TraceDetection,NumQueue,2.0
53200.0,Varchi,TimeTotal,16.43061476104785
53200.0,Varchi,NumTotal,2.0
53200.0,Varchi,SystemResponseTime_Success,2173.7920349194123
53200.0,Varchi,BusyServers,1.0
53200.0,Varchi,TimeQueue,2.90828923108053
53200.0,Varchi,TimeService,13.523179928870253
53200.0,Varchi,NumQueue,1.0
53200.0,CheckIn,TimeTotal,109.56882852655617
53200.0,CheckIn,NumTotal,3.0
53200.0,CheckIn,SystemResponseTime_Success,2173.7920349194123
53200.0,CheckIn,BusyServers,3.0
53200.0,CheckIn,TimeQueue,4.703083261874311
53200.0,CheckIn,TimeService,104.86031445260123
53200.0,CheckIn,NumQueue,0.0
53200.0,Recupero,TimeTotal,125.66418519358189
53200.0,Recupero,NumTotal,13.0
53200.0,Recupero,SystemResponseTime_Success,2173.7920349194123
53200.0,Recupero,BusyServers,13.0
53200.0,Recupero,TimeQueue,0.0
53200.0,Recupero,TimeService,125.66418519358189
53200.0,Recupero,NumQueue,0.0
53200.0,XRay,TimeTotal,1983.3435150533746
53200.0,XRay,NumTotal,432.0
53200.0,XRay,SystemResponseTime_Success,2173.7920349194123
53200.0,XRay,BusyServers,6.0
53200.0,XRay,TimeQueue,1934.8228489011738
53200.0,XRay,TimeService,49.83313872950662
53200.0,XRay,NumQueue,426.0
53600.0,Recupero,TimeTotal,125.64174653555878
53600.0,Recupero,NumTotal,13.0
53600.0,Recupero,SystemResponseTime_Success,2184.340270733332
53600.0,Recupero,BusyServers,13.0
53600.0,Recupero,TimeQueue,0.0
53600.0,Recupero,TimeService,125.64174653555878
53600.0,Recupero,NumQueue,0.0
53600.0,CheckIn,TimeTotal,109.54218907795617
53600.0,CheckIn,NumTotal,6.0
53600.0,CheckIn,SystemResponseTime_Success,2184.340270733332
53600.0,CheckIn,BusyServers,6.0
53600.0,CheckIn,TimeQueue,4.668976932875986
53600.0,CheckIn,TimeService,104.86249528907516
53600.0,CheckIn,NumQueue,0.0
53600.0,Varchi,TimeTotal,16.428147312096097
53600.0,Varchi,NumTotal,3.0
53600.0,Varchi,SystemResponseTime_Success,2184.340270733332
53600.0,Varchi,BusyServers,3.0
53600.0,Varchi,TimeQueue,2.9014594333527297
53600.0,Varchi,TimeService,13.526612206301367
53600.0,Varchi,NumQueue,0.0
53600.0,XRay,TimeTotal,1994.2093520315418
53600.0,XRay,NumTotal,427.0
53600.0,XRay,SystemResponseTime_Success,2184.340270733332
53600.0,XRay,BusyServers,6.0
53600.0,XRay,TimeQueue,1945.663935893965
53600.0,XRay,TimeService,49.82758518426527
53600.0,XRay,NumQueue,421.0
53600.0,TraceDetection,TimeTotal,114.12890129905455
53600.0,TraceDetection,NumTotal,4.0
53600.0,TraceDetection,SystemResponseTime_Success,2184.340270733332
53600.0,TraceDetection,BusyServers,1.0
53600.0,TraceDetection,TimeQueue,52.72705403719334
53600.0,TraceDetection,TimeService,61.70500421843852
53600.0,TraceDetection,NumQueue,3.0
54000.0,Varchi,TimeTotal,16.416950990466415
54000.0,Varchi,NumTotal,0.0
54000.0,Varchi,SystemResponseTime_Success,2193.891869692547
54000.0,Varchi,BusyServers,0.0
54000.0,Varchi,TimeQueue,2.892017584628312
54000.0,Varchi,TimeService,13.524933405838002
54000.0,Varchi,NumQueue,0.0
54000.0,CheckIn,TimeTotal,109.5290491876967
54000.0,CheckIn,NumTotal,5.0
54000.0,CheckIn,SystemResponseTime_Success,2193.891869692547
54000.0,CheckIn,BusyServers,5.0
54000.0,CheckIn,TimeQueue,4.647689804002691
54000.0,CheckIn,TimeService,104.87251338102179
54000.0,CheckIn,NumQueue,0.0
54000.0,XRay,TimeTotal,2003.8366471540596
54000.0,XRay,NumTotal,422.0
54000.0,XRay,SystemResponseTime_Success,2193.891869692547
54000.0,XRay,BusyServers,6.0
54000.0,XRay,TimeQueue,1955.2806129240867
54000.0,XRay,TimeService,49.84928580843013
54000.0,XRay,NumQueue,416.0
54000.0,TraceDetection,TimeTotal,116.26944839634666
54000.0,TraceDetection,NumTotal,3.0
54000.0,TraceDetection,SystemResponseTime_Success,2193.891869692547
54000.0,TraceDetection,BusyServers,1.0
54000.0,TraceDetection,TimeQueue,54.74058285490257
54000.0,TraceDetection,TimeService,61.776626996346884
54000.0,TraceDetection,NumQueue,2.0
54000.0,Recupero,TimeTotal,125.57907613834988
54000.0,Recupero,NumTotal,15.0
54000.0,Recupero,SystemResponseTime_Success,2193.891869692547
54000.0,Recupero,BusyServers,15.0
54000.0,Recupero,TimeQueue,0.0
54000.0,Recupero,TimeService,125.57907613834988
54000.0,Recupero,NumQueue,0.0
54400.0,CheckIn,TimeTotal,109.5281129655545
54400.0,CheckIn,NumTotal,5.0
54400.0,CheckIn,SystemResponseTime_Success,2205.6907014694466
54400.0,CheckIn,BusyServers,5.0
54400.0,CheckIn,TimeQueue,4.652290682018204
54400.0,CheckIn,TimeService,104.86703110688856
54400.0,CheckIn,NumQueue,0.0
54400.0,XRay,TimeTotal,2015.1783788704952
54400.0,XRay,NumTotal,423.0
54400.0,XRay,SystemResponseTime_Success,2205.6907014694466
54400.0,XRay,BusyServers,6.0
54400.0,XRay,TimeQueue,1966.6566499310832
54400.0,XRay,TimeService,49.840026367793484
54400.0,XRay,NumQueue,417.0
54400.0,Varchi,TimeTotal,16.427800557008645
54400.0,Varchi,NumTotal,1.0
54400.0,Varchi,SystemResponseTime_Success,2205.6907014694466
54400.0,Varchi,BusyServers,1.0
54400.0,Varchi,TimeQueue,2.9043287484466918
54400.0,Varchi,TimeService,13.524486606129255
54400.0,Varchi,NumQueue,0.0
54400.0,TraceDetection,TimeTotal,116.87840489714138
54400.0,TraceDetection,NumTotal,2.0
54400.0,TraceDetection,SystemResponseTime_Success,2205.6907014694466
54400.0,TraceDetection,BusyServers,1.0
54400.0,TraceDetection,TimeQueue,55.00211490735431
54400.0,TraceDetection,TimeService,61.7836938367444
54400.0,TraceDetection,NumQueue,1.0
54400.0,Recupero,TimeTotal,125.59304528941807
54400.0,Recupero,NumTotal,14.0
54400.0,Recupero,SystemResponseTime_Success,2205.6907014694466
54400.0,Recupero,BusyServers,14.0
54400.0,Recupero,TimeQueue,0.0
54400.0,Recupero,TimeService,125.59304528941807
54400.0,Recupero,NumQueue,0.0
54800.0,CheckIn,TimeTotal,109.44105571787402
54800.0,CheckIn,NumTotal,4.0
54800.0,CheckIn,SystemResponseTime_Success,2216.3788231154713
54800.0,CheckIn,BusyServers,4.0
54800.0,CheckIn,TimeQueue,4.6258033135200165
54800.0,CheckIn,TimeService,104.80831196427377
54800.0,CheckIn,NumQueue,0.0
54800.0,Recupero,TimeTotal,125.62102160028088
54800.0,Recupero,NumTotal,15.0
54800.0,Recupero,SystemResponseTime_Success,2216.3788231154713
54800.0,Recupero,BusyServers,15.0
54800.0,Recupero,TimeQueue,0.0
54800.0,Recupero,TimeService,125.62102160028088
54800.0,Recupero,NumQueue,0.0
54800.0,Varchi,TimeTotal,16.423518360028233
54800.0,Varchi,NumTotal,0.0
54800.0,Varchi,SystemResponseTime_Success,2216.3788231154713
54800.0,Varchi,BusyServers,0.0
54800.0,Varchi,TimeQueue,2.8979272478381946
54800.0,Varchi,TimeService,13.525591112189945
54800.0,Varchi,NumQueue,0.0
54800.0,TraceDetection,TimeTotal,116.52181061290224
54800.0,TraceDetection,NumTotal,1.0
54800.0,TraceDetection,SystemResponseTime_Success,2216.3788231154713
54800.0,TraceDetection,BusyServers,1.0
54800.0,TraceDetection,TimeQueue,54.68454854157467
54800.0,TraceDetection,TimeService,61.76187588114471
54800.0,TraceDetection,NumQueue,0.0
54800.0,XRay,TimeTotal,2025.4667142810629
54800.0,XRay,NumTotal,421.0
54800.0,XRay,SystemResponseTime_Success,2216.3788231154713
54800.0,XRay,BusyServers,6.0
54800.0,XRay,TimeQueue,1976.9121708546559
54800.0,XRay,TimeService,49.83625347893383
54800.0,XRay,NumQueue,415.0
55200.0,Varchi,TimeTotal,16.423909821892636
55200.0,Varchi,NumTotal,1.0
55200.0,Varchi,SystemResponseTime_Success,2227.7955136133482
55200.0,Varchi,BusyServers,1.0
55200.0,Varchi,TimeQueue,2.898491781369453
55200.0,Varchi,TimeService,13.52621298320838
55200.0,Varchi,NumQueue,0.0
55200.0,CheckIn,TimeTotal,109.41531047248877
55200.0,CheckIn,NumTotal,6.0
55200.0,CheckIn,SystemResponseTime_Success,2227.7955136133482
55200.0,CheckIn,BusyServers,6.0
55200.0,CheckIn,TimeQueue,4.584593484446342
55200.0,CheckIn,TimeService,104.82048352044328
55200.0,CheckIn,NumQueue,0.0
55200.0,XRay,TimeTotal,2036.861677038185
55200.0,XRay,NumTotal,420.0
55200.0,XRay,SystemResponseTime_Success,2227.7955136133482
55200.0,XRay,BusyServers,6.0
55200.0,XRay,TimeQueue,1988.2948896782848
55200.0,XRay,TimeService,49.80579151623737
55200.0,XRay,NumQueue,414.0
55200.0,TraceDetection,TimeTotal,116.35266327958823
55200.0,TraceDetection,NumTotal,2.0
55200.0,TraceDetection,SystemResponseTime_Success,2227.7955136133482
55200.0,TraceDetection,BusyServers,1.0
55200.0,TraceDetection,TimeQueue,54.50257001065429
55200.0,TraceDetection,TimeService,61.75925565224952
55200.0,TraceDetection,NumQueue,1.0
55200.0,Recupero,TimeTotal,125.62111231537207
55200.0,Recupero,NumTotal,15.0
55200.0,Recupero,SystemResponseTime_Success,2227.7955136133482
55200.0,Recupero,BusyServers,15.0
55200.0,Recupero,TimeQueue,0.0
55200.0,Recupero,TimeService,125.62111231537207
55200.0,Recupero,NumQueue,0.0
55600.0,TraceDetection,TimeTotal,116.01990254940722
55600.0,TraceDetection,NumTotal,0.0
55600.0,TraceDetection,SystemResponseTime_Success,2237.7226776170874
55600.0,TraceDetection,BusyServers,0.0
55600.0,TraceDetection,TimeQueue,54.35068380447918
55600.0,TraceDetection,TimeService,61.66921874492805
55600.0,TraceDetection,NumQueue,0.0
55600.0,Recupero,TimeTotal,125.55278098917238
55600.0,Recupero,NumTotal,14.0
55600.0,Recupero,SystemResponseTime_Success,2237.7226776170874
55600.0,Recupero,BusyServers,14.0
55600.0,Recupero,TimeQueue,0.0
55600.0,Recupero,TimeService,125.55278098917238
55600.0,Recupero,NumQueue,0.0
55600.0,Varchi,TimeTotal,16.419742497622963
55600.0,Varchi,NumTotal,3.0
55600.0,Varchi,SystemResponseTime_Success,2237.7226776170874
55600.0,Varchi,BusyServers,2.0
55600.0,Varchi,TimeQueue,2.895316982239678
55600.0,Varchi,TimeService,13.523610277601335
55600.0,Varchi,NumQueue,1.0
55600.0,CheckIn,TimeTotal,109.42656823831398
55600.0,CheckIn,NumTotal,4.0
55600.0,CheckIn,SystemResponseTime_Success,2237.7226776170874
55600.0,CheckIn,BusyServers,4.0
55600.0,CheckIn,TimeQueue,4.555844650349851
55600.0,CheckIn,TimeService,104.86399164167626
55600.0,CheckIn,NumQueue,0.0
55600.0,XRay,TimeTotal,2046.442533574664
55600.0,XRay,NumTotal,416.0
55600.0,XRay,SystemResponseTime_Success,2237.7226776170874
55600.0,XRay,BusyServers,6.0
55600.0,XRay,TimeQueue,1997.8558540501972
55600.0,XRay,TimeService,49.81309469538992
55600.0,XRay,NumQueue,410.0
56000.0,Varchi,TimeTotal,16.415692799143592
56000.0,Varchi,NumTotal,2.0
56000.0,Varchi,SystemResponseTime_Success,2247.7512421420647
56000.0,Varchi,BusyServers,1.0
56000.0,Varchi,TimeQueue,2.8951396347341323
56000.0,Varchi,TimeService,13.521280702357029
56000.0,Varchi,NumQueue,1.0
56000.0,Recupero,TimeTotal,125.51470666225259
56000.0,Recupero,NumTotal,15.0
56000.0,Recupero,SystemResponseTime_Success,2247.7512421420647
56000.0,Recupero,BusyServers,15.0
56000.0,Recupero,TimeQueue,0.0
56000.0,Recupero,TimeService,125.51470666225259
56000.0,Recupero,NumQueue,0.0
56000.0,XRay,TimeTotal,2056.8111308282546
56000.0,XRay,NumTotal,406.0
56000.0,XRay,SystemResponseTime_Success,2247.7512421420647
56000.0,XRay,BusyServers,6.0
56000.0,XRay,TimeQueue,2008.2624096187085
56000.0,XRay,TimeService,49.80506631289183
56000.0,XRay,NumQueue,400.0
56000.0,TraceDetection,TimeTotal,115.91914796403981
56000.0,TraceDetection,NumTotal,1.0
56000.0,TraceDetection,SystemResponseTime_Success,2247.7512421420647
56000.0,TraceDetection,BusyServers,1.0
56000.0,TraceDetection,TimeQueue,54.171308610405
56000.0,TraceDetection,TimeService,61.658300000559784
56000.0,TraceDetection,NumQueue,0.0
56000.0,CheckIn,TimeTotal,109.34497959901485
56000.0,CheckIn,NumTotal,3.0
56000.0,CheckIn,SystemResponseTime_Success,2247.7512421420647
56000.0,CheckIn,BusyServers,3.0
56000.0,CheckIn,TimeQueue,4.539302013096034
56000.0,CheckIn,TimeService,104.80820892153024
56000.0,CheckIn,NumQueue,0.0
56400.0,Recupero,TimeTotal,125.48806472324661
56400.0,Recupero,NumTotal,12.0
56400.0,Recupero,SystemResponseTime_Success,2257.585484259897
56400.0,Recupero,BusyServers,12.0
56400.0,Recupero,TimeQueue,0.0
56400.0,Recupero,TimeService,125.48806472324661
56400.0,Recupero,NumQueue,0.0
56400.0,CheckIn,TimeTotal,109.36327382273477
56400.0,CheckIn,NumTotal,4.0
56400.0,CheckIn,SystemResponseTime_Success,2257.585484259897
56400.0,CheckIn,BusyServers,4.0
56400.0,CheckIn,TimeQueue,4.507801721335234
56400.0,CheckIn,TimeService,104.84890335572189
56400.0,CheckIn,NumQueue,0.0
56400.0,Varchi,TimeTotal,16.408114733412017
56400.0,Varchi,NumTotal,1.0
56400.0,Varchi,SystemResponseTime_Success,2257.585484259897
56400.0,Varchi,BusyServers,1.0
56400.0,Varchi,TimeQueue,2.8882291127230175
56400.0,Varchi,TimeService,13.520129960096167
56400.0,Varchi,NumQueue,0.0
56400.0,TraceDetection,TimeTotal,115.86068291753544
56400.0,TraceDetection,NumTotal,4.0
56400.0,TraceDetection,SystemResponseTime_Success,2257.585484259897
56400.0,TraceDetection,BusyServers,1.0
56400.0,TraceDetection,TimeQueue,54.32254055510212
56400.0,TraceDetection,TimeService,61.71579698620931
56400.0,TraceDetection,NumQueue,3.0
56400.0,XRay,TimeTotal,2066.8008294260853
56400.0,XRay,NumTotal,404.0
56400.0,XRay,SystemResponseTime_Success,2257.585484259897
56400.0,XRay,BusyServers,6.0
56400.0,XRay,TimeQueue,2018.2648386023982
56400.0,XRay,TimeService,49.80461663992011
56400.0,XRay,NumQueue,398.0
56800.0,CheckIn,TimeTotal,109.30014805382848
56800.0,CheckIn,NumTotal,4.0
56800.0,CheckIn,SystemResponseTime_Success,2267.2601753761583
56800.0,CheckIn,BusyServers,4.0
56800.0,CheckIn,TimeQueue,4.487437390868446
56800.0,CheckIn,TimeService,104.81438773707714
56800.0,CheckIn,NumQueue,0.0
56800.0,XRay,TimeTotal,2076.8744333316886
56800.0,XRay,NumTotal,397.0
56800.0,XRay,SystemResponseTime_Success,2267.2601753761583
56800.0,XRay,BusyServers,6.0
56800.0,XRay,TimeQueue,2028.3469549086476
56800.0,XRay,TimeService,49.81145847660385
56800.0,XRay,NumQueue,391.0
56800.0,TraceDetection,TimeTotal,116.8542168375026
56800.0,TraceDetection,NumTotal,1.0
56800.0,TraceDetection,SystemResponseTime_Success,2267.2601753761583
56800.0,TraceDetection,BusyServers,1.0
56800.0,TraceDetection,TimeQueue,55.19410781077606
56800.0,TraceDetection,TimeService,61.79465622017445
56800.0,TraceDetection,NumQueue,0.0
56800.0,Recupero,TimeTotal,125.51809187136149
56800.0,Recupero,NumTotal,16.0
56800.0,Recupero,SystemResponseTime_Success,2267.2601753761583
56800.0,Recupero,BusyServers,16.0
56800.0,Recupero,TimeQueue,0.0
56800.0,Recupero,TimeService,125.51809187136149
56800.0,Recupero,NumQueue,0.0
56800.0,Varchi,TimeTotal,16.402402701475335
56800.0,Varchi,NumTotal,3.0
56800.0,Varchi,SystemResponseTime_Success,2267.2601753761583
56800.0,Varchi,BusyServers,3.0
56800.0,Varchi,TimeQueue,2.8835075489492596
56800.0,Varchi,TimeService,13.517698510853988
56800.0,Varchi,NumQueue,0.0
57200.0,XRay,TimeTotal,2087.4088959110823
57200.0,XRay,NumTotal,398.0
57200.0,XRay,SystemResponseTime_Success,2278.065019983948
57200.0,XRay,BusyServers,6.0
57200.0,XRay,TimeQueue,2038.83853012422
57200.0,XRay,TimeService,49.79528484842583
57200.0,XRay,NumQueue,392.0
57200.0,TraceDetection,TimeTotal,116.70590888688588
57200.0,TraceDetection,NumTotal,3.0
57200.0,TraceDetection,SystemResponseTime_Success,2278.065019983948
57200.0,TraceDetection,BusyServers,1.0
57200.0,TraceDetection,TimeQueue,55.02639779917188
57200.0,TraceDetection,TimeService,61.64980402074156
57200.0,TraceDetection,NumQueue,2.0
57200.0,CheckIn,TimeTotal,109.37892370977758
57200.0,CheckIn,NumTotal,7.0
57200.0,CheckIn,SystemResponseTime_Success,2278.065019983948
57200.0,CheckIn,BusyServers,7.0
57200.0,CheckIn,TimeQueue,4.70391379303284
57200.0,CheckIn,TimeService,104.75712472875554
57200.0,CheckIn,NumQueue,0.0
57200.0,Recupero,TimeTotal,125.50837170332773
57200.0,Recupero,NumTotal,15.0
57200.0,Recupero,SystemResponseTime_Success,2278.065019983948
57200.0,Recupero,BusyServers,15.0
57200.0,Recupero,TimeQueue,0.0
57200.0,Recupero,TimeService,125.50837170332773
57200.0,Recupero,NumQueue,0.0
57200.0,Varchi,TimeTotal,16.405774435366222
57200.0,Varchi,NumTotal,5.0
57200.0,Varchi,SystemResponseTime_Success,2278.065019983948
57200.0,Varchi,BusyServers,3.0
57200.0,Varchi,TimeQueue,2.887560591379903
57200.0,Varchi,TimeService,13.518014288573971
57200.0,Varchi,NumQueue,2.0
57600.0,CheckIn,TimeTotal,109.44821042003825
57600.0,CheckIn,NumTotal,7.0
57600.0,CheckIn,SystemResponseTime_Success,2287.5041459676067
57600.0,CheckIn,BusyServers,7.0
57600.0,CheckIn,TimeQueue,4.667268572265588
57600.0,CheckIn,TimeService,104.76934409129213
57600.0,CheckIn,NumQueue,0.0
57600.0,Recupero,TimeTotal,125.56488985232454
57600.0,Recupero,NumTotal,13.0
57600.0,Recupero,SystemResponseTime_Success,2287.5041459676067
57600.0,Recupero,BusyServers,13.0
57600.0,Recupero,TimeQueue,0.0
57600.0,Recupero,TimeService,125.56488985232454
57600.0,Recupero,NumQueue,0.0
57600.0,TraceDetection,TimeTotal,117.03347176719743
57600.0,TraceDetection,NumTotal,4.0
57600.0,TraceDetection,SystemResponseTime_Success,2287.5041459676067
57600.0,TraceDetection,BusyServers,1.0
57600.0,TraceDetection,TimeQueue,55.30486491912991
57600.0,TraceDetection,TimeService,61.75414153161126
57600.0,TraceDetection,NumQueue,3.0
57600.0,XRay,TimeTotal,2096.7677387396357
57600.0,XRay,NumTotal,405.0
57600.0,XRay,SystemResponseTime_Success,2287.5041459676067
57600.0,XRay,BusyServers,6.0
57600.0,XRay,TimeQueue,2048.149750273246
57600.0,XRay,TimeService,49.78205784448246
57600.0,XRay,NumQueue,399.0
57600.0,Varchi,TimeTotal,16.41167258390432
57600.0,Varchi,NumTotal,3.0
57600.0,Varchi,SystemResponseTime_Success,2287.5041459676067
57600.0,Varchi,BusyServers,3.0
57600.0,Varchi,TimeQueue,2.8953345015439296
57600.0,Varchi,TimeService,13.517729369335875
57600.0,Varchi,NumQueue,0.0
58000.0,Recupero,TimeTotal,125.63364743092522
58000.0,Recupero,NumTotal,14.0
58000.0,Recupero,SystemResponseTime_Success,2297.7459179947105
58000.0,Recupero,BusyServers,14.0
58000.0,Recupero,TimeQueue,0.0
58000.0,Recupero,TimeService,125.63364743092522
58000.0,Recupero,NumQueue,0.0
58000.0,XRay,TimeTotal,2106.3819719983294
58000.0,XRay,NumTotal,398.0
58000.0,XRay,SystemResponseTime_Success,2297.7459179947105
58000.0,XRay,BusyServers,6.0
58000.0,XRay,TimeQueue,2057.726442726178
58000.0,XRay,TimeService,49.77934646771552
58000.0,XRay,NumQueue,392.0
58000.0,TraceDetection,TimeTotal,117.73624894343688
58000.0,TraceDetection,NumTotal,2.0
58000.0,TraceDetection,SystemResponseTime_Success,2297.7459179947105
58000.0,TraceDetection,BusyServers,1.0
58000.0,TraceDetection,TimeQueue,55.77015192959432
58000.0,TraceDetection,TimeService,61.877713254841616
58000.0,TraceDetection,NumQueue,1.0
58000.0,Varchi,TimeTotal,16.407995432604704
58000.0,Varchi,NumTotal,1.0
58000.0,Varchi,SystemResponseTime_Success,2297.7459179947105
58000.0,Varchi,BusyServers,1.0
58000.0,Varchi,TimeQueue,2.890820308135509
58000.0,Varchi,TimeService,13.516783414400265
58000.0,Varchi,NumQueue,0.0
58000.0,CheckIn,TimeTotal,109.41553324498229
58000.0,CheckIn,NumTotal,5.0
58000.0,CheckIn,SystemResponseTime_Success,2297.7459179947105
58000.0,CheckIn,BusyServers,5.0
58000.0,CheckIn,TimeQueue,4.642608822852419
58000.0,CheckIn,TimeService,104.76473351030415
58000.0,CheckIn,NumQueue,0.0
58400.0,Varchi,TimeTotal,16.41085273486765
58400.0,Varchi,NumTotal,2.0
58400.0,Varchi,SystemResponseTime_Success,2306.8553506296826
58400.0,Varchi,BusyServers,1.0
58400.0,Varchi,TimeQueue,2.8947046898732203
58400.0,Varchi,TimeService,13.515758657761383
58400.0,Varchi,NumQueue,1.0
58400.0,TraceDetection,TimeTotal,117.43518594160454
58400.0,TraceDetection,NumTotal,1.0
58400.0,TraceDetection,SystemResponseTime_Success,2306.8553506296826
58400.0,TraceDetection,BusyServers,1.0
58400.0,TraceDetection,TimeQueue,55.482545898315486
58400.0,TraceDetection,TimeService,61.87805710368855
58400.0,TraceDetection,NumQueue,0.0
58400.0,XRay,TimeTotal,2115.7720533534775
58400.0,XRay,NumTotal,402.0
58400.0,XRay,SystemResponseTime_Success,2306.8553506296826
58400.0,XRay,BusyServers,6.0
58400.0,XRay,TimeQueue,2067.1146007238185
58400.0,XRay,TimeService,49.766330912497615
58400.0,XRay,NumQueue,396.0
58400.0,CheckIn,TimeTotal,109.44784986848454
58400.0,CheckIn,NumTotal,3.0
58400.0,CheckIn,SystemResponseTime_Success,2306.8553506296826
58400.0,CheckIn,BusyServers,3.0
58400.0,CheckIn,TimeQueue,4.624689981781761
58400.0,CheckIn,TimeService,104.81828666227526
58400.0,CheckIn,NumQueue,0.0
58400.0,Recupero,TimeTotal,125.63261535485297
58400.0,Recupero,NumTotal,16.0
58400.0,Recupero,SystemResponseTime_Success,2306.8553506296826
58400.0,Recupero,BusyServers,16.0
58400.0,Recupero,TimeQueue,0.0
58400.0,Recupero,TimeService,125.63261535485297
58400.0,Recupero,NumQueue,0.0
58800.0,Recupero,TimeTotal,125.65255738151374
58800.0,Recupero,NumTotal,14.0
58800.0,Recupero,SystemResponseTime_Success,2315.464364856686
58800.0,Recupero,BusyServers,14.0
58800.0,Recupero,TimeQueue,0.0
58800.0,Recupero,TimeService,125.65255738151374
58800.0,Recupero,NumQueue,0.0
58800.0,TraceDetection,TimeTotal,117.10887420520463
58800.0,TraceDetection,NumTotal,3.0
58800.0,TraceDetection,SystemResponseTime_Success,2315.464364856686
58800.0,TraceDetection,BusyServers,1.0
58800.0,TraceDetection,TimeQueue,55.21803068009215
58800.0,TraceDetection,TimeService,61.8873803585575
58800.0,TraceDetection,NumQueue,2.0
58800.0,CheckIn,TimeTotal,109.35839049771468
58800.0,CheckIn,NumTotal,6.0
58800.0,CheckIn,SystemResponseTime_Success,2315.464364856686
58800.0,CheckIn,BusyServers,6.0
58800.0,CheckIn,TimeQueue,4.589264083592625
58800.0,CheckIn,TimeService,104.75951874332604
58800.0,CheckIn,NumQueue,0.0
58800.0,XRay,TimeTotal,2124.2912931155356
58800.0,XRay,NumTotal,407.0
58800.0,XRay,SystemResponseTime_Success,2315.464364856686
58800.0,XRay,BusyServers,6.0
58800.0,XRay,TimeQueue,2075.5864274183236
58800.0,XRay,TimeService,49.77610081007268
58800.0,XRay,NumQueue,401.0
58800.0,Varchi,TimeTotal,16.405401555732986
58800.0,Varchi,NumTotal,1.0
58800.0,Varchi,SystemResponseTime_Success,2315.464364856686
58800.0,Varchi,BusyServers,1.0
58800.0,Varchi,TimeQueue,2.892565942433663
58800.0,Varchi,TimeService,13.512449216566353
58800.0,Varchi,NumQueue,0.0
59200.0,Recupero,TimeTotal,125.68093285237667
59200.0,Recupero,NumTotal,15.0
59200.0,Recupero,SystemResponseTime_Success,2324.4948398507245
59200.0,Recupero,BusyServers,15.0
59200.0,Recupero,TimeQueue,0.0
59200.0,Recupero,TimeService,125.68093285237667
59200.0,Recupero,NumQueue,0.0
59200.0,XRay,TimeTotal,2132.9716961423856
59200.0,XRay,NumTotal,404.0
59200.0,XRay,SystemResponseTime_Success,2324.4948398507245
59200.0,XRay,BusyServers,6.0
59200.0,XRay,TimeQueue,2084.236958381527
59200.0,XRay,TimeService,49.753199986111184
59200.0,XRay,NumQueue,398.0
59200.0,TraceDetection,TimeTotal,117.25501219140551
59200.0,TraceDetection,NumTotal,2.0
59200.0,TraceDetection,SystemResponseTime_Success,2324.4948398507245
59200.0,TraceDetection,BusyServers,1.0
59200.0,TraceDetection,TimeQueue,55.32528772801799
59200.0,TraceDetection,TimeService,61.88829354122801
59200.0,TraceDetection,NumQueue,1.0
59200.0,CheckIn,TimeTotal,109.47494099722235
59200.0,CheckIn,NumTotal,11.0
59200.0,CheckIn,SystemResponseTime_Success,2324.4948398507245
59200.0,CheckIn,BusyServers,8.0
59200.0,CheckIn,TimeQueue,4.834284337646834
59200.0,CheckIn,TimeService,104.7718985607835
59200.0,CheckIn,NumQueue,3.0
59200.0,Varchi,TimeTotal,16.40121327626729
59200.0,Varchi,NumTotal,5.0
59200.0,Varchi,SystemResponseTime_Success,2324.4948398507245
59200.0,Varchi,BusyServers,4.0
59200.0,Varchi,TimeQueue,2.8905097105693285
59200.0,Varchi,TimeService,13.509168917590333
59200.0,Varchi,NumQueue,1.0
59600.0,CheckIn,TimeTotal,109.7972265045502
59600.0,CheckIn,NumTotal,4.0
59600.0,CheckIn,SystemResponseTime_Success,2332.9590324718106
59600.0,CheckIn,BusyServers,4.0
59600.0,CheckIn,TimeQueue,5.00408315687813
59600.0,CheckIn,TimeService,104.78627668124759
59600.0,CheckIn,NumQueue,0.0
59600.0,TraceDetection,TimeTotal,117.42806760763038
59600.0,TraceDetection,NumTotal,0.0
59600.0,TraceDetection,SystemResponseTime_Success,2332.9590324718106
59600.0,TraceDetection,BusyServers,0.0
59600.0,TraceDetection,TimeQueue,55.49386797129636
59600.0,TraceDetection,TimeService,61.93419963633409
59600.0,TraceDetection,NumQueue,0.0
59600.0,Recupero,TimeTotal,125.67567780304381
59600.0,Recupero,NumTotal,13.0
59600.0,Recupero,SystemResponseTime_Success,2332.9590324718106
59600.0,Recupero,BusyServers,13.0
59600.0,Recupero,TimeQueue,0.0
59600.0,Recupero,TimeService,125.67567780304381
59600.0,Recupero,NumQueue,0.0
59600.0,Varchi,TimeTotal,16.404040492562977
59600.0,Varchi,NumTotal,3.0
59600.0,Varchi,SystemResponseTime_Success,2332.9590324718106
59600.0,Varchi,BusyServers,2.0
59600.0,Varchi,TimeQueue,2.896262325119463
59600.0,Varchi,TimeService,13.50792148299307
59600.0,Varchi,NumQueue,1.0
59600.0,XRay,TimeTotal,2140.418851067141
59600.0,XRay,NumTotal,410.0
59600.0,XRay,SystemResponseTime_Success,2332.9590324718106
59600.0,XRay,BusyServers,6.0
59600.0,XRay,TimeQueue,2091.6408095081147
59600.0,XRay,TimeService,49.750561185474226
59600.0,XRay,NumQueue,404.0
60000.0,XRay,TimeTotal,2147.735380193123
60000.0,XRay,NumTotal,420.0
60000.0,XRay,SystemResponseTime_Success,2339.925049238658
60000.0,XRay,BusyServers,6.0
60000.0,XRay,TimeQueue,2098.915136685566
60000.0,XRay,TimeService,49.78096473768446
60000.0,XRay,NumQueue,414.0
60000.0,Recupero,TimeTotal,125.68908333128456
60000.0,Recupero,NumTotal,13.0
60000.0,Recupero,SystemResponseTime_Success,2339.925049238658
60000.0,Recupero,BusyServers,13.0
60000.0,Recupero,TimeQueue,0.0
60000.0,Recupero,TimeService,125.68908333128456
60000.0,Recupero,NumQueue,0.0
60000.0,Varchi,TimeTotal,16.41160285124193
60000.0,Varchi,NumTotal,3.0
60000.0,Varchi,SystemResponseTime_Success,2339.925049238658
60000.0,Varchi,BusyServers,3.0
60000.0,Varchi,TimeQueue,2.8985183649902124
60000.0,Varchi,TimeService,13.512936480716688
60000.0,Varchi,NumQueue,0.0
60000.0,CheckIn,TimeTotal,109.75649437326946
60000.0,CheckIn,NumTotal,5.0
60000.0,CheckIn,SystemResponseTime_Success,2339.925049238658
60000.0,CheckIn,BusyServers,5.0
60000.0,CheckIn,TimeQueue,4.978724992645012
60000.0,CheckIn,TimeService,104.76928484587224
60000.0,CheckIn,NumQueue,0.0
60000.0,TraceDetection,TimeTotal,117.26151021667144
60000.0,TraceDetection,NumTotal,2.0
60000.0,TraceDetection,SystemResponseTime_Success,2339.925049238658
60000.0,TraceDetection,BusyServers,1.0
60000.0,TraceDetection,TimeQueue,55.328833685048565
60000.0,TraceDetection,TimeService,61.93657335031061
60000.0,TraceDetection,NumQueue,1.0
60400.0,XRay,TimeTotal,2155.861216047071
60400.0,XRay,NumTotal,425.0
60400.0,XRay,SystemResponseTime_Success,2347.6956616442158
60400.0,XRay,BusyServers,6.0
60400.0,XRay,TimeQueue,2107.0250400798113
60400.0,XRay,TimeService,49.762566817178545
60400.0,XRay,NumQueue,419.0
60400.0,Varchi,TimeTotal,16.41468033718264
60400.0,Varchi,NumTotal,2.0
60400.0,Varchi,SystemResponseTime_Success,2347.6956616442158
60400.0,Varchi,BusyServers,2.0
60400.0,Varchi,TimeQueue,2.9018590658345893
60400.0,Varchi,TimeService,13.512067541720471
60400.0,Varchi,NumQueue,0.0
60400.0,CheckIn,TimeTotal,109.78942990495509
60400.0,CheckIn,NumTotal,8.0
60400.0,CheckIn,SystemResponseTime_Success,2347.6956616442158
60400.0,CheckIn,BusyServers,8.0
60400.0,CheckIn,TimeQueue,4.974035540898942
60400.0,CheckIn,TimeService,104.80193283349895
60400.0,CheckIn,NumQueue,0.0
60400.0,Recupero,TimeTotal,125.68179577026771
60400.0,Recupero,NumTotal,18.0
60400.0,Recupero,SystemResponseTime_Success,2347.6956616442158
60400.0,Recupero,BusyServers,18.0
60400.0,Recupero,TimeQueue,0.0
60400.0,Recupero,TimeService,125.68179577026771
60400.0,Recupero,NumQueue,0.0
60400.0,TraceDetection,TimeTotal,117.08081308297884
60400.0,TraceDetection,NumTotal,1.0
60400.0,TraceDetection,SystemResponseTime_Success,2347.6956616442158
60400.0,TraceDetection,BusyServers,1.0
60400.0,TraceDetection,TimeQueue,55.24467195085903
60400.0,TraceDetection,TimeService,61.88258151341617
60400.0,TraceDetection,NumQueue,0.0
60800.0,Varchi,TimeTotal,16.423089373283187
60800.0,Varchi,NumTotal,3.0
60800.0,Varchi,SystemResponseTime_Success,2355.522042610096
60800.0,Varchi,BusyServers,3.0
60800.0,Varchi,TimeQueue,2.9099771159693155
60800.0,Varchi,TimeService,13.512794241634829
60800.0,Varchi,NumQueue,0.0
60800.0,XRay,TimeTotal,2163.300644593478
60800.0,XRay,NumTotal,436.0
60800.0,XRay,SystemResponseTime_Success,2355.522042610096
60800.0,XRay,BusyServers,6.0
60800.0,XRay,TimeQueue,2114.4529301636194
60800.0,XRay,TimeService,49.752386771544
60800.0,XRay,NumQueue,430.0
60800.0,CheckIn,TimeTotal,109.72911706787802
60800.0,CheckIn,NumTotal,4.0
60800.0,CheckIn,SystemResponseTime_Success,2355.522042610096
60800.0,CheckIn,BusyServers,4.0
60800.0,CheckIn,TimeQueue,4.9423537858613695
60800.0,CheckIn,TimeService,104.78012702315687
60800.0,CheckIn,NumQueue,0.0
60800.0,TraceDetection,TimeTotal,117.50523271376287
60800.0,TraceDetection,NumTotal,4.0
60800.0,TraceDetection,SystemResponseTime_Success,2355.522042610096
60800.0,TraceDetection,BusyServers,1.0
60800.0,TraceDetection,TimeQueue,55.7775144476472
60800.0,TraceDetection,TimeService,61.9808818148472
60800.0,TraceDetection,NumQueue,3.0
60800.0,Recupero,TimeTotal,125.6712671754732
60800.0,Recupero,NumTotal,13.0
60800.0,Recupero,SystemResponseTime_Success,2355.522042610096
60800.0,Recupero,BusyServers,13.0
60800.0,Recupero,TimeQueue,0.0
60800.0,Recupero,TimeService,125.6712671754732
60800.0,Recupero,NumQueue,0.0
61200.0,XRay,TimeTotal,2170.243119343211
61200.0,XRay,NumTotal,441.0
61200.0,XRay,SystemResponseTime_Success,2362.1159190483204
61200.0,XRay,BusyServers,6.0
61200.0,XRay,TimeQueue,2121.407326296066
61200.0,XRay,TimeService,49.75899022955632
61200.0,XRay,NumQueue,435.0
61200.0,TraceDetection,TimeTotal,118.55401910365492
61200.0,TraceDetection,NumTotal,3.0
61200.0,TraceDetection,SystemResponseTime_Success,2362.1159190483204
61200.0,TraceDetection,BusyServers,1.0
61200.0,TraceDetection,TimeQueue,56.553566303995275
61200.0,TraceDetection,TimeService,62.08424040411561
61200.0,TraceDetection,NumQueue,2.0
61200.0,Recupero,TimeTotal,125.65256474870763
61200.0,Recupero,NumTotal,18.0
61200.0,Recupero,SystemResponseTime_Success,2362.1159190483204
61200.0,Recupero,BusyServers,18.0
61200.0,Recupero,TimeQueue,0.0
61200.0,Recupero,TimeService,125.65256474870763
61200.0,Recupero,NumQueue,0.0
61200.0,CheckIn,TimeTotal,109.68416986390592
61200.0,CheckIn,NumTotal,4.0
61200.0,CheckIn,SystemResponseTime_Success,2362.1159190483204
61200.0,CheckIn,BusyServers,4.0
61200.0,CheckIn,TimeQueue,4.917625531429108
61200.0,CheckIn,TimeService,104.75997435848696
61200.0,CheckIn,NumQueue,0.0
61200.0,Varchi,TimeTotal,16.42510065974059
61200.0,Varchi,NumTotal,3.0
61200.0,Varchi,SystemResponseTime_Success,2362.1159190483204
61200.0,Varchi,BusyServers,2.0
61200.0,Varchi,TimeQueue,2.9110165972188033
61200.0,Varchi,TimeService,13.513680319875897
61200.0,Varchi,NumQueue,1.0
61600.0,TraceDetection,TimeTotal,119.57872022657898
61600.0,TraceDetection,NumTotal,4.0
61600.0,TraceDetection,SystemResponseTime_Success,2370.335561397909
61600.0,TraceDetection,BusyServers,1.0
61600.0,TraceDetection,TimeQueue,57.70859430136848
61600.0,TraceDetection,TimeService,62.07242871197413
61600.0,TraceDetection,NumQueue,3.0
61600.0,Varchi,TimeTotal,16.417873413887623
61600.0,Varchi,NumTotal,3.0
61600.0,Varchi,SystemResponseTime_Success,2370.335561397909
61600.0,Varchi,BusyServers,2.0
61600.0,Varchi,TimeQueue,2.907229647685284
61600.0,Varchi,TimeService,13.509904389384426
61600.0,Varchi,NumQueue,1.0
61600.0,CheckIn,TimeTotal,109.58166227124781
61600.0,CheckIn,NumTotal,6.0
61600.0,CheckIn,SystemResponseTime_Success,2370.335561397909
61600.0,CheckIn,BusyServers,6.0
61600.0,CheckIn,TimeQueue,4.888276307435167
61600.0,CheckIn,TimeService,104.68364189143905
61600.0,CheckIn,NumQueue,0.0
61600.0,Recupero,TimeTotal,125.66961511165817
61600.0,Recupero,NumTotal,13.0
61600.0,Recupero,SystemResponseTime_Success,2370.335561397909
61600.0,Recupero,BusyServers,13.0
61600.0,Recupero,TimeQueue,0.0
61600.0,Recupero,TimeService,125.66961511165817
61600.0,Recupero,NumQueue,0.0
61600.0,XRay,TimeTotal,2177.714685318764
61600.0,XRay,NumTotal,445.0
61600.0,XRay,SystemResponseTime_Success,2370.335561397909
61600.0,XRay,BusyServers,6.0
61600.0,XRay,TimeQueue,2128.880601336105
61600.0,XRay,TimeService,49.757586566502276
61600.0,XRay,NumQueue,439.0
62000.0,Recupero,TimeTotal,125.67024997366296
62000.0,Recupero,NumTotal,16.0
62000.0,Recupero,SystemResponseTime_Success,2377.964739065048
62000.0,Recupero,BusyServers,16.0
62000.0,Recupero,TimeQueue,0.0
62000.0,Recupero,TimeService,125.67024997366296
62000.0,Recupero,NumQueue,0.0
62000.0,Varchi,TimeTotal,16.41395259771798
62000.0,Varchi,NumTotal,2.0
62000.0,Varchi,SystemResponseTime_Success,2377.964739065048
62000.0,Varchi,BusyServers,2.0
62000.0,Varchi,TimeQueue,2.904740836441978
62000.0,Varchi,TimeService,13.50967890951499
62000.0,Varchi,NumQueue,0.0
62000.0,CheckIn,TimeTotal,109.52853038807166
62000.0,CheckIn,NumTotal,2.0
62000.0,CheckIn,SystemResponseTime_Success,2377.964739065048
62000.0,CheckIn,BusyServers,2.0
62000.0,CheckIn,TimeQueue,4.867296580793815
62000.0,CheckIn,TimeService,104.65801788618056
62000.0,CheckIn,NumQueue,0.0
62000.0,TraceDetection,TimeTotal,120.78165592183157
62000.0,TraceDetection,NumTotal,2.0
62000.0,TraceDetection,SystemResponseTime_Success,2377.964739065048
62000.0,TraceDetection,BusyServers,1.0
62000.0,TraceDetection,TimeQueue,58.70621690499524
62000.0,TraceDetection,TimeService,62.17604606628413
62000.0,TraceDetection,NumQueue,1.0
62000.0,XRay,TimeTotal,2185.542357945904
62000.0,XRay,NumTotal,439.0
62000.0,XRay,SystemResponseTime_Success,2377.964739065048
62000.0,XRay,BusyServers,6.0
62000.0,XRay,TimeQueue,2136.7121000732136
62000.0,XRay,TimeService,49.7442715814064
62000.0,XRay,NumQueue,433.0
62400.0,TraceDetection,TimeTotal,121.01697864847655
62400.0,TraceDetection,NumTotal,0.0
62400.0,TraceDetection,SystemResponseTime_Success,2385.5434113397346
62400.0,TraceDetection,BusyServers,0.0
62400.0,TraceDetection,TimeQueue,58.82824058256249
62400.0,TraceDetection,TimeService,62.188738065914094
62400.0,TraceDetection,NumQueue,0.0
62400.0,Varchi,TimeTotal,16.408909826199128
62400.0,Varchi,NumTotal,2.0
62400.0,Varchi,SystemResponseTime_Success,2385.5434113397346
62400.0,Varchi,BusyServers,2.0
62400.0,Varchi,TimeQueue,2.9025808973224363
62400.0,Varchi,TimeService,13.50559982038695
62400.0,Varchi,NumQueue,0.0
62400.0,Recupero,TimeTotal,125.65591010997271
62400.0,Recupero,NumTotal,16.0
62400.0,Recupero,SystemResponseTime_Success,2385.5434113397346
62400.0,Recupero,BusyServers,16.0
62400.0,Recupero,TimeQueue,0.0
62400.0,Recupero,TimeService,125.65591010997271
62400.0,Recupero,NumQueue,0.0
62400.0,XRay,TimeTotal,2193.102462456042
62400.0,XRay,NumTotal,441.0
62400.0,XRay,SystemResponseTime_Success,2385.5434113397346
62400.0,XRay,BusyServers,6.0
62400.0,XRay,TimeQueue,2144.27557651373
62400.0,XRay,TimeService,49.71808037628579
62400.0,XRay,NumQueue,435.0
62400.0,CheckIn,TimeTotal,109.42564995284215
62400.0,CheckIn,NumTotal,4.0
62400.0,CheckIn,SystemResponseTime_Success,2385.5434113397346
62400.0,CheckIn,BusyServers,4.0
62400.0,CheckIn,TimeQueue,4.837705809207408
62400.0,CheckIn,TimeService,104.5850655587415
62400.0,CheckIn,NumQueue,0.0
62800.0,Recupero,TimeTotal,125.58953755539402
62800.0,Recupero,NumTotal,11.0
62800.0,Recupero,SystemResponseTime_Success,2393.2921973146226
62800.0,Recupero,BusyServers,11.0
62800.0,Recupero,TimeQueue,0.0
62800.0,Recupero,TimeService,125.58953755539402
62800.0,Recupero,NumQueue,0.0
62800.0,Varchi,TimeTotal,16.408812601056958
62800.0,Varchi,NumTotal,2.0
62800.0,Varchi,SystemResponseTime_Success,2393.2921973146226
62800.0,Varchi,BusyServers,1.0
62800.0,Varchi,TimeQueue,2.9055231516866398
62800.0,Varchi,TimeService,13.503862109512236
62800.0,Varchi,NumQueue,1.0
62800.0,XRay,TimeTotal,2200.0277069406366
62800.0,XRay,NumTotal,455.0
62800.0,XRay,SystemResponseTime_Success,2393.2921973146226
62800.0,XRay,BusyServers,6.0
62800.0,XRay,TimeQueue,2151.2170728828105
62800.0,XRay,TimeService,49.7396403957545
62800.0,XRay,NumQueue,449.0
62800.0,TraceDetection,TimeTotal,121.12749571384617
62800.0,TraceDetection,NumTotal,1.0
62800.0,TraceDetection,SystemResponseTime_Success,2393.2921973146226
62800.0,TraceDetection,BusyServers,1.0
62800.0,TraceDetection,TimeQueue,58.93681169676389
62800.0,TraceDetection,TimeService,62.23494161053839
62800.0,TraceDetection,NumQueue,0.0
62800.0,CheckIn,TimeTotal,109.39535606481485
62800.0,CheckIn,NumTotal,4.0
62800.0,CheckIn,SystemResponseTime_Success,2393.2921973146226
62800.0,CheckIn,BusyServers,4.0
62800.0,CheckIn,TimeQueue,4.809369100920479
62800.0,CheckIn,TimeService,104.57971864313726
62800.0,CheckIn,NumQueue,0.0
63200.0,TraceDetection,TimeTotal,120.97383667184828
63200.0,TraceDetection,NumTotal,4.0
63200.0,TraceDetection,SystemResponseTime_Success,2400.117967638623
63200.0,TraceDetection,BusyServers,1.0
63200.0,TraceDetection,TimeQueue,58.79535559100027
63200.0,TraceDetection,TimeService,62.20081072146874
63200.0,TraceDetection,NumQueue,3.0
63200.0,CheckIn,TimeTotal,109.44971011414933
63200.0,CheckIn,NumTotal,4.0
63200.0,CheckIn,SystemResponseTime_Success,2400.117967638623
63200.0,CheckIn,BusyServers,4.0
63200.0,CheckIn,TimeQueue,4.778270690956558
63200.0,CheckIn,TimeService,104.66525195709897
63200.0,CheckIn,NumQueue,0.0
63200.0,XRay,TimeTotal,2207.62239582859
63200.0,XRay,NumTotal,461.0
63200.0,XRay,SystemResponseTime_Success,2400.117967638623
63200.0,XRay,BusyServers,6.0
63200.0,XRay,TimeQueue,2158.8395354132044
63200.0,XRay,TimeService,49.7352277570242
63200.0,XRay,NumQueue,455.0
63200.0,Varchi,TimeTotal,16.399181562160663
63200.0,Varchi,NumTotal,3.0
63200.0,Varchi,SystemResponseTime_Success,2400.117967638623
63200.0,Varchi,BusyServers,3.0
63200.0,Varchi,TimeQueue,2.900388475547864
63200.0,Varchi,TimeService,13.498968583626583
63200.0,Varchi,NumQueue,0.0
63200.0,Recupero,TimeTotal,125.5807628294409
63200.0,Recupero,NumTotal,15.0
63200.0,Recupero,SystemResponseTime_Success,2400.117967638623
63200.0,Recupero,BusyServers,15.0
63200.0,Recupero,TimeQueue,0.0
63200.0,Recupero,TimeService,125.5807628294409
63200.0,Recupero,NumQueue,0.0
63600.0,Recupero,TimeTotal,125.5748799790214
63600.0,Recupero,NumTotal,16.0
63600.0,Recupero,SystemResponseTime_Success,2408.0074955652194
63600.0,Recupero,BusyServers,16.0
63600.0,Recupero,TimeQueue,0.0
63600.0,Recupero,TimeService,125.5748799790214
63600.0,Recupero,NumQueue,0.0
63600.0,TraceDetection,TimeTotal,121.3177295794131
63600.0,TraceDetection,NumTotal,2.0
63600.0,TraceDetection,SystemResponseTime_Success,2408.0074955652194
63600.0,TraceDetection,BusyServers,1.0
63600.0,TraceDetection,TimeQueue,58.98928475145615
63600.0,TraceDetection,TimeService,62.24500878163242
63600.0,TraceDetection,NumQueue,1.0
63600.0,Varchi,TimeTotal,16.394801004342607
63600.0,Varchi,NumTotal,1.0
63600.0,Varchi,SystemResponseTime_Success,2408.0074955652194
63600.0,Varchi,BusyServers,1.0
63600.0,Varchi,TimeQueue,2.900172406821827
63600.0,Varchi,TimeService,13.49462610100214
63600.0,Varchi,NumQueue,0.0
63600.0,CheckIn,TimeTotal,109.42358817642086
63600.0,CheckIn,NumTotal,3.0
63600.0,CheckIn,SystemResponseTime_Success,2408.0074955652194
63600.0,CheckIn,BusyServers,3.0
63600.0,CheckIn,TimeQueue,4.7519168132632
63600.0,CheckIn,TimeService,104.6670860461941
63600.0,CheckIn,NumQueue,0.0
63600.0,XRay,TimeTotal,2215.5608037725565
63600.0,XRay,NumTotal,467.0
63600.0,XRay,SystemResponseTime_Success,2408.0074955652194
63600.0,XRay,BusyServers,6.0
63600.0,XRay,TimeQueue,2166.808052813278
63600.0,XRay,TimeService,49.74187041958405
63600.0,XRay,NumQueue,461.0
64000.0,TraceDetection,TimeTotal,120.93361026496451
64000.0,TraceDetection,NumTotal,1.0
64000.0,TraceDetection,SystemResponseTime_Success,2416.7618953975702
64000.0,TraceDetection,BusyServers,1.0
64000.0,TraceDetection,TimeQueue,58.62740496631172
64000.0,TraceDetection,TimeService,62.239322589441045
64000.0,TraceDetection,NumQueue,0.0
64000.0,Varchi,TimeTotal,16.400099436936042
64000.0,Varchi,NumTotal,4.0
64000.0,Varchi,SystemResponseTime_Success,2416.7618953975702
64000.0,Varchi,BusyServers,3.0
64000.0,Varchi,TimeQueue,2.9052134336618414
64000.0,Varchi,TimeService,13.495623673135272
64000.0,Varchi,NumQueue,1.0
64000.0,XRay,TimeTotal,2223.701419771991
64000.0,XRay,NumTotal,464.0
64000.0,XRay,SystemResponseTime_Success,2416.7618953975702
64000.0,XRay,BusyServers,6.0
64000.0,XRay,TimeQueue,2174.981230194581
64000.0,XRay,TimeService,49.72834785195756
64000.0,XRay,NumQueue,458.0
64000.0,CheckIn,TimeTotal,109.38650053616108
64000.0,CheckIn,NumTotal,3.0
64000.0,CheckIn,SystemResponseTime_Success,2416.7618953975702
64000.0,CheckIn,BusyServers,3.0
64000.0,CheckIn,TimeQueue,4.729122201111314
64000.0,CheckIn,TimeService,104.65283692448533
64000.0,CheckIn,NumQueue,0.0
64000.0,Recupero,TimeTotal,125.5842742217416
64000.0,Recupero,NumTotal,13.0
64000.0,Recupero,SystemResponseTime_Success,2416.7618953975702
64000.0,Recupero,BusyServers,13.0
64000.0,Recupero,TimeQueue,0.0
64000.0,Recupero,TimeService,125.5842742217416
64000.0,Recupero,NumQueue,0.0
64400.0,TraceDetection,TimeTotal,120.84104246009711
64400.0,TraceDetection,NumTotal,3.0
64400.0,TraceDetection,SystemResponseTime_Success,2423.9841212188703
64400.0,TraceDetection,BusyServers,1.0
64400.0,TraceDetection,TimeQueue,58.544729495345806
64400.0,TraceDetection,TimeService,62.29518659381807
64400.0,TraceDetection,NumQueue,2.0
64400.0,Varchi,TimeTotal,16.401192162674953
64400.0,Varchi,NumTotal,1.0
64400.0,Varchi,SystemResponseTime_Success,2423.9841212188703
64400.0,Varchi,BusyServers,1.0
64400.0,Varchi,TimeQueue,2.9083593208831653
64400.0,Varchi,TimeService,13.494707990720366
64400.0,Varchi,NumQueue,0.0
64400.0,Recupero,TimeTotal,125.60411646233501
64400.0,Recupero,NumTotal,13.0
64400.0,Recupero,SystemResponseTime_Success,2423.9841212188703
64400.0,Recupero,BusyServers,13.0
64400.0,Recupero,TimeQueue,0.0
64400.0,Recupero,TimeService,125.60411646233501
64400.0,Recupero,NumQueue,0.0
64400.0,XRay,TimeTotal,2231.3910272700705
64400.0,XRay,NumTotal,464.0
64400.0,XRay,SystemResponseTime_Success,2423.9841212188703
64400.0,XRay,BusyServers,6.0
64400.0,XRay,TimeQueue,2182.6914755241223
64400.0,XRay,TimeService,49.74254941927279
64400.0,XRay,NumQueue,458.0
64400.0,CheckIn,TimeTotal,109.44033354810539
64400.0,CheckIn,NumTotal,4.0
64400.0,CheckIn,SystemResponseTime_Success,2423.9841212188703
64400.0,CheckIn,BusyServers,4.0
64400.0,CheckIn,TimeQueue,4.778666239418462
64400.0,CheckIn,TimeService,104.65558951378786
64400.0,CheckIn,NumQueue,0.0
64800.0,XRay,TimeTotal,2240.5632043222913
64800.0,XRay,NumTotal,470.0
64800.0,XRay,SystemResponseTime_Success,2432.4234803651166
64800.0,XRay,BusyServers,6.0
64800.0,XRay,TimeQueue,2191.8886703452167
64800.0,XRay,TimeService,49.73050079046749
64800.0,XRay,NumQueue,464.0
64800.0,CheckIn,TimeTotal,109.39649925928576
64800.0,CheckIn,NumTotal,6.0
64800.0,CheckIn,SystemResponseTime_Success,2432.4234803651166
64800.0,CheckIn,BusyServers,6.0
64800.0,CheckIn,TimeQueue,4.7500063093209395
64800.0,CheckIn,TimeService,104.63747965526028
64800.0,CheckIn,NumQueue,0.0
64800.0,TraceDetection,TimeTotal,120.62154143119832
64800.0,TraceDetection,NumTotal,1.0
64800.0,TraceDetection,SystemResponseTime_Success,2432.4234803651166
64800.0,TraceDetection,BusyServers,1.0
64800.0,TraceDetection,TimeQueue,58.33065330702646
64800.0,TraceDetection,TimeService,62.210320923471514
64800.0,TraceDetection,NumQueue,0.0
64800.0,Recupero,TimeTotal,125.60616500407077
64800.0,Recupero,NumTotal,19.0
64800.0,Recupero,SystemResponseTime_Success,2432.4234803651166
64800.0,Recupero,BusyServers,19.0
64800.0,Recupero,TimeQueue,0.0
64800.0,Recupero,TimeService,125.60616500407077
64800.0,Recupero,NumQueue,0.0
64800.0,Varchi,TimeTotal,16.413165242780522
64800.0,Varchi,NumTotal,2.0
64800.0,Varchi,SystemResponseTime_Success,2432.4234803651166
64800.0,Varchi,BusyServers,1.0
64800.0,Varchi,TimeQueue,2.9184428686212107
64800.0,Varchi,TimeService,13.494369905213723
64800.0,Varchi,NumQueue,1.0
65200.0,TraceDetection,TimeTotal,120.33288514663121
65200.0,TraceDetection,NumTotal,1.0
65200.0,TraceDetection,SystemResponseTime_Success,2441.1619493638686
65200.0,TraceDetection,BusyServers,1.0
65200.0,TraceDetection,TimeQueue,58.114170753814285
65200.0,TraceDetection,TimeService,62.239754993799096
65200.0,TraceDetection,NumQueue,0.0
65200.0,XRay,TimeTotal,2248.897055560761
65200.0,XRay,NumTotal,465.0
65200.0,XRay,SystemResponseTime_Success,2441.1619493638686
65200.0,XRay,BusyServers,6.0
65200.0,XRay,TimeQueue,2200.2179177018297
65200.0,XRay,TimeService,49.72942723675894
65200.0,XRay,NumQueue,459.0
65200.0,Varchi,TimeTotal,16.409271412534107
65200.0,Varchi,NumTotal,2.0
65200.0,Varchi,SystemResponseTime_Success,2441.1619493638686
65200.0,Varchi,BusyServers,2.0
65200.0,Varchi,TimeQueue,2.915032393419018
65200.0,Varchi,TimeService,13.493538542749878
65200.0,Varchi,NumQueue,0.0
65200.0,Recupero,TimeTotal,125.66450795532077
65200.0,Recupero,NumTotal,16.0
65200.0,Recupero,SystemResponseTime_Success,2441.1619493638686
65200.0,Recupero,BusyServers,16.0
65200.0,Recupero,TimeQueue,0.0
65200.0,Recupero,TimeService,125.66450795532077
65200.0,Recupero,NumQueue,0.0
65200.0,CheckIn,TimeTotal,109.36515879037863
65200.0,CheckIn,NumTotal,7.0
65200.0,CheckIn,SystemResponseTime_Success,2441.1619493638686
65200.0,CheckIn,BusyServers,7.0
65200.0,CheckIn,TimeQueue,4.7248592965223155
65200.0,CheckIn,TimeService,104.62989886018478
65200.0,CheckIn,NumQueue,0.0
65600.0,XRay,TimeTotal,2257.09082064522
65600.0,XRay,NumTotal,473.0
65600.0,XRay,SystemResponseTime_Success,2449.7925972236953
65600.0,XRay,BusyServers,6.0
65600.0,XRay,TimeQueue,2208.4230065892484
65600.0,XRay,TimeService,49.72293832545083
65600.0,XRay,NumQueue,467.0
65600.0,Recupero,TimeTotal,125.68123822723771
65600.0,Recupero,NumTotal,15.0
65600.0,Recupero,SystemResponseTime_Success,2449.7925972236953
65600.0,Recupero,BusyServers,15.0
65600.0,Recupero,TimeQueue,0.0
65600.0,Recupero,TimeService,125.68123822723771
65600.0,Recupero,NumQueue,0.0
65600.0,Varchi,TimeTotal,16.41100584694583
65600.0,Varchi,NumTotal,0.0
65600.0,Varchi,SystemResponseTime_Success,2449.7925972236953
65600.0,Varchi,BusyServers,0.0
65600.0,Varchi,TimeQueue,2.9184136064524058
65600.0,Varchi,TimeService,13.492592240493329
65600.0,Varchi,NumQueue,0.0
65600.0,TraceDetection,TimeTotal,119.93468469581885
65600.0,TraceDetection,NumTotal,1.0
65600.0,TraceDetection,SystemResponseTime_Success,2449.7925972236953
65600.0,TraceDetection,BusyServers,1.0
65600.0,TraceDetection,TimeQueue,57.73948087795591
65600.0,TraceDetection,TimeService,62.15546712083597
65600.0,TraceDetection,NumQueue,0.0
65600.0,CheckIn,TimeTotal,109.37388417953528
65600.0,CheckIn,NumTotal,9.0
65600.0,CheckIn,SystemResponseTime_Success,2449.7925972236953
65600.0,CheckIn,BusyServers,8.0
65600.0,CheckIn,TimeQueue,4.701410198334265
65600.0,CheckIn,TimeService,104.6607314643148
65600.0,CheckIn,NumQueue,1.0
66000.0,CheckIn,TimeTotal,109.29479225657849
66000.0,CheckIn,NumTotal,3.0
66000.0,CheckIn,SystemResponseTime_Success,2458.5511789681846
66000.0,CheckIn,BusyServers,3.0
66000.0,CheckIn,TimeQueue,4.697508606371525
66000.0,CheckIn,TimeService,104.5929179358888
66000.0,CheckIn,NumQueue,0.0
66000.0,Varchi,TimeTotal,16.406296747770558
66000.0,Varchi,NumTotal,0.0
66000.0,Varchi,SystemResponseTime_Success,2458.5511789681846
66000.0,Varchi,BusyServers,0.0
66000.0,Varchi,TimeQueue,2.91507048374352
66000.0,Varchi,TimeService,13.49122626402695
66000.0,Varchi,NumQueue,0.0
66000.0,Recupero,TimeTotal,125.73490720227015
66000.0,Recupero,NumTotal,16.0
66000.0,Recupero,SystemResponseTime_Success,2458.5511789681846
66000.0,Recupero,BusyServers,16.0
66000.0,Recupero,TimeQueue,0.0
66000.0,Recupero,TimeService,125.73490720227015
66000.0,Recupero,NumQueue,0.0
66000.0,TraceDetection,TimeTotal,119.60953021920216
66000.0,TraceDetection,NumTotal,0.0
66000.0,TraceDetection,SystemResponseTime_Success,2458.5511789681846
66000.0,TraceDetection,BusyServers,0.0
66000.0,TraceDetection,TimeQueue,57.452032871919656
66000.0,TraceDetection,TimeService,62.157497347282494
66000.0,TraceDetection,NumQueue,0.0
66000.0,XRay,TimeTotal,2266.1553223014535
66000.0,XRay,NumTotal,475.0
66000.0,XRay,SystemResponseTime_Success,2458.5511789681846
66000.0,XRay,BusyServers,6.0
66000.0,XRay,TimeQueue,2217.4968134754813
66000.0,XRay,TimeService,49.70452522851978
66000.0,XRay,NumQueue,469.0
66400.0,Recupero,TimeTotal,125.73937206207412
66400.0,Recupero,NumTotal,15.0
66400.0,Recupero,SystemResponseTime_Success,2467.4448269789154
66400.0,Recupero,BusyServers,15.0
66400.0,Recupero,TimeQueue,0.0
66400.0,Recupero,TimeService,125.73937206207412
66400.0,Recupero,NumQueue,0.0
66400.0,TraceDetection,TimeTotal,119.34463213624866
66400.0,TraceDetection,NumTotal,0.0
66400.0,TraceDetection,SystemResponseTime_Success,2467.4448269789154
66400.0,TraceDetection,BusyServers,0.0
66400.0,TraceDetection,TimeQueue,57.21974702472861
66400.0,TraceDetection,TimeService,62.124885111520044
66400.0,TraceDetection,NumQueue,0.0
66400.0,CheckIn,TimeTotal,109.27783224432257
66400.0,CheckIn,NumTotal,5.0
66400.0,CheckIn,SystemResponseTime_Success,2467.4448269789154
66400.0,CheckIn,BusyServers,5.0
66400.0,CheckIn,TimeQueue,4.674361043174129
66400.0,CheckIn,TimeService,104.59626213106338
66400.0,CheckIn,NumQueue,0.0
66400.0,Varchi,TimeTotal,16.400734952461942
66400.0,Varchi,NumTotal,2.0
66400.0,Varchi,SystemResponseTime_Success,2467.4448269789154
66400.0,Varchi,BusyServers,2.0
66400.0,Varchi,TimeQueue,2.911202960333707
66400.0,Varchi,TimeService,13.490569388523209
66400.0,Varchi,NumQueue,0.0
66400.0,XRay,TimeTotal,2275.0325048609598
66400.0,XRay,NumTotal,464.0
66400.0,XRay,SystemResponseTime_Success,2467.4448269789154
66400.0,XRay,BusyServers,6.0
66400.0,XRay,TimeQueue,2226.390254164168
66400.0,XRay,TimeService,49.69690362237844
66400.0,XRay,NumQueue,458.0
66800.0,TraceDetection,TimeTotal,119.15195980523168
66800.0,TraceDetection,NumTotal,1.0
66800.0,TraceDetection,SystemResponseTime_Success,2475.2716594674866
66800.0,TraceDetection,BusyServers,1.0
66800.0,TraceDetection,TimeQueue,57.014979877551795
66800.0,TraceDetection,TimeService,62.109761770615805
66800.0,TraceDetection,NumQueue,0.0
66800.0,XRay,TimeTotal,2283.5239093181503
66800.0,XRay,NumTotal,477.0
66800.0,XRay,SystemResponseTime_Success,2475.2716594674866
66800.0,XRay,BusyServers,6.0
66800.0,XRay,TimeQueue,2234.909026425993
66800.0,XRay,TimeService,49.69698530293813
66800.0,XRay,NumQueue,471.0
66800.0,CheckIn,TimeTotal,109.35736175421528
66800.0,CheckIn,NumTotal,7.0
66800.0,CheckIn,SystemResponseTime_Success,2475.2716594674866
66800.0,CheckIn,BusyServers,7.0
66800.0,CheckIn,TimeQueue,4.708422736432995
66800.0,CheckIn,TimeService,104.63884129745294
66800.0,CheckIn,NumQueue,0.0
66800.0,Varchi,TimeTotal,16.402853420683194
66800.0,Varchi,NumTotal,2.0
66800.0,Varchi,SystemResponseTime_Success,2475.2716594674866
66800.0,Varchi,BusyServers,2.0
66800.0,Varchi,TimeQueue,2.915080366076476
66800.0,Varchi,TimeService,13.48708988601837
66800.0,Varchi,NumQueue,0.0
66800.0,Recupero,TimeTotal,125.72313423353548
66800.0,Recupero,NumTotal,17.0
66800.0,Recupero,SystemResponseTime_Success,2475.2716594674866
66800.0,Recupero,BusyServers,17.0
66800.0,Recupero,TimeQueue,0.0
66800.0,Recupero,TimeService,125.72313423353548
66800.0,Recupero,NumQueue,0.0
67200.0,TraceDetection,TimeTotal,119.05608898424049
67200.0,TraceDetection,NumTotal,3.0
67200.0,TraceDetection,SystemResponseTime_Success,2483.672767237649
67200.0,TraceDetection,BusyServers,1.0
67200.0,TraceDetection,TimeQueue,56.86291135522728
67200.0,TraceDetection,TimeService,62.1170559270651
67200.0,TraceDetection,NumQueue,2.0
67200.0,Recupero,TimeTotal,125.73285657207967
67200.0,Recupero,NumTotal,12.0
67200.0,Recupero,SystemResponseTime_Success,2483.672767237649
67200.0,Recupero,BusyServers,12.0
67200.0,Recupero,TimeQueue,0.0
67200.0,Recupero,TimeService,125.73285657207967
67200.0,Recupero,NumQueue,0.0
67200.0,CheckIn,TimeTotal,109.33532676525331
67200.0,CheckIn,NumTotal,2.0
67200.0,CheckIn,SystemResponseTime_Success,2483.672767237649
67200.0,CheckIn,BusyServers,2.0
67200.0,CheckIn,TimeQueue,4.687552632880587
67200.0,CheckIn,TimeService,104.64492021904985
67200.0,CheckIn,NumQueue,0.0
67200.0,XRay,TimeTotal,2291.637544560943
67200.0,XRay,NumTotal,488.0
67200.0,XRay,SystemResponseTime_Success,2483.672767237649
67200.0,XRay,BusyServers,6.0
67200.0,XRay,TimeQueue,2243.0307454595277
67200.0,XRay,TimeService,49.714581168395206
67200.0,XRay,NumQueue,482.0
67200.0,Varchi,TimeTotal,16.400830996516284
67200.0,Varchi,NumTotal,3.0
67200.0,Varchi,SystemResponseTime_Success,2483.672767237649
67200.0,Varchi,BusyServers,2.0
67200.0,Varchi,TimeQueue,2.913595117688825
67200.0,Varchi,TimeService,13.486557509766195
67200.0,Varchi,NumQueue,1.0
67600.0,TraceDetection,TimeTotal,119.48999404114868
67600.0,TraceDetection,NumTotal,1.0
67600.0,TraceDetection,SystemResponseTime_Success,2492.7247737770413
67600.0,TraceDetection,BusyServers,1.0
67600.0,TraceDetection,TimeQueue,57.21825081086027
67600.0,TraceDetection,TimeService,62.19575617741874
67600.0,TraceDetection,NumQueue,0.0
67600.0,Recupero,TimeTotal,125.76252488080557
67600.0,Recupero,NumTotal,18.0
67600.0,Recupero,SystemResponseTime_Success,2492.7247737770413
67600.0,Recupero,BusyServers,18.0
67600.0,Recupero,TimeQueue,0.0
67600.0,Recupero,TimeService,125.76252488080557
67600.0,Recupero,NumQueue,0.0
67600.0,Varchi,TimeTotal,16.397641523595393
67600.0,Varchi,NumTotal,2.0
67600.0,Varchi,SystemResponseTime_Success,2492.7247737770413
67600.0,Varchi,BusyServers,2.0
67600.0,Varchi,TimeQueue,2.9102368241916605
67600.0,Varchi,TimeService,13.487020341919653
67600.0,Varchi,NumQueue,0.0
67600.0,XRay,TimeTotal,2300.99130189738
67600.0,XRay,NumTotal,482.0
67600.0,XRay,SystemResponseTime_Success,2492.7247737770413
67600.0,XRay,BusyServers,6.0
67600.0,XRay,TimeQueue,2252.376434660596
67600.0,XRay,TimeService,49.694781931219616
67600.0,XRay,NumQueue,476.0
67600.0,CheckIn,TimeTotal,109.33921791402362
67600.0,CheckIn,NumTotal,5.0
67600.0,CheckIn,SystemResponseTime_Success,2492.7247737770413
67600.0,CheckIn,BusyServers,5.0
67600.0,CheckIn,TimeQueue,4.663433869333684
67600.0,CheckIn,TimeService,104.66871609399381
67600.0,CheckIn,NumQueue,0.0
68000.0,CheckIn,TimeTotal,109.32154425507332
68000.0,CheckIn,NumTotal,6.0
68000.0,CheckIn,SystemResponseTime_Success,2501.1302214332522
68000.0,CheckIn,BusyServers,6.0
68000.0,CheckIn,TimeQueue,4.640959489240509
68000.0,CheckIn,TimeService,104.67218230447635
68000.0,CheckIn,NumQueue,0.0
68000.0,Varchi,TimeTotal,16.395418615417658
68000.0,Varchi,NumTotal,2.0
68000.0,Varchi,SystemResponseTime_Success,2501.1302214332522
68000.0,Varchi,BusyServers,1.0
68000.0,Varchi,TimeQueue,2.906547687023039
68000.0,Varchi,TimeService,13.48853591828766
68000.0,Varchi,NumQueue,1.0
68000.0,XRay,TimeTotal,2309.311232388054
68000.0,XRay,NumTotal,478.0
68000.0,XRay,SystemResponseTime_Success,2501.1302214332522
68000.0,XRay,BusyServers,6.0
68000.0,XRay,TimeQueue,2260.7153703579697
68000.0,XRay,TimeService,49.7044891073394
68000.0,XRay,NumQueue,472.0
68000.0,TraceDetection,TimeTotal,119.31072250076707
68000.0,TraceDetection,NumTotal,2.0
68000.0,TraceDetection,SystemResponseTime_Success,2501.1302214332522
68000.0,TraceDetection,BusyServers,1.0
68000.0,TraceDetection,TimeQueue,57.00540204277007
68000.0,TraceDetection,TimeService,62.24384272379797
68000.0,TraceDetection,NumQueue,1.0
68000.0,Recupero,TimeTotal,125.73101346898818
68000.0,Recupero,NumTotal,13.0
68000.0,Recupero,SystemResponseTime_Success,2501.1302214332522
68000.0,Recupero,BusyServers,13.0
68000.0,Recupero,TimeQueue,0.0
68000.0,Recupero,TimeService,125.73101346898818
68000.0,Recupero,NumQueue,0.0
68400.0,XRay,TimeTotal,2317.9214615896317
68400.0,XRay,NumTotal,487.0
68400.0,XRay,SystemResponseTime_Success,2510.0841286967684
68400.0,XRay,BusyServers,6.0
68400.0,XRay,TimeQueue,2269.3111564978913
68400.0,XRay,TimeService,49.71554159299738
68400.0,XRay,NumQueue,481.0
68400.0,Recupero,TimeTotal,125.74013887632877
68400.0,Recupero,NumTotal,15.0
68400.0,Recupero,SystemResponseTime_Success,2510.0841286967684
68400.0,Recupero,BusyServers,15.0
68400.0,Recupero,TimeQueue,0.0
68400.0,Recupero,TimeService,125.74013887632877
68400.0,Recupero,NumQueue,0.0
68400.0,CheckIn,TimeTotal,109.2449076339164
68400.0,CheckIn,NumTotal,9.0
68400.0,CheckIn,SystemResponseTime_Success,2510.0841286967684
68400.0,CheckIn,BusyServers,8.0
68400.0,CheckIn,TimeQueue,4.611743726894096
68400.0,CheckIn,TimeService,104.62897428931534
68400.0,CheckIn,NumQueue,1.0
68400.0,Varchi,TimeTotal,16.405527902138818
68400.0,Varchi,NumTotal,5.0
68400.0,Varchi,SystemResponseTime_Success,2510.0841286967684
68400.0,Varchi,BusyServers,3.0
68400.0,Varchi,TimeQueue,2.9148289145399255
68400.0,Varchi,TimeService,13.489697672272587
68400.0,Varchi,NumQueue,2.0
68400.0,TraceDetection,TimeTotal,119.08050716131248
68400.0,TraceDetection,NumTotal,1.0
68400.0,TraceDetection,SystemResponseTime_Success,2510.0841286967684
68400.0,TraceDetection,BusyServers,1.0
68400.0,TraceDetection,TimeQueue,56.81244082940164
68400.0,TraceDetection,TimeService,62.206055563165044
68400.0,TraceDetection,NumQueue,0.0
68800.0,TraceDetection,TimeTotal,118.84470053919485
68800.0,TraceDetection,NumTotal,0.0
68800.0,TraceDetection,SystemResponseTime_Success,2518.831137807636
68800.0,TraceDetection,BusyServers,0.0
68800.0,TraceDetection,TimeQueue,56.645931805122665
68800.0,TraceDetection,TimeService,62.198768734072175
68800.0,TraceDetection,NumQueue,0.0
68800.0,Recupero,TimeTotal,125.75275059741523
68800.0,Recupero,NumTotal,16.0
68800.0,Recupero,SystemResponseTime_Success,2518.831137807636
68800.0,Recupero,BusyServers,16.0
68800.0,Recupero,TimeQueue,0.0
68800.0,Recupero,TimeService,125.75275059741523
68800.0,Recupero,NumQueue,0.0
68800.0,Varchi,TimeTotal,16.401727184086
68800.0,Varchi,NumTotal,0.0
68800.0,Varchi,SystemResponseTime_Success,2518.831137807636
68800.0,Varchi,BusyServers,0.0
68800.0,Varchi,TimeQueue,2.914206089775157
68800.0,Varchi,TimeService,13.487521094310717
68800.0,Varchi,NumQueue,0.0
68800.0,CheckIn,TimeTotal,109.25654917814107
68800.0,CheckIn,NumTotal,8.0
68800.0,CheckIn,SystemResponseTime_Success,2518.831137807636
68800.0,CheckIn,BusyServers,8.0
68800.0,CheckIn,TimeQueue,4.604820470695371
68800.0,CheckIn,TimeService,104.64106078863392
68800.0,CheckIn,NumQueue,0.0
68800.0,XRay,TimeTotal,2327.0942054407374
68800.0,XRay,NumTotal,496.0
68800.0,XRay,SystemResponseTime_Success,2518.831137807636
68800.0,XRay,BusyServers,6.0
68800.0,XRay,TimeQueue,2278.4835111649845
68800.0,XRay,TimeService,49.70266273922032
68800.0,XRay,NumQueue,490.0
69200.0,Recupero,TimeTotal,125.75480330309807
69200.0,Recupero,NumTotal,12.0
69200.0,Recupero,SystemResponseTime_Success,2528.5552295261755
69200.0,Recupero,BusyServers,12.0
69200.0,Recupero,TimeQueue,0.0
69200.0,Recupero,TimeService,125.75480330309807
69200.0,Recupero,NumQueue,0.0
69200.0,TraceDetection,TimeTotal,118.7007153329298
69200.0,TraceDetection,NumTotal,1.0
69200.0,TraceDetection,SystemResponseTime_Success,2528.5552295261755
69200.0,TraceDetection,BusyServers,1.0
69200.0,TraceDetection,TimeQueue,56.42523336951829
69200.0,TraceDetection,TimeService,62.20210714758638
69200.0,TraceDetection,NumQueue,0.0
69200.0,CheckIn,TimeTotal,109.220677699202
69200.0,CheckIn,NumTotal,7.0
69200.0,CheckIn,SystemResponseTime_Success,2528.5552295261755
69200.0,CheckIn,BusyServers,7.0
69200.0,CheckIn,TimeQueue,4.610690671666165
69200.0,CheckIn,TimeService,104.62347504485057
69200.0,CheckIn,NumQueue,0.0
69200.0,Varchi,TimeTotal,16.412475706147085
69200.0,Varchi,NumTotal,1.0
69200.0,Varchi,SystemResponseTime_Success,2528.5552295261755
69200.0,Varchi,BusyServers,1.0
69200.0,Varchi,TimeQueue,2.91997896301278
69200.0,Varchi,TimeService,13.492166652815056
69200.0,Varchi,NumQueue,0.0
69200.0,XRay,TimeTotal,2335.8807706365174
69200.0,XRay,NumTotal,501.0
69200.0,XRay,SystemResponseTime_Success,2528.5552295261755
69200.0,XRay,BusyServers,6.0
69200.0,XRay,TimeQueue,2287.26817879424
69200.0,XRay,TimeService,49.6971534465827
69200.0,XRay,NumQueue,495.0
69600.0,TraceDetection,TimeTotal,119.14563941084293
69600.0,TraceDetection,NumTotal,5.0
69600.0,TraceDetection,SystemResponseTime_Success,2536.085303471454
69600.0,TraceDetection,BusyServers,1.0
69600.0,TraceDetection,TimeQueue,57.14098597493302
69600.0,TraceDetection,TimeService,62.23584516629367
69600.0,TraceDetection,NumQueue,4.0
69600.0,CheckIn,TimeTotal,109.2281529243155
69600.0,CheckIn,NumTotal,9.0
69600.0,CheckIn,SystemResponseTime_Success,2536.085303471454
69600.0,CheckIn,BusyServers,8.0
69600.0,CheckIn,TimeQueue,4.621302847382823
69600.0,CheckIn,TimeService,104.60961638125939
69600.0,CheckIn,NumQueue,1.0
69600.0,XRay,TimeTotal,2345.1770348460764
69600.0,XRay,NumTotal,491.0
69600.0,XRay,SystemResponseTime_Success,2536.085303471454
69600.0,XRay,BusyServers,6.0
69600.0,XRay,TimeQueue,2296.5700104520865
69600.0,XRay,TimeService,49.68784348355006
69600.0,XRay,NumQueue,485.0
69600.0,Recupero,TimeTotal,125.71552433714373
69600.0,Recupero,NumTotal,19.0
69600.0,Recupero,SystemResponseTime_Success,2536.085303471454
69600.0,Recupero,BusyServers,19.0
69600.0,Recupero,TimeQueue,0.0
69600.0,Recupero,TimeService,125.71552433714373
69600.0,Recupero,NumQueue,0.0
69600.0,Varchi,TimeTotal,16.405516754339423
69600.0,Varchi,NumTotal,1.0
69600.0,Varchi,SystemResponseTime_Success,2536.085303471454
69600.0,Varchi,BusyServers,1.0
69600.0,Varchi,TimeQueue,2.9148979493177536
69600.0,Varchi,TimeService,13.491693810126645
69600.0,Varchi,NumQueue,0.0
70000.0,TraceDetection,TimeTotal,120.38367214388286
70000.0,TraceDetection,NumTotal,4.0
70000.0,TraceDetection,SystemResponseTime_Success,2546.3233028135787
70000.0,TraceDetection,BusyServers,1.0
70000.0,TraceDetection,TimeQueue,58.259115132713646
70000.0,TraceDetection,TimeService,62.17734281234501
70000.0,TraceDetection,NumQueue,3.0
70000.0,CheckIn,TimeTotal,109.22102227628642
70000.0,CheckIn,NumTotal,2.0
70000.0,CheckIn,SystemResponseTime_Success,2546.3233028135787
70000.0,CheckIn,BusyServers,2.0
70000.0,CheckIn,TimeQueue,4.64370464881318
70000.0,CheckIn,TimeService,104.57461544263248
70000.0,CheckIn,NumQueue,0.0
70000.0,XRay,TimeTotal,2353.6652596756203
70000.0,XRay,NumTotal,494.0
70000.0,XRay,SystemResponseTime_Success,2546.3233028135787
70000.0,XRay,BusyServers,6.0
70000.0,XRay,TimeQueue,2305.075186894665
70000.0,XRay,TimeService,49.673092534491566
70000.0,XRay,NumQueue,488.0
70000.0,Recupero,TimeTotal,125.7157748205658
70000.0,Recupero,NumTotal,10.0
70000.0,Recupero,SystemResponseTime_Success,2546.3233028135787
70000.0,Recupero,BusyServers,10.0
70000.0,Recupero,TimeQueue,0.0
70000.0,Recupero,TimeService,125.7157748205658
70000.0,Recupero,NumQueue,0.0
70000.0,Varchi,TimeTotal,16.40298090483272
70000.0,Varchi,NumTotal,4.0
70000.0,Varchi,SystemResponseTime_Success,2546.3233028135787
70000.0,Varchi,BusyServers,3.0
70000.0,Varchi,TimeQueue,2.9127232290256195
70000.0,Varchi,TimeService,13.489942657843072
70000.0,Varchi,NumQueue,1.0
70400.0,Recupero,TimeTotal,125.72679647541555
70400.0,Recupero,NumTotal,15.0
70400.0,Recupero,SystemResponseTime_Success,2554.001128393827
70400.0,Recupero,BusyServers,15.0
70400.0,Recupero,TimeQueue,0.0
70400.0,Recupero,TimeService,125.72679647541555
70400.0,Recupero,NumQueue,0.0
70400.0,Varchi,TimeTotal,16.398016624948013
70400.0,Varchi,NumTotal,2.0
70400.0,Varchi,SystemResponseTime_Success,2554.001128393827
70400.0,Varchi,BusyServers,2.0
70400.0,Varchi,TimeQueue,2.911820263128374
70400.0,Varchi,TimeService,13.48554806609135
70400.0,Varchi,NumQueue,0.0
70400.0,XRay,TimeTotal,2362.3069213237227
70400.0,XRay,NumTotal,490.0
70400.0,XRay,SystemResponseTime_Success,2554.001128393827
70400.0,XRay,BusyServers,6.0
70400.0,XRay,TimeQueue,2313.718697328348
70400.0,XRay,TimeService,49.671292302800595
70400.0,XRay,NumQueue,484.0
70400.0,TraceDetection,TimeTotal,121.49487297765273
70400.0,TraceDetection,NumTotal,4.0
70400.0,TraceDetection,SystemResponseTime_Success,2554.001128393827
70400.0,TraceDetection,BusyServers,1.0
70400.0,TraceDetection,TimeQueue,59.65897467397649
70400.0,TraceDetection,TimeService,62.06684172403142
70400.0,TraceDetection,NumQueue,3.0
70400.0,CheckIn,TimeTotal,109.17320648057424
70400.0,CheckIn,NumTotal,5.0
70400.0,CheckIn,SystemResponseTime_Success,2554.001128393827
70400.0,CheckIn,BusyServers,5.0
70400.0,CheckIn,TimeQueue,4.61952568332905
70400.0,CheckIn,TimeService,104.54698971137707
70400.0,CheckIn,NumQueue,0.0
70800.0,CheckIn,TimeTotal,109.13779480456078
70800.0,CheckIn,NumTotal,8.0
70800.0,CheckIn,SystemResponseTime_Success,2561.9034262257737
70800.0,CheckIn,BusyServers,8.0
70800.0,CheckIn,TimeQueue,4.615318837637434
70800.0,CheckIn,TimeService,104.516952334204
70800.0,CheckIn,NumQueue,0.0
70800.0,Varchi,TimeTotal,16.396778130293548
70800.0,Varchi,NumTotal,1.0
70800.0,Varchi,SystemResponseTime_Success,2561.9034262257737
70800.0,Varchi,BusyServers,1.0
70800.0,Varchi,TimeQueue,2.9108526663282106
70800.0,Varchi,TimeService,13.486402356881621
70800.0,Varchi,NumQueue,0.0
70800.0,TraceDetection,TimeTotal,122.84485734005432
70800.0,TraceDetection,NumTotal,9.0
70800.0,TraceDetection,SystemResponseTime_Success,2561.9034262257737
70800.0,TraceDetection,BusyServers,1.0
70800.0,TraceDetection,TimeQueue,61.14357994277916
70800.0,TraceDetection,TimeService,61.99473467899686
70800.0,TraceDetection,NumQueue,8.0
70800.0,Recupero,TimeTotal,125.68915813807989
70800.0,Recupero,NumTotal,16.0
70800.0,Recupero,SystemResponseTime_Success,2561.9034262257737
70800.0,Recupero,BusyServers,16.0
70800.0,Recupero,TimeQueue,0.0
70800.0,Recupero,TimeService,125.68915813807989
70800.0,Recupero,NumQueue,0.0
70800.0,XRay,TimeTotal,2371.081536497417
70800.0,XRay,NumTotal,496.0
70800.0,XRay,SystemResponseTime_Success,2561.9034262257737
70800.0,XRay,BusyServers,6.0
70800.0,XRay,TimeQueue,2322.487366292565
70800.0,XRay,TimeService,49.68211431238199
70800.0,XRay,NumQueue,490.0
71200.0,Varchi,TimeTotal,16.39726905081904
71200.0,Varchi,NumTotal,2.0
71200.0,Varchi,SystemResponseTime_Success,2571.187001943355
71200.0,Varchi,BusyServers,2.0
71200.0,Varchi,TimeQueue,2.9080049182031464
71200.0,Varchi,TimeService,13.488801893327391
71200.0,Varchi,NumQueue,0.0
71200.0,Recupero,TimeTotal,125.70821822850623
71200.0,Recupero,NumTotal,20.0
71200.0,Recupero,SystemResponseTime_Success,2571.187001943355
71200.0,Recupero,BusyServers,20.0
71200.0,Recupero,TimeQueue,0.0
71200.0,Recupero,TimeService,125.70821822850623
71200.0,Recupero,NumQueue,0.0
71200.0,XRay,TimeTotal,2380.3066175301924
71200.0,XRay,NumTotal,479.0
71200.0,XRay,SystemResponseTime_Success,2571.187001943355
71200.0,XRay,BusyServers,6.0
71200.0,XRay,TimeQueue,2331.7093007234507
71200.0,XRay,TimeService,49.66186843185774
71200.0,XRay,NumQueue,473.0
71200.0,TraceDetection,TimeTotal,125.6166586603663
71200.0,TraceDetection,NumTotal,5.0
71200.0,TraceDetection,SystemResponseTime_Success,2571.187001943355
71200.0,TraceDetection,BusyServers,1.0
71200.0,TraceDetection,TimeQueue,64.08055148864521
71200.0,TraceDetection,TimeService,61.94190377957374
71200.0,TraceDetection,NumQueue,4.0
71200.0,CheckIn,TimeTotal,109.14819551697832
71200.0,CheckIn,NumTotal,6.0
71200.0,CheckIn,SystemResponseTime_Success,2571.187001943355
71200.0,CheckIn,BusyServers,6.0
71200.0,CheckIn,TimeQueue,4.604377204199502
71200.0,CheckIn,TimeService,104.53589793914773
71200.0,CheckIn,NumQueue,0.0
71600.0,Recupero,TimeTotal,125.72021986958632
71600.0,Recupero,NumTotal,12.0
71600.0,Recupero,SystemResponseTime_Success,2582.213934565128
71600.0,Recupero,BusyServers,12.0
71600.0,Recupero,TimeQueue,0.0
71600.0,Recupero,TimeService,125.72021986958632
71600.0,Recupero,NumQueue,0.0
71600.0,Varchi,TimeTotal,16.395586929851135
71600.0,Varchi,NumTotal,0.0
71600.0,Varchi,SystemResponseTime_Success,2582.213934565128
71600.0,Varchi,BusyServers,0.0
71600.0,Varchi,TimeQueue,2.9089036731457405
71600.0,Varchi,TimeService,13.48668325670529
71600.0,Varchi,NumQueue,0.0
71600.0,TraceDetection,TimeTotal,127.86766430282832
71600.0,TraceDetection,NumTotal,3.0
71600.0,TraceDetection,SystemResponseTime_Success,2582.213934565128
71600.0,TraceDetection,BusyServers,1.0
71600.0,TraceDetection,TimeQueue,65.92957646715018
71600.0,TraceDetection,TimeService,61.97261881097122
71600.0,TraceDetection,NumQueue,2.0
71600.0,CheckIn,TimeTotal,109.1192463446783
71600.0,CheckIn,NumTotal,4.0
71600.0,CheckIn,SystemResponseTime_Success,2582.213934565128
71600.0,CheckIn,BusyServers,4.0
71600.0,CheckIn,TimeQueue,4.587309367400359
71600.0,CheckIn,TimeService,104.52669882784328
71600.0,CheckIn,NumQueue,0.0
71600.0,XRay,TimeTotal,2389.078757047739
71600.0,XRay,NumTotal,475.0
71600.0,XRay,SystemResponseTime_Success,2582.213934565128
71600.0,XRay,BusyServers,6.0
71600.0,XRay,TimeQueue,2340.495737857319
71600.0,XRay,TimeService,49.65929243967852
71600.0,XRay,NumQueue,469.0
72000.0,Recupero,TimeTotal,125.67880105430386
72000.0,Recupero,NumTotal,16.0
72000.0,Recupero,SystemResponseTime_Success,2590.640932787885
72000.0,Recupero,BusyServers,16.0
72000.0,Recupero,TimeQueue,0.0
72000.0,Recupero,TimeService,125.67880105430386
72000.0,Recupero,NumQueue,0.0
72000.0,TraceDetection,TimeTotal,127.99796216162852
72000.0,TraceDetection,NumTotal,0.0
72000.0,TraceDetection,SystemResponseTime_Success,2590.640932787885
72000.0,TraceDetection,BusyServers,0.0
72000.0,TraceDetection,TimeQueue,66.00572543713042
72000.0,TraceDetection,TimeService,61.99223672449809
72000.0,TraceDetection,NumQueue,0.0
72000.0,XRay,TimeTotal,2397.727418871426
72000.0,XRay,NumTotal,481.0
72000.0,XRay,SystemResponseTime_Success,2590.640932787885
72000.0,XRay,BusyServers,6.0
72000.0,XRay,TimeQueue,2349.1546578072866
72000.0,XRay,TimeService,49.65989645034045
72000.0,XRay,NumQueue,475.0
72000.0,Varchi,TimeTotal,16.40055062967188
72000.0,Varchi,NumTotal,0.0
72000.0,Varchi,SystemResponseTime_Success,2590.640932787885
72000.0,Varchi,BusyServers,0.0
72000.0,Varchi,TimeQueue,2.914939620478245
72000.0,Varchi,TimeService,13.485611009193534
72000.0,Varchi,NumQueue,0.0
72000.0,CheckIn,TimeTotal,109.07333010349895
72000.0,CheckIn,NumTotal,4.0
72000.0,CheckIn,SystemResponseTime_Success,2590.640932787885
72000.0,CheckIn,BusyServers,4.0
72000.0,CheckIn,TimeQueue,4.5638848089285275
72000.0,CheckIn,TimeService,104.50426053477611
72000.0,CheckIn,NumQueue,0.0
72400.0,XRay,TimeTotal,2406.4466323844003
72400.0,XRay,NumTotal,494.0
72400.0,XRay,SystemResponseTime_Success,2599.5846259354294
72400.0,XRay,BusyServers,6.0
72400.0,XRay,TimeQueue,2357.8730209041883
72400.0,XRay,TimeService,49.66601154623126
72400.0,XRay,NumQueue,488.0
72400.0,TraceDetection,TimeTotal,127.92541887806837
72400.0,TraceDetection,NumTotal,0.0
72400.0,TraceDetection,SystemResponseTime_Success,2599.5846259354294
72400.0,TraceDetection,BusyServers,0.0
72400.0,TraceDetection,TimeQueue,65.92483606772217
72400.0,TraceDetection,TimeService,62.00058281034619
72400.0,TraceDetection,NumQueue,0.0
72400.0,Varchi,TimeTotal,16.392681375114023
72400.0,Varchi,NumTotal,0.0
72400.0,Varchi,SystemResponseTime_Success,2599.5846259354294
72400.0,Varchi,BusyServers,0.0
72400.0,Varchi,TimeQueue,2.909763778177331
72400.0,Varchi,TimeService,13.482917596936586
72400.0,Varchi,NumQueue,0.0
72400.0,CheckIn,TimeTotal,109.05131756354159
72400.0,CheckIn,NumTotal,5.0
72400.0,CheckIn,SystemResponseTime_Success,2599.5846259354294
72400.0,CheckIn,BusyServers,5.0
72400.0,CheckIn,TimeQueue,4.542013183201851
72400.0,CheckIn,TimeService,104.50289091919426
72400.0,CheckIn,NumQueue,0.0
72400.0,Recupero,TimeTotal,125.66714646071117
72400.0,Recupero,NumTotal,14.0
72400.0,Recupero,SystemResponseTime_Success,2599.5846259354294
72400.0,Recupero,BusyServers,14.0
72400.0,Recupero,TimeQueue,0.0
72400.0,Recupero,TimeService,125.66714646071117
72400.0,Recupero,NumQueue,0.0
72800.0,CheckIn,TimeTotal,109.03687962285073
72800.0,CheckIn,NumTotal,3.0
72800.0,CheckIn,SystemResponseTime_Success,2608.3910133795252
72800.0,CheckIn,BusyServers,3.0
72800.0,CheckIn,TimeQueue,4.543921196787975
72800.0,CheckIn,TimeService,104.48913035428782
72800.0,CheckIn,NumQueue,0.0
72800.0,Recupero,TimeTotal,125.6341320874419
72800.0,Recupero,NumTotal,16.0
72800.0,Recupero,SystemResponseTime_Success,2608.3910133795252
72800.0,Recupero,BusyServers,16.0
72800.0,Recupero,TimeQueue,0.0
72800.0,Recupero,TimeService,125.6341320874419
72800.0,Recupero,NumQueue,0.0
72800.0,TraceDetection,TimeTotal,127.67934565831963
72800.0,TraceDetection,NumTotal,1.0
72800.0,TraceDetection,SystemResponseTime_Success,2608.3910133795252
72800.0,TraceDetection,BusyServers,1.0
72800.0,TraceDetection,TimeQueue,65.61019352280414
72800.0,TraceDetection,TimeService,61.98913970439012
72800.0,TraceDetection,NumQueue,0.0
72800.0,XRay,TimeTotal,2415.5822257849713
72800.0,XRay,NumTotal,488.0
72800.0,XRay,SystemResponseTime_Success,2608.3910133795252
72800.0,XRay,BusyServers,6.0
72800.0,XRay,TimeQueue,2366.9941259367156
72800.0,XRay,TimeService,49.66301785467009
72800.0,XRay,NumQueue,482.0
72800.0,Varchi,TimeTotal,16.386666985898525
72800.0,Varchi,NumTotal,1.0
72800.0,Varchi,SystemResponseTime_Success,2608.3910133795252
72800.0,Varchi,BusyServers,1.0
72800.0,Varchi,TimeQueue,2.9056154342610157
72800.0,Varchi,TimeService,13.48073827773614
72800.0,Varchi,NumQueue,0.0
73200.0,TraceDetection,TimeTotal,127.58571163005877
73200.0,TraceDetection,NumTotal,3.0
73200.0,TraceDetection,SystemResponseTime_Success,2616.3170950775434
73200.0,TraceDetection,BusyServers,1.0
73200.0,TraceDetection,TimeQueue,65.59024555073624
73200.0,TraceDetection,TimeService,62.0538722364283
73200.0,TraceDetection,NumQueue,2.0
73200.0,CheckIn,TimeTotal,109.00122071241323
73200.0,CheckIn,NumTotal,4.0
73200.0,CheckIn,SystemResponseTime_Success,2616.3170950775434
73200.0,CheckIn,BusyServers,4.0
73200.0,CheckIn,TimeQueue,4.523613169092834
73200.0,CheckIn,TimeService,104.47254757333252
73200.0,CheckIn,NumQueue,0.0
73200.0,XRay,TimeTotal,2423.8778475164004
73200.0,XRay,NumTotal,478.0
73200.0,XRay,SystemResponseTime_Success,2616.3170950775434
73200.0,XRay,BusyServers,6.0
73200.0,XRay,TimeQueue,2375.309345789202
73200.0,XRay,TimeService,49.67494369228552
73200.0,XRay,NumQueue,472.0
73200.0,Recupero,TimeTotal,125.672714003055
73200.0,Recupero,NumTotal,15.0
73200.0,Recupero,SystemResponseTime_Success,2616.3170950775434
73200.0,Recupero,BusyServers,15.0
73200.0,Recupero,TimeQueue,0.0
73200.0,Recupero,TimeService,125.672714003055
73200.0,Recupero,NumQueue,0.0
73200.0,Varchi,TimeTotal,16.378560638037776
73200.0,Varchi,NumTotal,1.0
73200.0,Varchi,SystemResponseTime_Success,2616.3170950775434
73200.0,Varchi,BusyServers,1.0
73200.0,Varchi,TimeQueue,2.8993648496590967
73200.0,Varchi,TimeService,13.478884397029683
73200.0,Varchi,NumQueue,0.0
73600.0,TraceDetection,TimeTotal,128.0176254373277
73600.0,TraceDetection,NumTotal,1.0
73600.0,TraceDetection,SystemResponseTime_Success,2624.807731089586
73600.0,TraceDetection,BusyServers,1.0
73600.0,TraceDetection,TimeQueue,65.85810684040158
73600.0,TraceDetection,TimeService,62.08007576599681
73600.0,TraceDetection,NumQueue,0.0
73600.0,CheckIn,TimeTotal,108.95931927062426
73600.0,CheckIn,NumTotal,3.0
73600.0,CheckIn,SystemResponseTime_Success,2624.807731089586
73600.0,CheckIn,BusyServers,3.0
73600.0,CheckIn,TimeQueue,4.509756375759495
73600.0,CheckIn,TimeService,104.44579219555386
73600.0,CheckIn,NumQueue,0.0
73600.0,XRay,TimeTotal,2433.480356869644
73600.0,XRay,NumTotal,469.0
73600.0,XRay,SystemResponseTime_Success,2624.807731089586
73600.0,XRay,BusyServers,6.0
73600.0,XRay,TimeQueue,2384.9141190356872
73600.0,XRay,TimeService,49.66712071908753
73600.0,XRay,NumQueue,463.0
73600.0,Varchi,TimeTotal,16.379805032927
73600.0,Varchi,NumTotal,0.0
73600.0,Varchi,SystemResponseTime_Success,2624.807731089586
73600.0,Varchi,BusyServers,0.0
73600.0,Varchi,TimeQueue,2.901485920956752
73600.0,Varchi,TimeService,13.478319111970167
73600.0,Varchi,NumQueue,0.0
73600.0,Recupero,TimeTotal,125.68935706356041
73600.0,Recupero,NumTotal,21.0
73600.0,Recupero,SystemResponseTime_Success,2624.807731089586
73600.0,Recupero,BusyServers,21.0
73600.0,Recupero,TimeQueue,0.0
73600.0,Recupero,TimeService,125.68935706356041
73600.0,Recupero,NumQueue,0.0
74000.0,XRay,TimeTotal,2441.0746602026206
74000.0,XRay,NumTotal,472.0
74000.0,XRay,SystemResponseTime_Success,2635.201535333012
74000.0,XRay,BusyServers,6.0
74000.0,XRay,TimeQueue,2392.496276387075
74000.0,XRay,TimeService,49.67509580593122
74000.0,XRay,NumQueue,466.0
74000.0,Varchi,TimeTotal,16.37922582434186
74000.0,Varchi,NumTotal,1.0
74000.0,Varchi,SystemResponseTime_Success,2635.201535333012
74000.0,Varchi,BusyServers,1.0
74000.0,Varchi,TimeQueue,2.899718914049024
74000.0,Varchi,TimeService,13.479198396736622
74000.0,Varchi,NumQueue,0.0
74000.0,Recupero,TimeTotal,125.6883783765331
74000.0,Recupero,NumTotal,11.0
74000.0,Recupero,SystemResponseTime_Success,2635.201535333012
74000.0,Recupero,BusyServers,11.0
74000.0,Recupero,TimeQueue,0.0
74000.0,Recupero,TimeService,125.6883783765331
74000.0,Recupero,NumQueue,0.0
74000.0,TraceDetection,TimeTotal,128.0321175898496
74000.0,TraceDetection,NumTotal,1.0
74000.0,TraceDetection,SystemResponseTime_Success,2635.201535333012
74000.0,TraceDetection,BusyServers,1.0
74000.0,TraceDetection,TimeQueue,65.81454413628138
74000.0,TraceDetection,TimeService,62.1421560309401
74000.0,TraceDetection,NumQueue,0.0
74000.0,CheckIn,TimeTotal,108.93564678249813
74000.0,CheckIn,NumTotal,4.0
74000.0,CheckIn,SystemResponseTime_Success,2635.201535333012
74000.0,CheckIn,BusyServers,4.0
74000.0,CheckIn,TimeQueue,4.484778494974341
74000.0,CheckIn,TimeService,104.44589487083952
74000.0,CheckIn,NumQueue,0.0
74400.0,CheckIn,TimeTotal,109.0020873332941
74400.0,CheckIn,NumTotal,8.0
74400.0,CheckIn,SystemResponseTime_Success,2643.6671095167585
74400.0,CheckIn,BusyServers,8.0
74400.0,CheckIn,TimeQueue,4.614020331627602
74400.0,CheckIn,TimeService,104.5031071944998
74400.0,CheckIn,NumQueue,0.0
74400.0,XRay,TimeTotal,2450.4708591049857
74400.0,XRay,NumTotal,482.0
74400.0,XRay,SystemResponseTime_Success,2643.6671095167585
74400.0,XRay,BusyServers,6.0
74400.0,XRay,TimeQueue,2401.8646301327935
74400.0,XRay,TimeService,49.65985079262343
74400.0,XRay,NumQueue,476.0
74400.0,Recupero,TimeTotal,125.6827076562895
74400.0,Recupero,NumTotal,12.0
74400.0,Recupero,SystemResponseTime_Success,2643.6671095167585
74400.0,Recupero,BusyServers,12.0
74400.0,Recupero,TimeQueue,0.0
74400.0,Recupero,TimeService,125.6827076562895
74400.0,Recupero,NumQueue,0.0
74400.0,Varchi,TimeTotal,16.378257181388726
74400.0,Varchi,NumTotal,1.0
74400.0,Varchi,SystemResponseTime_Success,2643.6671095167585
74400.0,Varchi,BusyServers,1.0
74400.0,Varchi,TimeQueue,2.8992142830184293
74400.0,Varchi,TimeService,13.47873645990884
74400.0,Varchi,NumQueue,0.0
74400.0,TraceDetection,TimeTotal,127.62742385747711
74400.0,TraceDetection,NumTotal,3.0
74400.0,TraceDetection,SystemResponseTime_Success,2643.6671095167585
74400.0,TraceDetection,BusyServers,1.0
74400.0,TraceDetection,TimeQueue,65.48899659955217
74400.0,TraceDetection,TimeService,62.11150365335833
74400.0,TraceDetection,NumQueue,2.0
74800.0,XRay,TimeTotal,2458.960625279246
74800.0,XRay,NumTotal,485.0
74800.0,XRay,SystemResponseTime_Success,2651.8629539149065
74800.0,XRay,BusyServers,6.0
74800.0,XRay,TimeQueue,2410.3302516495664
74800.0,XRay,TimeService,49.669096608537096
74800.0,XRay,NumQueue,479.0
74800.0,Varchi,TimeTotal,16.375456082238713
74800.0,Varchi,NumTotal,1.0
74800.0,Varchi,SystemResponseTime_Success,2651.8629539149065
74800.0,Varchi,BusyServers,1.0
74800.0,Varchi,TimeQueue,2.895880653638956
74800.0,Varchi,TimeService,13.479270983619255
74800.0,Varchi,NumQueue,0.0
74800.0,Recupero,TimeTotal,125.62268635256709
74800.0,Recupero,NumTotal,15.0
74800.0,Recupero,SystemResponseTime_Success,2651.8629539149065
74800.0,Recupero,BusyServers,15.0
74800.0,Recupero,TimeQueue,0.0
74800.0,Recupero,TimeService,125.62268635256709
74800.0,Recupero,NumQueue,0.0
74800.0,CheckIn,TimeTotal,109.10398551565036
74800.0,CheckIn,NumTotal,5.0
74800.0,CheckIn,SystemResponseTime_Success,2651.8629539149065
74800.0,CheckIn,BusyServers,5.0
74800.0,CheckIn,TimeQueue,4.595876712784362
74800.0,CheckIn,TimeService,104.50180617435137
74800.0,CheckIn,NumQueue,0.0
74800.0,TraceDetection,TimeTotal,127.63318688324658
74800.0,TraceDetection,NumTotal,3.0
74800.0,TraceDetection,SystemResponseTime_Success,2651.8629539149065
74800.0,TraceDetection,BusyServers,1.0
74800.0,TraceDetection,TimeQueue,65.63544858231815
74800.0,TraceDetection,TimeService,62.05774083864259
74800.0,TraceDetection,NumQueue,2.0
75200.0,TraceDetection,TimeTotal,127.97659707567206
75200.0,TraceDetection,NumTotal,1.0
75200.0,TraceDetection,SystemResponseTime_Success,2660.416119501971
75200.0,TraceDetection,BusyServers,1.0
75200.0,TraceDetection,TimeQueue,65.90200360061635
75200.0,TraceDetection,TimeService,62.09133073688824
75200.0,TraceDetection,NumQueue,0.0
75200.0,Recupero,TimeTotal,125.64033186162894
75200.0,Recupero,NumTotal,16.0
75200.0,Recupero,SystemResponseTime_Success,2660.416119501971
75200.0,Recupero,BusyServers,16.0
75200.0,Recupero,TimeQueue,0.0
75200.0,Recupero,TimeService,125.64033186162894
75200.0,Recupero,NumQueue,0.0
75200.0,XRay,TimeTotal,2467.1523359212647
75200.0,XRay,NumTotal,478.0
75200.0,XRay,SystemResponseTime_Success,2660.416119501971
75200.0,XRay,BusyServers,6.0
75200.0,XRay,TimeQueue,2418.508127986539
75200.0,XRay,TimeService,49.675675249555404
75200.0,XRay,NumQueue,472.0
75200.0,CheckIn,TimeTotal,109.10611404503634
75200.0,CheckIn,NumTotal,8.0
75200.0,CheckIn,SystemResponseTime_Success,2660.416119501971
75200.0,CheckIn,BusyServers,8.0
75200.0,CheckIn,TimeQueue,4.575538706477327
75200.0,CheckIn,TimeService,104.52153866843084
75200.0,CheckIn,NumQueue,0.0
75200.0,Varchi,TimeTotal,16.3705641380934
75200.0,Varchi,NumTotal,2.0
75200.0,Varchi,SystemResponseTime_Success,2660.416119501971
75200.0,Varchi,BusyServers,1.0
75200.0,Varchi,TimeQueue,2.890286607049775
75200.0,Varchi,TimeService,13.48040090954868
75200.0,Varchi,NumQueue,1.0
75600.0,TraceDetection,TimeTotal,127.89818244859227
75600.0,TraceDetection,NumTotal,1.0
75600.0,TraceDetection,SystemResponseTime_Success,2668.4711806199243
75600.0,TraceDetection,BusyServers,1.0
75600.0,TraceDetection,TimeQueue,65.69711128843804
75600.0,TraceDetection,TimeService,62.12441175374998
75600.0,TraceDetection,NumQueue,0.0
75600.0,Recupero,TimeTotal,125.64065673591294
75600.0,Recupero,NumTotal,16.0
75600.0,Recupero,SystemResponseTime_Success,2668.4711806199243
75600.0,Recupero,BusyServers,16.0
75600.0,Recupero,TimeQueue,0.0
75600.0,Recupero,TimeService,125.64065673591294
75600.0,Recupero,NumQueue,0.0
75600.0,XRay,TimeTotal,2475.435550008421
75600.0,XRay,NumTotal,488.0
75600.0,XRay,SystemResponseTime_Success,2668.4711806199243
75600.0,XRay,BusyServers,6.0
75600.0,XRay,TimeQueue,2426.7818622422938
75600.0,XRay,TimeService,49.68009717810105
75600.0,XRay,NumQueue,482.0
75600.0,Varchi,TimeTotal,16.36473597303046
75600.0,Varchi,NumTotal,3.0
75600.0,Varchi,SystemResponseTime_Success,2668.4711806199243
75600.0,Varchi,BusyServers,2.0
75600.0,Varchi,TimeQueue,2.887396132716734
75600.0,Varchi,TimeService,13.477245717883667
75600.0,Varchi,NumQueue,1.0
75600.0,CheckIn,TimeTotal,109.0162911023583
75600.0,CheckIn,NumTotal,6.0
75600.0,CheckIn,SystemResponseTime_Success,2668.4711806199243
75600.0,CheckIn,BusyServers,6.0
75600.0,CheckIn,TimeQueue,4.5472514486886535
75600.0,CheckIn,TimeService,104.46186071555796
75600.0,CheckIn,NumQueue,0.0
76000.0,CheckIn,TimeTotal,109.01245005750965
76000.0,CheckIn,NumTotal,5.0
76000.0,CheckIn,SystemResponseTime_Success,2676.641130404198
76000.0,CheckIn,BusyServers,5.0
76000.0,CheckIn,TimeQueue,4.531288259285635
76000.0,CheckIn,TimeService,104.47505494073162
76000.0,CheckIn,NumQueue,0.0
76000.0,TraceDetection,TimeTotal,127.90286895470182
76000.0,TraceDetection,NumTotal,3.0
76000.0,TraceDetection,SystemResponseTime_Success,2676.641130404198
76000.0,TraceDetection,BusyServers,1.0
76000.0,TraceDetection,TimeQueue,65.80910456608039
76000.0,TraceDetection,TimeService,62.174083789351585
76000.0,TraceDetection,NumQueue,2.0
76000.0,Recupero,TimeTotal,125.64116935279957
76000.0,Recupero,NumTotal,12.0
76000.0,Recupero,SystemResponseTime_Success,2676.641130404198
76000.0,Recupero,BusyServers,12.0
76000.0,Recupero,TimeQueue,0.0
76000.0,Recupero,TimeService,125.64116935279957
76000.0,Recupero,NumQueue,0.0
76000.0,XRay,TimeTotal,2483.192602247105
76000.0,XRay,NumTotal,500.0
76000.0,XRay,SystemResponseTime_Success,2676.641130404198
76000.0,XRay,BusyServers,6.0
76000.0,XRay,TimeQueue,2434.5235119857034
76000.0,XRay,TimeService,49.67840774135312
76000.0,XRay,NumQueue,494.0
76000.0,Varchi,TimeTotal,16.369974466025546
76000.0,Varchi,NumTotal,5.0
76000.0,Varchi,SystemResponseTime_Success,2676.641130404198
76000.0,Varchi,BusyServers,4.0
76000.0,Varchi,TimeQueue,2.8936278189960634
76000.0,Varchi,TimeService,13.476777631593235
76000.0,Varchi,NumQueue,1.0
76400.0,Recupero,TimeTotal,125.67894359355678
76400.0,Recupero,NumTotal,16.0
76400.0,Recupero,SystemResponseTime_Success,2684.104507618137
76400.0,Recupero,BusyServers,16.0
76400.0,Recupero,TimeQueue,0.0
76400.0,Recupero,TimeService,125.67894359355678
76400.0,Recupero,NumQueue,0.0
76400.0,Varchi,TimeTotal,16.370068336031455
76400.0,Varchi,NumTotal,2.0
76400.0,Varchi,SystemResponseTime_Success,2684.104507618137
76400.0,Varchi,BusyServers,2.0
76400.0,Varchi,TimeQueue,2.8922882448381775
76400.0,Varchi,TimeService,13.47718478641909
76400.0,Varchi,NumQueue,0.0
76400.0,TraceDetection,TimeTotal,128.21676755101672
76400.0,TraceDetection,NumTotal,3.0
76400.0,TraceDetection,SystemResponseTime_Success,2684.104507618137
76400.0,TraceDetection,BusyServers,1.0
76400.0,TraceDetection,TimeQueue,66.1578438683871
76400.0,TraceDetection,TimeService,62.133831332267064
76400.0,TraceDetection,NumQueue,2.0
76400.0,CheckIn,TimeTotal,108.99803034547575
76400.0,CheckIn,NumTotal,2.0
76400.0,CheckIn,SystemResponseTime_Success,2684.104507618137
76400.0,CheckIn,BusyServers,2.0
76400.0,CheckIn,TimeQueue,4.514276182152355
76400.0,CheckIn,TimeService,104.48133169153253
76400.0,CheckIn,NumQueue,0.0
76400.0,XRay,TimeTotal,2491.4298546825858
76400.0,XRay,NumTotal,498.0
76400.0,XRay,SystemResponseTime_Success,2684.104507618137
76400.0,XRay,BusyServers,6.0
76400.0,XRay,TimeQueue,2442.7205093538614
76400.0,XRay,TimeService,49.67634971236954
76400.0,XRay,NumQueue,492.0
76800.0,CheckIn,TimeTotal,109.01940436674239
76800.0,CheckIn,NumTotal,0.0
76800.0,CheckIn,SystemResponseTime_Success,2692.8442215797677
76800.0,CheckIn,BusyServers,0.0
76800.0,CheckIn,TimeQueue,4.548711219576692
76800.0,CheckIn,TimeService,104.4706931471656
76800.0,CheckIn,NumQueue,0.0
76800.0,TraceDetection,TimeTotal,128.40004609629472
76800.0,TraceDetection,NumTotal,2.0
76800.0,TraceDetection,SystemResponseTime_Success,2692.8442215797677
76800.0,TraceDetection,BusyServers,1.0
76800.0,TraceDetection,TimeQueue,66.30225158703891
76800.0,TraceDetection,TimeService,62.065680028095635
76800.0,TraceDetection,NumQueue,1.0
76800.0,Recupero,TimeTotal,125.66436312920757
76800.0,Recupero,NumTotal,15.0
76800.0,Recupero,SystemResponseTime_Success,2692.8442215797677
76800.0,Recupero,BusyServers,15.0
76800.0,Recupero,TimeQueue,0.0
76800.0,Recupero,TimeService,125.66436312920757
76800.0,Recupero,NumQueue,0.0
76800.0,Varchi,TimeTotal,16.371432735871462
76800.0,Varchi,NumTotal,2.0
76800.0,Varchi,SystemResponseTime_Success,2692.8442215797677
76800.0,Varchi,BusyServers,2.0
76800.0,Varchi,TimeQueue,2.892659490318118
76800.0,Varchi,TimeService,13.478180608902864
76800.0,Varchi,NumQueue,0.0
76800.0,XRay,TimeTotal,2499.6438855794113
76800.0,XRay,NumTotal,492.0
76800.0,XRay,SystemResponseTime_Success,2692.8442215797677
76800.0,XRay,BusyServers,6.0
76800.0,XRay,TimeQueue,2450.930535510567
76800.0,XRay,TimeService,49.65750952227331
76800.0,XRay,NumQueue,486.0
77200.0,Varchi,TimeTotal,16.367463366443012
77200.0,Varchi,NumTotal,4.0
77200.0,Varchi,SystemResponseTime_Success,2700.607811019991
77200.0,Varchi,BusyServers,3.0
77200.0,Varchi,TimeQueue,2.888248687239518
77200.0,Varchi,TimeService,13.47952237323124
77200.0,Varchi,NumQueue,1.0
77200.0,CheckIn,TimeTotal,109.00507747360946
77200.0,CheckIn,NumTotal,1.0
77200.0,CheckIn,SystemResponseTime_Success,2700.607811019991
77200.0,CheckIn,BusyServers,1.0
77200.0,CheckIn,TimeQueue,4.53781465290749
77200.0,CheckIn,TimeService,104.46605466983581
77200.0,CheckIn,NumQueue,0.0
77200.0,Recupero,TimeTotal,125.65902284921397
77200.0,Recupero,NumTotal,19.0
77200.0,Recupero,SystemResponseTime_Success,2700.607811019991
77200.0,Recupero,BusyServers,19.0
77200.0,Recupero,TimeQueue,0.0
77200.0,Recupero,TimeService,125.65902284921397
77200.0,Recupero,NumQueue,0.0
77200.0,TraceDetection,TimeTotal,128.12894784927101
77200.0,TraceDetection,NumTotal,2.0
77200.0,TraceDetection,SystemResponseTime_Success,2700.607811019991
77200.0,TraceDetection,BusyServers,1.0
77200.0,TraceDetection,TimeQueue,66.0089917855617
77200.0,TraceDetection,TimeService,62.04511593696831
77200.0,TraceDetection,NumQueue,1.0
77200.0,XRay,TimeTotal,2507.7885192797266
77200.0,XRay,NumTotal,475.0
77200.0,XRay,SystemResponseTime_Success,2700.607811019991
77200.0,XRay,BusyServers,6.0
77200.0,XRay,TimeQueue,2459.0757355233122
77200.0,XRay,TimeService,49.651853882748135
77200.0,XRay,NumQueue,469.0
77600.0,XRay,TimeTotal,2515.586872962814
77600.0,XRay,NumTotal,465.0
77600.0,XRay,SystemResponseTime_Success,2708.6346706513095
77600.0,XRay,BusyServers,6.0
77600.0,XRay,TimeQueue,2466.8491587008966
77600.0,XRay,TimeService,49.65486037157644
77600.0,XRay,NumQueue,459.0
77600.0,CheckIn,TimeTotal,108.9985864225677
77600.0,CheckIn,NumTotal,2.0
77600.0,CheckIn,SystemResponseTime_Success,2708.6346706513095
77600.0,CheckIn,BusyServers,2.0
77600.0,CheckIn,TimeQueue,4.519769260597413
77600.0,CheckIn,TimeService,104.47641940639429
77600.0,CheckIn,NumQueue,0.0
77600.0,TraceDetection,TimeTotal,127.78412631907054
77600.0,TraceDetection,NumTotal,0.0
77600.0,TraceDetection,SystemResponseTime_Success,2708.6346706513095
77600.0,TraceDetection,BusyServers,0.0
77600.0,TraceDetection,TimeQueue,65.78795741962868
77600.0,TraceDetection,TimeService,61.99616889944185
77600.0,TraceDetection,NumQueue,0.0
77600.0,Recupero,TimeTotal,125.69629866136587
77600.0,Recupero,NumTotal,17.0
77600.0,Recupero,SystemResponseTime_Success,2708.6346706513095
77600.0,Recupero,BusyServers,17.0
77600.0,Recupero,TimeQueue,0.0
77600.0,Recupero,TimeService,125.69629866136587
77600.0,Recupero,NumQueue,0.0
77600.0,Varchi,TimeTotal,16.365329307722025
77600.0,Varchi,NumTotal,2.0
77600.0,Varchi,SystemResponseTime_Success,2708.6346706513095
77600.0,Varchi,BusyServers,1.0
77600.0,Varchi,TimeQueue,2.886460642117271
77600.0,Varchi,TimeService,13.478575147133773
77600.0,Varchi,NumQueue,1.0
78000.0,XRay,TimeTotal,2522.86066561025
78000.0,XRay,NumTotal,472.0
78000.0,XRay,SystemResponseTime_Success,2716.4007559610286
78000.0,XRay,BusyServers,6.0
78000.0,XRay,TimeQueue,2474.0957279165546
78000.0,XRay,TimeService,49.66009894271554
78000.0,XRay,NumQueue,466.0
78000.0,Varchi,TimeTotal,16.364545271343562
78000.0,Varchi,NumTotal,2.0
78000.0,Varchi,SystemResponseTime_Success,2716.4007559610286
78000.0,Varchi,BusyServers,2.0
78000.0,Varchi,TimeQueue,2.8884067465700767
78000.0,Varchi,TimeService,13.476447866221978
78000.0,Varchi,NumQueue,0.0
78000.0,TraceDetection,TimeTotal,127.72312601959953
78000.0,TraceDetection,NumTotal,2.0
78000.0,TraceDetection,SystemResponseTime_Success,2716.4007559610286
78000.0,TraceDetection,BusyServers,1.0
78000.0,TraceDetection,TimeQueue,65.65969453584222
78000.0,TraceDetection,TimeService,62.00925413760556
78000.0,TraceDetection,NumQueue,1.0
78000.0,CheckIn,TimeTotal,109.02486707810397
78000.0,CheckIn,NumTotal,5.0
78000.0,CheckIn,SystemResponseTime_Success,2716.4007559610286
78000.0,CheckIn,BusyServers,5.0
78000.0,CheckIn,TimeQueue,4.559632458582016
78000.0,CheckIn,TimeService,104.46306261745214
78000.0,CheckIn,NumQueue,0.0
78000.0,Recupero,TimeTotal,125.68461462308024
78000.0,Recupero,NumTotal,14.0
78000.0,Recupero,SystemResponseTime_Success,2716.4007559610286
78000.0,Recupero,BusyServers,14.0
78000.0,Recupero,TimeQueue,0.0
78000.0,Recupero,TimeService,125.68461462308024
78000.0,Recupero,NumQueue,0.0
78400.0,TraceDetection,TimeTotal,127.48671780826196
78400.0,TraceDetection,NumTotal,1.0
78400.0,TraceDetection,SystemResponseTime_Success,2723.5255051968884
78400.0,TraceDetection,BusyServers,1.0
78400.0,TraceDetection,TimeQueue,65.42649023111704
78400.0,TraceDetection,TimeService,62.03467962210706
78400.0,TraceDetection,NumQueue,0.0
78400.0,Varchi,TimeTotal,16.366923465931293
78400.0,Varchi,NumTotal,2.0
78400.0,Varchi,SystemResponseTime_Success,2723.5255051968884
78400.0,Varchi,BusyServers,2.0
78400.0,Varchi,TimeQueue,2.892394871044112
78400.0,Varchi,TimeService,13.475367621696186
78400.0,Varchi,NumQueue,0.0
78400.0,CheckIn,TimeTotal,108.99744370600924
78400.0,CheckIn,NumTotal,7.0
78400.0,CheckIn,SystemResponseTime_Success,2723.5255051968884
78400.0,CheckIn,BusyServers,7.0
78400.0,CheckIn,TimeQueue,4.551744222875924
78400.0,CheckIn,TimeService,104.45106411501548
78400.0,CheckIn,NumQueue,0.0
78400.0,XRay,TimeTotal,2530.241358569732
78400.0,XRay,NumTotal,477.0
78400.0,XRay,SystemResponseTime_Success,2723.5255051968884
78400.0,XRay,BusyServers,6.0
78400.0,XRay,TimeQueue,2481.4621857190537
78400.0,XRay,TimeService,49.65030143172982
78400.0,XRay,NumQueue,471.0
78400.0,Recupero,TimeTotal,125.68934137195639
78400.0,Recupero,NumTotal,16.0
78400.0,Recupero,SystemResponseTime_Success,2723.5255051968884
78400.0,Recupero,BusyServers,16.0
78400.0,Recupero,TimeQueue,0.0
78400.0,Recupero,TimeService,125.68934137195639
78400.0,Recupero,NumQueue,0.0
78800.0,TraceDetection,TimeTotal,127.32304238151313
78800.0,TraceDetection,NumTotal,2.0
78800.0,TraceDetection,SystemResponseTime_Success,2730.5666417788557
78800.0,TraceDetection,BusyServers,1.0
78800.0,TraceDetection,TimeQueue,65.28877120401921
78800.0,TraceDetection,TimeService,62.05027985982915
78800.0,TraceDetection,NumQueue,1.0
78800.0,Recupero,TimeTotal,125.68707073778697
78800.0,Recupero,NumTotal,17.0
78800.0,Recupero,SystemResponseTime_Success,2730.5666417788557
78800.0,Recupero,BusyServers,17.0
78800.0,Recupero,TimeQueue,0.0
78800.0,Recupero,TimeService,125.68707073778697
78800.0,Recupero,NumQueue,0.0
78800.0,Varchi,TimeTotal,16.37466751175253
78800.0,Varchi,NumTotal,2.0
78800.0,Varchi,SystemResponseTime_Success,2730.5666417788557
78800.0,Varchi,BusyServers,2.0
78800.0,Varchi,TimeQueue,2.8994216623700164
78800.0,Varchi,TimeService,13.476108332707284
78800.0,Varchi,NumQueue,0.0
78800.0,XRay,TimeTotal,2537.586397173719
78800.0,XRay,NumTotal,486.0
78800.0,XRay,SystemResponseTime_Success,2730.5666417788557
78800.0,XRay,BusyServers,6.0
78800.0,XRay,TimeQueue,2488.8361780456084
78800.0,XRay,TimeService,49.637407862636906
78800.0,XRay,NumQueue,480.0
78800.0,CheckIn,TimeTotal,108.95606092344744
78800.0,CheckIn,NumTotal,6.0
78800.0,CheckIn,SystemResponseTime_Success,2730.5666417788557
78800.0,CheckIn,BusyServers,6.0
78800.0,CheckIn,TimeQueue,4.534288936344292
78800.0,CheckIn,TimeService,104.4146723697706
78800.0,CheckIn,NumQueue,0.0
79200.0,Varchi,TimeTotal,16.377901467025563
79200.0,Varchi,NumTotal,4.0
79200.0,Varchi,SystemResponseTime_Success,2738.611810613039
79200.0,Varchi,BusyServers,2.0
79200.0,Varchi,TimeQueue,2.9008449645333036
79200.0,Varchi,TimeService,13.476479793751645
79200.0,Varchi,NumQueue,2.0
79200.0,TraceDetection,TimeTotal,127.26114341798922
79200.0,TraceDetection,NumTotal,1.0
79200.0,TraceDetection,SystemResponseTime_Success,2738.611810613039
79200.0,TraceDetection,BusyServers,1.0
79200.0,TraceDetection,TimeQueue,65.15841260682929
79200.0,TraceDetection,TimeService,62.03041292813348
79200.0,TraceDetection,NumQueue,0.0
79200.0,CheckIn,TimeTotal,108.92325878664604
79200.0,CheckIn,NumTotal,7.0
79200.0,CheckIn,SystemResponseTime_Success,2738.611810613039
79200.0,CheckIn,BusyServers,7.0
79200.0,CheckIn,TimeQueue,4.514875429206845
79200.0,CheckIn,TimeService,104.405591132207
79200.0,CheckIn,NumQueue,0.0
79200.0,Recupero,TimeTotal,125.66984045703221
79200.0,Recupero,NumTotal,15.0
79200.0,Recupero,SystemResponseTime_Success,2738.611810613039
79200.0,Recupero,BusyServers,15.0
79200.0,Recupero,TimeQueue,0.0
79200.0,Recupero,TimeService,125.66984045703221
79200.0,Recupero,NumQueue,0.0
79200.0,XRay,TimeTotal,2545.2392530081524
79200.0,XRay,NumTotal,493.0
79200.0,XRay,SystemResponseTime_Success,2738.611810613039
79200.0,XRay,BusyServers,6.0
79200.0,XRay,TimeQueue,2496.514171022817
79200.0,XRay,TimeService,49.63243771655326
79200.0,XRay,NumQueue,487.0
79600.0,CheckIn,TimeTotal,108.91988469341048
79600.0,CheckIn,NumTotal,3.0
79600.0,CheckIn,SystemResponseTime_Success,2745.250461464931
79600.0,CheckIn,BusyServers,3.0
79600.0,CheckIn,TimeQueue,4.493924731159481
79600.0,CheckIn,TimeService,104.42248169233515
79600.0,CheckIn,NumQueue,0.0
79600.0,Varchi,TimeTotal,16.389890792006277
79600.0,Varchi,NumTotal,2.0
79600.0,Varchi,SystemResponseTime_Success,2745.250461464931
79600.0,Varchi,BusyServers,2.0
79600.0,Varchi,TimeQueue,2.9098283413619677
79600.0,Varchi,TimeService,13.479487499381284
79600.0,Varchi,NumQueue,0.0
79600.0,Recupero,TimeTotal,125.68146660850995
79600.0,Recupero,NumTotal,13.0
79600.0,Recupero,SystemResponseTime_Success,2745.250461464931
79600.0,Recupero,BusyServers,13.0
79600.0,Recupero,TimeQueue,0.0
79600.0,Recupero,TimeService,125.68146660850995
79600.0,Recupero,NumQueue,0.0
79600.0,XRay,TimeTotal,2552.16558934853
79600.0,XRay,NumTotal,511.0
79600.0,XRay,SystemResponseTime_Success,2745.250461464931
79600.0,XRay,BusyServers,6.0
79600.0,XRay,TimeQueue,2503.4293654319617
79600.0,XRay,TimeService,49.6450772189319
79600.0,XRay,NumQueue,505.0
79600.0,TraceDetection,TimeTotal,127.39630818921395
79600.0,TraceDetection,NumTotal,4.0
79600.0,TraceDetection,SystemResponseTime_Success,2745.250461464931
79600.0,TraceDetection,BusyServers,1.0
79600.0,TraceDetection,TimeQueue,65.4698701325505
79600.0,TraceDetection,TimeService,62.07019621461687
79600.0,TraceDetection,NumQueue,3.0
80000.0,CheckIn,TimeTotal,108.92838561947337
80000.0,CheckIn,NumTotal,4.0
80000.0,CheckIn,SystemResponseTime_Success,2751.936802637289
80000.0,CheckIn,BusyServers,4.0
80000.0,CheckIn,TimeQueue,4.476613773027126
80000.0,CheckIn,TimeService,104.44716864462299
80000.0,CheckIn,NumQueue,0.0
80000.0,TraceDetection,TimeTotal,128.26702419638653
80000.0,TraceDetection,NumTotal,2.0
80000.0,TraceDetection,SystemResponseTime_Success,2751.936802637289
80000.0,TraceDetection,BusyServers,1.0
80000.0,TraceDetection,TimeQueue,66.3070928979931
80000.0,TraceDetection,TimeService,62.066950496470064
80000.0,TraceDetection,NumQueue,1.0
80000.0,Varchi,TimeTotal,16.391461728442252
80000.0,Varchi,NumTotal,0.0
80000.0,Varchi,SystemResponseTime_Success,2751.936802637289
80000.0,Varchi,BusyServers,0.0
80000.0,Varchi,TimeQueue,2.909102969849166
80000.0,Varchi,TimeService,13.48235875859293
80000.0,Varchi,NumQueue,0.0
80000.0,Recupero,TimeTotal,125.7094436426964
80000.0,Recupero,NumTotal,19.0
80000.0,Recupero,SystemResponseTime_Success,2751.936802637289
80000.0,Recupero,BusyServers,19.0
80000.0,Recupero,TimeQueue,0.0
80000.0,Recupero,TimeService,125.7094436426964
80000.0,Recupero,NumQueue,0.0
80000.0,XRay,TimeTotal,2559.251493177135
80000.0,XRay,NumTotal,511.0
80000.0,XRay,SystemResponseTime_Success,2751.936802637289
80000.0,XRay,BusyServers,6.0
80000.0,XRay,TimeQueue,2510.516638175452
80000.0,XRay,TimeService,49.647345067377834
80000.0,XRay,NumQueue,505.0
80400.0,CheckIn,TimeTotal,108.89152783347822
80400.0,CheckIn,NumTotal,3.0
80400.0,CheckIn,SystemResponseTime_Success,2760.1539765838065
80400.0,CheckIn,BusyServers,3.0
80400.0,CheckIn,TimeQueue,4.4571552114977315
80400.0,CheckIn,TimeService,104.43095105963789
80400.0,CheckIn,NumQueue,0.0
80400.0,Varchi,TimeTotal,16.390964410874965
80400.0,Varchi,NumTotal,3.0
80400.0,Varchi,SystemResponseTime_Success,2760.1539765838065
80400.0,Varchi,BusyServers,2.0
80400.0,Varchi,TimeQueue,2.9057080715942556
80400.0,Varchi,TimeService,13.484687206370635
80400.0,Varchi,NumQueue,1.0
80400.0,Recupero,TimeTotal,125.73149574375749
80400.0,Recupero,NumTotal,14.0
80400.0,Recupero,SystemResponseTime_Success,2760.1539765838065
80400.0,Recupero,BusyServers,14.0
80400.0,Recupero,TimeQueue,0.0
80400.0,Recupero,TimeService,125.73149574375749
80400.0,Recupero,NumQueue,0.0
80400.0,TraceDetection,TimeTotal,128.24829723505093
80400.0,TraceDetection,NumTotal,0.0
80400.0,TraceDetection,SystemResponseTime_Success,2760.1539765838065
80400.0,TraceDetection,BusyServers,0.0
80400.0,TraceDetection,TimeQueue,66.2833115375653
80400.0,TraceDetection,TimeService,61.96498569748563
80400.0,TraceDetection,NumQueue,0.0
80400.0,XRay,TimeTotal,2566.264740262742
80400.0,XRay,NumTotal,505.0
80400.0,XRay,SystemResponseTime_Success,2760.1539765838065
80400.0,XRay,BusyServers,6.0
80400.0,XRay,TimeQueue,2517.5080621621764
80400.0,XRay,TimeService,49.6435093049565
80400.0,XRay,NumQueue,499.0
80800.0,TraceDetection,TimeTotal,127.98187651634986
80800.0,TraceDetection,NumTotal,0.0
80800.0,TraceDetection,SystemResponseTime_Success,2767.2265418184415
80800.0,TraceDetection,BusyServers,0.0
80800.0,TraceDetection,TimeQueue,66.03699586738452
80800.0,TraceDetection,TimeService,61.94488064896533
80800.0,TraceDetection,NumQueue,0.0
80800.0,Varchi,TimeTotal,16.38998495208099
80800.0,Varchi,NumTotal,0.0
80800.0,Varchi,SystemResponseTime_Success,2767.2265418184415
80800.0,Varchi,BusyServers,0.0
80800.0,Varchi,TimeQueue,2.905898774219308
80800.0,Varchi,TimeService,13.484086177861528
80800.0,Varchi,NumQueue,0.0
80800.0,CheckIn,TimeTotal,108.88579176582292
80800.0,CheckIn,NumTotal,5.0
80800.0,CheckIn,SystemResponseTime_Success,2767.2265418184415
80800.0,CheckIn,BusyServers,5.0
80800.0,CheckIn,TimeQueue,4.444669777143068
80800.0,CheckIn,TimeService,104.43546863103903
80800.0,CheckIn,NumQueue,0.0
80800.0,XRay,TimeTotal,2573.520229228609
80800.0,XRay,NumTotal,512.0
80800.0,XRay,SystemResponseTime_Success,2767.2265418184415
80800.0,XRay,BusyServers,6.0
80800.0,XRay,TimeQueue,2524.744623827119
80800.0,XRay,TimeService,49.64964749687645
80800.0,XRay,NumQueue,506.0
80800.0,Recupero,TimeTotal,125.70853639401867
80800.0,Recupero,NumTotal,15.0
80800.0,Recupero,SystemResponseTime_Success,2767.2265418184415
80800.0,Recupero,BusyServers,15.0
80800.0,Recupero,TimeQueue,0.0
80800.0,Recupero,TimeService,125.70853639401867
80800.0,Recupero,NumQueue,0.0
81200.0,XRay,TimeTotal,2580.5417341382054
81200.0,XRay,NumTotal,514.0
81200.0,XRay,SystemResponseTime_Success,2773.944909354027
81200.0,XRay,BusyServers,6.0
81200.0,XRay,TimeQueue,2531.738394825038
81200.0,XRay,TimeService,49.65042695115866
81200.0,XRay,NumQueue,508.0
81200.0,Recupero,TimeTotal,125.6959839907664
81200.0,Recupero,NumTotal,17.0
81200.0,Recupero,SystemResponseTime_Success,2773.944909354027
81200.0,Recupero,BusyServers,17.0
81200.0,Recupero,TimeQueue,0.0
81200.0,Recupero,TimeService,125.6959839907664
81200.0,Recupero,NumQueue,0.0
81200.0,CheckIn,TimeTotal,108.88829598661688
81200.0,CheckIn,NumTotal,3.0
81200.0,CheckIn,SystemResponseTime_Success,2773.944909354027
81200.0,CheckIn,BusyServers,3.0
81200.0,CheckIn,TimeQueue,4.427795556273125
81200.0,CheckIn,TimeService,104.4571358440547
81200.0,CheckIn,NumQueue,0.0
81200.0,TraceDetection,TimeTotal,127.78154949699837
81200.0,TraceDetection,NumTotal,2.0
81200.0,TraceDetection,SystemResponseTime_Success,2773.944909354027
81200.0,TraceDetection,BusyServers,1.0
81200.0,TraceDetection,TimeQueue,65.87509209003446
81200.0,TraceDetection,TimeService,61.92625112467146
81200.0,TraceDetection,NumQueue,1.0
81200.0,Varchi,TimeTotal,16.386474251101458
81200.0,Varchi,NumTotal,1.0
81200.0,Varchi,SystemResponseTime_Success,2773.944909354027
81200.0,Varchi,BusyServers,1.0
81200.0,Varchi,TimeQueue,2.903480694031332
81200.0,Varchi,TimeService,13.482812845979725
81200.0,Varchi,NumQueue,0.0
81600.0,TraceDetection,TimeTotal,127.78655276162836
81600.0,TraceDetection,NumTotal,4.0
81600.0,TraceDetection,SystemResponseTime_Success,2781.537465154941
81600.0,TraceDetection,BusyServers,1.0
81600.0,TraceDetection,TimeQueue,65.95822326933282
81600.0,TraceDetection,TimeService,61.88919504883676
81600.0,TraceDetection,NumQueue,3.0
81600.0,Varchi,TimeTotal,16.386052002793736
81600.0,Varchi,NumTotal,2.0
81600.0,Varchi,SystemResponseTime_Success,2781.537465154941
81600.0,Varchi,BusyServers,2.0
81600.0,Varchi,TimeQueue,2.903926976072255
81600.0,Varchi,TimeService,13.481847501405392
81600.0,Varchi,NumQueue,0.0
81600.0,CheckIn,TimeTotal,108.86579159382617
81600.0,CheckIn,NumTotal,10.0
81600.0,CheckIn,SystemResponseTime_Success,2781.537465154941
81600.0,CheckIn,BusyServers,8.0
81600.0,CheckIn,TimeQueue,4.415722838697094
81600.0,CheckIn,TimeService,104.44116159862129
81600.0,CheckIn,NumQueue,2.0
81600.0,XRay,TimeTotal,2587.3226627598883
81600.0,XRay,NumTotal,505.0
81600.0,XRay,SystemResponseTime_Success,2781.537465154941
81600.0,XRay,BusyServers,6.0
81600.0,XRay,TimeQueue,2538.497866627792
81600.0,XRay,TimeService,49.63163481321147
81600.0,XRay,NumQueue,499.0
81600.0,Recupero,TimeTotal,125.70894858898527
81600.0,Recupero,NumTotal,13.0
81600.0,Recupero,SystemResponseTime_Success,2781.537465154941
81600.0,Recupero,BusyServers,13.0
81600.0,Recupero,TimeQueue,0.0
81600.0,Recupero,TimeService,125.70894858898527
81600.0,Recupero,NumQueue,0.0
82000.0,Recupero,TimeTotal,125.71860392982755
82000.0,Recupero,NumTotal,15.0
82000.0,Recupero,SystemResponseTime_Success,2787.1181359624925
82000.0,Recupero,BusyServers,15.0
82000.0,Recupero,TimeQueue,0.0
82000.0,Recupero,TimeService,125.71860392982755
82000.0,Recupero,NumQueue,0.0
82000.0,TraceDetection,TimeTotal,128.37756755812964
82000.0,TraceDetection,NumTotal,1.0
82000.0,TraceDetection,SystemResponseTime_Success,2787.1181359624925
82000.0,TraceDetection,BusyServers,1.0
82000.0,TraceDetection,TimeQueue,66.54256242066778
82000.0,TraceDetection,TimeService,61.79767010335706
82000.0,TraceDetection,NumQueue,0.0
82000.0,CheckIn,TimeTotal,108.87122103567448
82000.0,CheckIn,NumTotal,7.0
82000.0,CheckIn,SystemResponseTime_Success,2787.1181359624925
82000.0,CheckIn,BusyServers,7.0
82000.0,CheckIn,TimeQueue,4.483077787442954
82000.0,CheckIn,TimeService,104.41660076647166
82000.0,CheckIn,NumQueue,0.0
82000.0,Varchi,TimeTotal,16.382870270805356
82000.0,Varchi,NumTotal,1.0
82000.0,Varchi,SystemResponseTime_Success,2787.1181359624925
82000.0,Varchi,BusyServers,1.0
82000.0,Varchi,TimeQueue,2.9035717526591758
82000.0,Varchi,TimeService,13.479019596748067
82000.0,Varchi,NumQueue,0.0
82000.0,XRay,TimeTotal,2593.1278238632917
82000.0,XRay,NumTotal,511.0
82000.0,XRay,SystemResponseTime_Success,2787.1181359624925
82000.0,XRay,BusyServers,6.0
82000.0,XRay,TimeQueue,2544.2805190881954
82000.0,XRay,TimeService,49.64726576235047
82000.0,XRay,NumQueue,505.0
82400.0,TraceDetection,TimeTotal,128.24409471529728
82400.0,TraceDetection,NumTotal,1.0
82400.0,TraceDetection,SystemResponseTime_Success,2793.759362753786
82400.0,TraceDetection,BusyServers,1.0
82400.0,TraceDetection,TimeQueue,66.33176232852205
82400.0,TraceDetection,TimeService,61.8422142447789
82400.0,TraceDetection,NumQueue,0.0
82400.0,CheckIn,TimeTotal,108.90746017541838
82400.0,CheckIn,NumTotal,8.0
82400.0,CheckIn,SystemResponseTime_Success,2793.759362753786
82400.0,CheckIn,BusyServers,8.0
82400.0,CheckIn,TimeQueue,4.463308787192346
82400.0,CheckIn,TimeService,104.43525147040505
82400.0,CheckIn,NumQueue,0.0
82400.0,Varchi,TimeTotal,16.379122552958744
82400.0,Varchi,NumTotal,1.0
82400.0,Varchi,SystemResponseTime_Success,2793.759362753786
82400.0,Varchi,BusyServers,1.0
82400.0,Varchi,TimeQueue,2.900746362532704
82400.0,Varchi,TimeService,13.478417795604818
82400.0,Varchi,NumQueue,0.0
82400.0,XRay,TimeTotal,2599.488644841983
82400.0,XRay,NumTotal,513.0
82400.0,XRay,SystemResponseTime_Success,2793.759362753786
82400.0,XRay,BusyServers,6.0
82400.0,XRay,TimeQueue,2550.657203782338
82400.0,XRay,TimeService,49.66195541644485
82400.0,XRay,NumQueue,507.0
82400.0,Recupero,TimeTotal,125.72341805530547
82400.0,Recupero,NumTotal,13.0
82400.0,Recupero,SystemResponseTime_Success,2793.759362753786
82400.0,Recupero,BusyServers,13.0
82400.0,Recupero,TimeQueue,0.0
82400.0,Recupero,TimeService,125.72341805530547
82400.0,Recupero,NumQueue,0.0
82800.0,XRay,TimeTotal,2606.10240751921
82800.0,XRay,NumTotal,509.0
82800.0,XRay,SystemResponseTime_Success,2799.7495706412765
82800.0,XRay,BusyServers,6.0
82800.0,XRay,TimeQueue,2557.3077909787826
82800.0,XRay,TimeService,49.66465915894061
82800.0,XRay,NumQueue,503.0
82800.0,CheckIn,TimeTotal,108.89769578740102
82800.0,CheckIn,NumTotal,3.0
82800.0,CheckIn,SystemResponseTime_Success,2799.7495706412765
82800.0,CheckIn,BusyServers,3.0
82800.0,CheckIn,TimeQueue,4.447818870727127
82800.0,CheckIn,TimeService,104.44656670664848
82800.0,CheckIn,NumQueue,0.0
82800.0,Varchi,TimeTotal,16.37197380666446
82800.0,Varchi,NumTotal,0.0
82800.0,Varchi,SystemResponseTime_Success,2799.7495706412765
82800.0,Varchi,BusyServers,0.0
82800.0,Varchi,TimeQueue,2.8950549897030147
82800.0,Varchi,TimeService,13.476918816961286
82800.0,Varchi,NumQueue,0.0
82800.0,TraceDetection,TimeTotal,127.95604117780333
82800.0,TraceDetection,NumTotal,2.0
82800.0,TraceDetection,SystemResponseTime_Success,2799.7495706412765
82800.0,TraceDetection,BusyServers,1.0
82800.0,TraceDetection,TimeQueue,66.12516895398531
82800.0,TraceDetection,TimeService,61.78640590211728
82800.0,TraceDetection,NumQueue,1.0
82800.0,Recupero,TimeTotal,125.71574931141625
82800.0,Recupero,NumTotal,14.0
82800.0,Recupero,SystemResponseTime_Success,2799.7495706412765
82800.0,Recupero,BusyServers,14.0
82800.0,Recupero,TimeQueue,0.0
82800.0,Recupero,TimeService,125.71574931141625
82800.0,Recupero,NumQueue,0.0
83200.0,CheckIn,TimeTotal,108.8708519682949
83200.0,CheckIn,NumTotal,6.0
83200.0,CheckIn,SystemResponseTime_Success,2806.9219860581875
83200.0,CheckIn,BusyServers,6.0
83200.0,CheckIn,TimeQueue,4.431756283189028
83200.0,CheckIn,TimeService,104.43275142369488
83200.0,CheckIn,NumQueue,0.0
83200.0,Varchi,TimeTotal,16.37144188252487
83200.0,Varchi,NumTotal,2.0
83200.0,Varchi,SystemResponseTime_Success,2806.9219860581875
83200.0,Varchi,BusyServers,2.0
83200.0,Varchi,TimeQueue,2.894349644023952
83200.0,Varchi,TimeService,13.476543442587982
83200.0,Varchi,NumQueue,0.0
83200.0,Recupero,TimeTotal,125.70823154426262
83200.0,Recupero,NumTotal,14.0
83200.0,Recupero,SystemResponseTime_Success,2806.9219860581875
83200.0,Recupero,BusyServers,14.0
83200.0,Recupero,TimeQueue,0.0
83200.0,Recupero,TimeService,125.70823154426262
83200.0,Recupero,NumQueue,0.0
83200.0,XRay,TimeTotal,2613.2348113211924
83200.0,XRay,NumTotal,507.0
83200.0,XRay,SystemResponseTime_Success,2806.9219860581875
83200.0,XRay,BusyServers,6.0
83200.0,XRay,TimeQueue,2564.475763485528
83200.0,XRay,TimeService,49.67006327997885
83200.0,XRay,NumQueue,501.0
83200.0,TraceDetection,TimeTotal,127.7717609430513
83200.0,TraceDetection,NumTotal,2.0
83200.0,TraceDetection,SystemResponseTime_Success,2806.9219860581875
83200.0,TraceDetection,BusyServers,1.0
83200.0,TraceDetection,TimeQueue,65.970640211941
83200.0,TraceDetection,TimeService,61.78143616482142
83200.0,TraceDetection,NumQueue,1.0
83600.0,CheckIn,TimeTotal,108.85594425613334
83600.0,CheckIn,NumTotal,9.0
83600.0,CheckIn,SystemResponseTime_Success,2813.214833473907
83600.0,CheckIn,BusyServers,8.0
83600.0,CheckIn,TimeQueue,4.415053708532893
83600.0,CheckIn,TimeService,104.43725778749285
83600.0,CheckIn,NumQueue,1.0
83600.0,Recupero,TimeTotal,125.69954900614736
83600.0,Recupero,NumTotal,19.0
83600.0,Recupero,SystemResponseTime_Success,2813.214833473907
83600.0,Recupero,BusyServers,19.0
83600.0,Recupero,TimeQueue,0.0
83600.0,Recupero,TimeService,125.69954900614736
83600.0,Recupero,NumQueue,0.0
83600.0,XRay,TimeTotal,2620.4493547423926
83600.0,XRay,NumTotal,502.0
83600.0,XRay,SystemResponseTime_Success,2813.214833473907
83600.0,XRay,BusyServers,6.0
83600.0,XRay,TimeQueue,2571.696646412134
83600.0,XRay,TimeService,49.68032143906314
83600.0,XRay,NumQueue,496.0
83600.0,Varchi,TimeTotal,16.369526547893475
83600.0,Varchi,NumTotal,1.0
83600.0,Varchi,SystemResponseTime_Success,2813.214833473907
83600.0,Varchi,BusyServers,1.0
83600.0,Varchi,TimeQueue,2.8899718284386786
83600.0,Varchi,TimeService,13.479281823153551
83600.0,Varchi,NumQueue,0.0
83600.0,TraceDetection,TimeTotal,127.77195292898104
83600.0,TraceDetection,NumTotal,1.0
83600.0,TraceDetection,SystemResponseTime_Success,2813.214833473907
83600.0,TraceDetection,BusyServers,1.0
83600.0,TraceDetection,TimeQueue,66.02109847055863
83600.0,TraceDetection,TimeService,61.80425392075138
83600.0,TraceDetection,NumQueue,0.0
84000.0,Recupero,TimeTotal,125.69232321435088
84000.0,Recupero,NumTotal,13.0
84000.0,Recupero,SystemResponseTime_Success,2821.3170144288474
84000.0,Recupero,BusyServers,13.0
84000.0,Recupero,TimeQueue,0.0
84000.0,Recupero,TimeService,125.69232321435088
84000.0,Recupero,NumQueue,0.0
84000.0,XRay,TimeTotal,2627.7771082863737
84000.0,XRay,NumTotal,494.0
84000.0,XRay,SystemResponseTime_Success,2821.3170144288474
84000.0,XRay,BusyServers,6.0
84000.0,XRay,TimeQueue,2579.0357711086485
84000.0,XRay,TimeService,49.68333451770822
84000.0,XRay,NumQueue,488.0
84000.0,Varchi,TimeTotal,16.36954060094843
84000.0,Varchi,NumTotal,2.0
84000.0,Varchi,SystemResponseTime_Success,2821.3170144288474
84000.0,Varchi,BusyServers,2.0
84000.0,Varchi,TimeQueue,2.8882441207161804
84000.0,Varchi,TimeService,13.480753066474659
84000.0,Varchi,NumQueue,0.0
84000.0,TraceDetection,TimeTotal,127.74335471360192
84000.0,TraceDetection,NumTotal,2.0
84000.0,TraceDetection,SystemResponseTime_Success,2821.3170144288474
84000.0,TraceDetection,BusyServers,1.0
84000.0,TraceDetection,TimeQueue,65.88412523721722
84000.0,TraceDetection,TimeService,61.790813977696
84000.0,TraceDetection,NumQueue,1.0
84000.0,CheckIn,TimeTotal,108.83312530993099
84000.0,CheckIn,NumTotal,5.0
84000.0,CheckIn,SystemResponseTime_Success,2821.3170144288474
84000.0,CheckIn,BusyServers,5.0
84000.0,CheckIn,TimeQueue,4.401621604697953
84000.0,CheckIn,TimeService,104.42612143376724
84000.0,CheckIn,NumQueue,0.0
84400.0,Recupero,TimeTotal,125.66984797753314
84400.0,Recupero,NumTotal,13.0
84400.0,Recupero,SystemResponseTime_Success,2828.2863911294908
84400.0,Recupero,BusyServers,13.0
84400.0,Recupero,TimeQueue,0.0
84400.0,Recupero,TimeService,125.66984797753314
84400.0,Recupero,NumQueue,0.0
84400.0,TraceDetection,TimeTotal,127.59360813091064
84400.0,TraceDetection,NumTotal,3.0
84400.0,TraceDetection,SystemResponseTime_Success,2828.2863911294908
84400.0,TraceDetection,BusyServers,1.0
84400.0,TraceDetection,TimeQueue,65.76448827956204
84400.0,TraceDetection,TimeService,61.858075908351985
84400.0,TraceDetection,NumQueue,2.0
84400.0,XRay,TimeTotal,2634.9186945701485
84400.0,XRay,NumTotal,500.0
84400.0,XRay,SystemResponseTime_Success,2828.2863911294908
84400.0,XRay,BusyServers,6.0
84400.0,XRay,TimeQueue,2586.1966439280436
84400.0,XRay,TimeService,49.693196512135785
84400.0,XRay,NumQueue,494.0
84400.0,CheckIn,TimeTotal,108.84840017874217
84400.0,CheckIn,NumTotal,11.0
84400.0,CheckIn,SystemResponseTime_Success,2828.2863911294908
84400.0,CheckIn,BusyServers,8.0
84400.0,CheckIn,TimeQueue,4.402294957006361
84400.0,CheckIn,TimeService,104.45343875258335
84400.0,CheckIn,NumQueue,3.0
84400.0,Varchi,TimeTotal,16.364101404525517
84400.0,Varchi,NumTotal,3.0
84400.0,Varchi,SystemResponseTime_Success,2828.2863911294908
84400.0,Varchi,BusyServers,2.0
84400.0,Varchi,TimeQueue,2.885616406403771
84400.0,Varchi,TimeService,13.478260818255025
84400.0,Varchi,NumQueue,1.0
84800.0,Varchi,TimeTotal,16.364733512245007
84800.0,Varchi,NumTotal,3.0
84800.0,Varchi,SystemResponseTime_Success,2836.047782142039
84800.0,Varchi,BusyServers,2.0
84800.0,Varchi,TimeQueue,2.8853326013432774
84800.0,Varchi,TimeService,13.47886300400348
84800.0,Varchi,NumQueue,1.0
84800.0,Recupero,TimeTotal,125.67388055663973
84800.0,Recupero,NumTotal,14.0
84800.0,Recupero,SystemResponseTime_Success,2836.047782142039
84800.0,Recupero,BusyServers,14.0
84800.0,Recupero,TimeQueue,0.0
84800.0,Recupero,TimeService,125.67388055663973
84800.0,Recupero,NumQueue,0.0
84800.0,TraceDetection,TimeTotal,128.16621851722704
84800.0,TraceDetection,NumTotal,4.0
84800.0,TraceDetection,SystemResponseTime_Success,2836.047782142039
84800.0,TraceDetection,BusyServers,1.0
84800.0,TraceDetection,TimeQueue,66.4570748726144
84800.0,TraceDetection,TimeService,61.85271248395155
84800.0,TraceDetection,NumQueue,3.0
84800.0,XRay,TimeTotal,2642.9704742541626
84800.0,XRay,NumTotal,496.0
84800.0,XRay,SystemResponseTime_Success,2836.047782142039
84800.0,XRay,BusyServers,6.0
84800.0,XRay,TimeQueue,2594.2415226791927
84800.0,XRay,TimeService,49.67993651462022
84800.0,XRay,NumQueue,490.0
84800.0,CheckIn,TimeTotal,108.89766136378154
84800.0,CheckIn,NumTotal,6.0
84800.0,CheckIn,SystemResponseTime_Success,2836.047782142039
84800.0,CheckIn,BusyServers,6.0
84800.0,CheckIn,TimeQueue,4.446514164435267
84800.0,CheckIn,TimeService,104.44469674359512
84800.0,CheckIn,NumQueue,0.0
85200.0,CheckIn,TimeTotal,108.8948256270755
85200.0,CheckIn,NumTotal,7.0
85200.0,CheckIn,SystemResponseTime_Success,2843.6891952227484
85200.0,CheckIn,BusyServers,7.0
85200.0,CheckIn,TimeQueue,4.421959584415576
85200.0,CheckIn,TimeService,104.46542166625515
85200.0,CheckIn,NumQueue,0.0
85200.0,Recupero,TimeTotal,125.64304013734603
85200.0,Recupero,NumTotal,18.0
85200.0,Recupero,SystemResponseTime_Success,2843.6891952227484
85200.0,Recupero,BusyServers,18.0
85200.0,Recupero,TimeQueue,0.0
85200.0,Recupero,TimeService,125.64304013734603
85200.0,Recupero,NumQueue,0.0
85200.0,Varchi,TimeTotal,16.364003644008783
85200.0,Varchi,NumTotal,1.0
85200.0,Varchi,SystemResponseTime_Success,2843.6891952227484
85200.0,Varchi,BusyServers,1.0
85200.0,Varchi,TimeQueue,2.8850568388886204
85200.0,Varchi,TimeService,13.478679224259409
85200.0,Varchi,NumQueue,0.0
85200.0,XRay,TimeTotal,2650.6936313329597
85200.0,XRay,NumTotal,501.0
85200.0,XRay,SystemResponseTime_Success,2843.6891952227484
85200.0,XRay,BusyServers,6.0
85200.0,XRay,TimeQueue,2601.9459019691376
85200.0,XRay,TimeService,49.68383291754592
85200.0,XRay,NumQueue,495.0
85200.0,TraceDetection,TimeTotal,128.74578637583272
85200.0,TraceDetection,NumTotal,1.0
85200.0,TraceDetection,SystemResponseTime_Success,2843.6891952227484
85200.0,TraceDetection,BusyServers,1.0
85200.0,TraceDetection,TimeQueue,66.89149329135937
85200.0,TraceDetection,TimeService,61.88432981716245
85200.0,TraceDetection,NumQueue,0.0
85600.0,CheckIn,TimeTotal,108.84519968355805
85600.0,CheckIn,NumTotal,13.0
85600.0,CheckIn,SystemResponseTime_Success,2851.411368487272
85600.0,CheckIn,BusyServers,8.0
85600.0,CheckIn,TimeQueue,4.424333556329971
85600.0,CheckIn,TimeService,104.43805403409861
85600.0,CheckIn,NumQueue,5.0
85600.0,Varchi,TimeTotal,16.363523262461634
85600.0,Varchi,NumTotal,1.0
85600.0,Varchi,SystemResponseTime_Success,2851.411368487272
85600.0,Varchi,BusyServers,1.0
85600.0,Varchi,TimeQueue,2.8856723231092274
85600.0,Varchi,TimeService,13.478372844072807
85600.0,Varchi,NumQueue,0.0
85600.0,TraceDetection,TimeTotal,128.6868957967729
85600.0,TraceDetection,NumTotal,3.0
85600.0,TraceDetection,SystemResponseTime_Success,2851.411368487272
85600.0,TraceDetection,BusyServers,1.0
85600.0,TraceDetection,TimeQueue,66.72403072185232
85600.0,TraceDetection,TimeService,61.894987118947164
85600.0,TraceDetection,NumQueue,2.0
85600.0,Recupero,TimeTotal,125.63881501325997
85600.0,Recupero,NumTotal,15.0
85600.0,Recupero,SystemResponseTime_Success,2851.411368487272
85600.0,Recupero,BusyServers,15.0
85600.0,Recupero,TimeQueue,0.0
85600.0,Recupero,TimeService,125.63881501325997
85600.0,Recupero,NumQueue,0.0
85600.0,XRay,TimeTotal,2658.1829150517005
85600.0,XRay,NumTotal,509.0
85600.0,XRay,SystemResponseTime_Success,2851.411368487272
85600.0,XRay,BusyServers,6.0
85600.0,XRay,TimeQueue,2609.438268375973
85600.0,XRay,TimeService,49.67426285470059
85600.0,XRay,NumQueue,503.0
86000.0,Recupero,TimeTotal,125.66695577981321
86000.0,Recupero,NumTotal,15.0
86000.0,Recupero,SystemResponseTime_Success,2858.6240096918123
86000.0,Recupero,BusyServers,15.0
86000.0,Recupero,TimeQueue,0.0
86000.0,Recupero,TimeService,125.66695577981321
86000.0,Recupero,NumQueue,0.0
86000.0,XRay,TimeTotal,2665.638575565152
86000.0,XRay,NumTotal,519.0
86000.0,XRay,SystemResponseTime_Success,2858.6240096918123
86000.0,XRay,BusyServers,6.0
86000.0,XRay,TimeQueue,2616.8842594138237
86000.0,XRay,TimeService,49.68458044017934
86000.0,XRay,NumQueue,513.0
86000.0,Varchi,TimeTotal,16.373104397488866
86000.0,Varchi,NumTotal,3.0
86000.0,Varchi,SystemResponseTime_Success,2858.6240096918123
86000.0,Varchi,BusyServers,3.0
86000.0,Varchi,TimeQueue,2.8926384890660057
86000.0,Varchi,TimeService,13.480248118086909
86000.0,Varchi,NumQueue,0.0
86000.0,CheckIn,TimeTotal,109.40918291103091
86000.0,CheckIn,NumTotal,14.0
86000.0,CheckIn,SystemResponseTime_Success,2858.6240096918123
86000.0,CheckIn,BusyServers,8.0
86000.0,CheckIn,TimeQueue,5.138613468001614
86000.0,CheckIn,TimeService,104.47418069854696
86000.0,CheckIn,NumQueue,6.0
86000.0,TraceDetection,TimeTotal,128.77808304421674
86000.0,TraceDetection,NumTotal,5.0
86000.0,TraceDetection,SystemResponseTime_Success,2858.6240096918123
86000.0,TraceDetection,BusyServers,1.0
86000.0,TraceDetection,TimeQueue,67.01823323858827
86000.0,TraceDetection,TimeService,61.921173069176554
86000.0,TraceDetection,NumQueue,4.0
86400.0,CheckIn,TimeTotal,109.77522493324281
86400.0,CheckIn,NumTotal,9.0
86400.0,CheckIn,SystemResponseTime_Success,2865.5754546591606
86400.0,CheckIn,BusyServers,8.0
86400.0,CheckIn,TimeQueue,5.311957912330025
86400.0,CheckIn,TimeService,104.45439782079582
86400.0,CheckIn,NumQueue,1.0
86400.0,Varchi,TimeTotal,16.37160549338941
86400.0,Varchi,NumTotal,2.0
86400.0,Varchi,SystemResponseTime_Success,2865.5754546591606
86400.0,Varchi,BusyServers,2.0
86400.0,Varchi,TimeQueue,2.891756900407903
86400.0,Varchi,TimeService,13.479320562870798
86400.0,Varchi,NumQueue,0.0
86400.0,Recupero,TimeTotal,125.65107995581985
86400.0,Recupero,NumTotal,12.0
86400.0,Recupero,SystemResponseTime_Success,2865.5754546591606
86400.0,Recupero,BusyServers,12.0
86400.0,Recupero,TimeQueue,0.0
86400.0,Recupero,TimeService,125.65107995581985
86400.0,Recupero,NumQueue,0.0
86400.0,XRay,TimeTotal,2672.2364428253845
86400.0,XRay,NumTotal,533.0
86400.0,XRay,SystemResponseTime_Success,2865.5754546591606
86400.0,XRay,BusyServers,6.0
86400.0,XRay,TimeQueue,2623.4629269775505
86400.0,XRay,TimeService,49.69993593543784
86400.0,XRay,NumQueue,527.0
86400.0,TraceDetection,TimeTotal,130.04989459190438
86400.0,TraceDetection,NumTotal,7.0
86400.0,TraceDetection,SystemResponseTime_Success,2865.5754546591606
86400.0,TraceDetection,BusyServers,1.0
86400.0,TraceDetection,TimeQueue,68.39039897338463
86400.0,TraceDetection,TimeService,61.90905411236867
86400.0,TraceDetection,NumQueue,6.0
86800.0,CheckIn,TimeTotal,109.75445894706405
86800.0,CheckIn,NumTotal,8.0
86800.0,CheckIn,SystemResponseTime_Success,2872.874643178066
86800.0,CheckIn,BusyServers,8.0
86800.0,CheckIn,TimeQueue,5.299646267131649
86800.0,CheckIn,TimeService,104.44485561789922
86800.0,CheckIn,NumQueue,0.0
86800.0,XRay,TimeTotal,2679.7227753348543
86800.0,XRay,NumTotal,539.0
86800.0,XRay,SystemResponseTime_Success,2872.874643178066
86800.0,XRay,BusyServers,6.0
86800.0,XRay,TimeQueue,2630.939212084384
86800.0,XRay,TimeService,49.6882899218543
86800.0,XRay,NumQueue,533.0
86800.0,Varchi,TimeTotal,16.37313797973093
86800.0,Varchi,NumTotal,1.0
86800.0,Varchi,SystemResponseTime_Success,2872.874643178066
86800.0,Varchi,BusyServers,1.0
86800.0,Varchi,TimeQueue,2.895060877739457
86800.0,Varchi,TimeService,13.478548271938685
86800.0,Varchi,NumQueue,0.0
86800.0,TraceDetection,TimeTotal,132.18302888679318
86800.0,TraceDetection,NumTotal,5.0
86800.0,TraceDetection,SystemResponseTime_Success,2872.874643178066
86800.0,TraceDetection,BusyServers,1.0
86800.0,TraceDetection,TimeQueue,70.56925303567459
86800.0,TraceDetection,TimeService,61.935601871706005
86800.0,TraceDetection,NumQueue,4.0
86800.0,Recupero,TimeTotal,125.642821776196
86800.0,Recupero,NumTotal,16.0
86800.0,Recupero,SystemResponseTime_Success,2872.874643178066
86800.0,Recupero,BusyServers,16.0
86800.0,Recupero,TimeQueue,0.0
86800.0,Recupero,TimeService,125.642821776196
86800.0,Recupero,NumQueue,0.0
87200.0,Recupero,TimeTotal,125.60937198349116
87200.0,Recupero,NumTotal,12.0
87200.0,Recupero,SystemResponseTime_Success,2881.194149443089
87200.0,Recupero,BusyServers,12.0
87200.0,Recupero,TimeQueue,0.0
87200.0,Recupero,TimeService,125.60937198349116
87200.0,Recupero,NumQueue,0.0
87200.0,CheckIn,TimeTotal,109.74764334806966
87200.0,CheckIn,NumTotal,8.0
87200.0,CheckIn,SystemResponseTime_Success,2881.194149443089
87200.0,CheckIn,BusyServers,8.0
87200.0,CheckIn,TimeQueue,5.279397123090274
87200.0,CheckIn,TimeService,104.45836896188656
87200.0,CheckIn,NumQueue,0.0
87200.0,XRay,TimeTotal,2686.606637764218
87200.0,XRay,NumTotal,542.0
87200.0,XRay,SystemResponseTime_Success,2881.194149443089
87200.0,XRay,BusyServers,6.0
87200.0,XRay,TimeQueue,2637.790619239542
87200.0,XRay,TimeService,49.70847469380014
87200.0,XRay,NumQueue,536.0
87200.0,TraceDetection,TimeTotal,133.48681096535677
87200.0,TraceDetection,NumTotal,1.0
87200.0,TraceDetection,SystemResponseTime_Success,2881.194149443089
87200.0,TraceDetection,BusyServers,1.0
87200.0,TraceDetection,TimeQueue,71.58955870314539
87200.0,TraceDetection,TimeService,61.885393056400424
87200.0,TraceDetection,NumQueue,0.0
87200.0,Varchi,TimeTotal,16.37066365660938
87200.0,Varchi,NumTotal,8.0
87200.0,Varchi,SystemResponseTime_Success,2881.194149443089
87200.0,Varchi,BusyServers,4.0
87200.0,Varchi,TimeQueue,2.8917816279737227
87200.0,Varchi,TimeService,13.479225198739682
87200.0,Varchi,NumQueue,4.0
87600.0,TraceDetection,TimeTotal,133.24824786305032
87600.0,TraceDetection,NumTotal,1.0
87600.0,TraceDetection,SystemResponseTime_Success,2888.404923086699
87600.0,TraceDetection,BusyServers,1.0
87600.0,TraceDetection,TimeQueue,71.3071541323243
87600.0,TraceDetection,TimeService,61.87070167333965
87600.0,TraceDetection,NumQueue,0.0
87600.0,CheckIn,TimeTotal,109.70648662654932
87600.0,CheckIn,NumTotal,6.0
87600.0,CheckIn,SystemResponseTime_Success,2888.404923086699
87600.0,CheckIn,BusyServers,6.0
87600.0,CheckIn,TimeQueue,5.254013939820949
87600.0,CheckIn,TimeService,104.446733771824
87600.0,CheckIn,NumQueue,0.0
87600.0,XRay,TimeTotal,2693.819788676738
87600.0,XRay,NumTotal,545.0
87600.0,XRay,SystemResponseTime_Success,2888.404923086699
87600.0,XRay,BusyServers,6.0
87600.0,XRay,TimeQueue,2644.979942007454
87600.0,XRay,TimeService,49.69568012749887
87600.0,XRay,NumQueue,539.0
87600.0,Recupero,TimeTotal,125.58283100754477
87600.0,Recupero,NumTotal,14.0
87600.0,Recupero,SystemResponseTime_Success,2888.404923086699
87600.0,Recupero,BusyServers,14.0
87600.0,Recupero,TimeQueue,0.0
87600.0,Recupero,TimeService,125.58283100754477
87600.0,Recupero,NumQueue,0.0
87600.0,Varchi,TimeTotal,16.372237439822587
87600.0,Varchi,NumTotal,3.0
87600.0,Varchi,SystemResponseTime_Success,2888.404923086699
87600.0,Varchi,BusyServers,2.0
87600.0,Varchi,TimeQueue,2.8929068144577275
87600.0,Varchi,TimeService,13.478809943792617
87600.0,Varchi,NumQueue,1.0
88000.0,Varchi,TimeTotal,16.369748057579727
88000.0,Varchi,NumTotal,5.0
88000.0,Varchi,SystemResponseTime_Success,2894.9565649568094
88000.0,Varchi,BusyServers,3.0
88000.0,Varchi,TimeQueue,2.8905502959197378
88000.0,Varchi,TimeService,13.478420662377843
88000.0,Varchi,NumQueue,2.0
88000.0,TraceDetection,TimeTotal,133.14291590440322
88000.0,TraceDetection,NumTotal,0.0
88000.0,TraceDetection,SystemResponseTime_Success,2894.9565649568094
88000.0,TraceDetection,BusyServers,0.0
88000.0,TraceDetection,TimeQueue,71.23690077849935
88000.0,TraceDetection,TimeService,61.90601512590384
88000.0,TraceDetection,NumQueue,0.0
88000.0,XRay,TimeTotal,2699.9728403082245
88000.0,XRay,NumTotal,548.0
88000.0,XRay,SystemResponseTime_Success,2894.9565649568094
88000.0,XRay,BusyServers,6.0
88000.0,XRay,TimeQueue,2651.1282586515017
88000.0,XRay,TimeService,49.70881054220161
88000.0,XRay,NumQueue,542.0
88000.0,Recupero,TimeTotal,125.5370416209457
88000.0,Recupero,NumTotal,11.0
88000.0,Recupero,SystemResponseTime_Success,2894.9565649568094
88000.0,Recupero,BusyServers,11.0
88000.0,Recupero,TimeQueue,0.0
88000.0,Recupero,TimeService,125.5370416209457
88000.0,Recupero,NumQueue,0.0
88000.0,CheckIn,TimeTotal,109.66286498351255
88000.0,CheckIn,NumTotal,5.0
88000.0,CheckIn,SystemResponseTime_Success,2894.9565649568094
88000.0,CheckIn,BusyServers,5.0
88000.0,CheckIn,TimeQueue,5.230932722513065
88000.0,CheckIn,TimeService,104.42587794071878
88000.0,CheckIn,NumQueue,0.0
88400.0,CheckIn,TimeTotal,109.65948739983115
88400.0,CheckIn,NumTotal,2.0
88400.0,CheckIn,SystemResponseTime_Success,2901.49849555655
88400.0,CheckIn,BusyServers,2.0
88400.0,CheckIn,TimeQueue,5.230742707361865
88400.0,CheckIn,TimeService,104.42633587703878
88400.0,CheckIn,NumQueue,0.0
88400.0,Varchi,TimeTotal,16.365493942372435
88400.0,Varchi,NumTotal,0.0
88400.0,Varchi,SystemResponseTime_Success,2901.49849555655
88400.0,Varchi,BusyServers,0.0
88400.0,Varchi,TimeQueue,2.8896960283233204
88400.0,Varchi,TimeService,13.47579791404896
88400.0,Varchi,NumQueue,0.0
88400.0,TraceDetection,TimeTotal,133.02834117327458
88400.0,TraceDetection,NumTotal,0.0
88400.0,TraceDetection,SystemResponseTime_Success,2901.49849555655
88400.0,TraceDetection,BusyServers,0.0
88400.0,TraceDetection,TimeQueue,71.12431128493392
88400.0,TraceDetection,TimeService,61.90402988834064
88400.0,TraceDetection,NumQueue,0.0
88400.0,Recupero,TimeTotal,125.51873113469286
88400.0,Recupero,NumTotal,16.0
88400.0,Recupero,SystemResponseTime_Success,2901.49849555655
88400.0,Recupero,BusyServers,16.0
88400.0,Recupero,TimeQueue,0.0
88400.0,Recupero,TimeService,125.51873113469286
88400.0,Recupero,NumQueue,0.0
88400.0,XRay,TimeTotal,2707.156651823564
88400.0,XRay,NumTotal,561.0
88400.0,XRay,SystemResponseTime_Success,2901.49849555655
88400.0,XRay,BusyServers,6.0
88400.0,XRay,TimeQueue,2658.2860211857615
88400.0,XRay,TimeService,49.703980833738804
88400.0,XRay,NumQueue,555.0
88800.0,CheckIn,TimeTotal,109.5866560906949
88800.0,CheckIn,NumTotal,5.0
88800.0,CheckIn,SystemResponseTime_Success,2907.951222229794
88800.0,CheckIn,BusyServers,5.0
88800.0,CheckIn,TimeQueue,5.203568625890228
88800.0,CheckIn,TimeService,104.37712690509575
88800.0,CheckIn,NumQueue,0.0
88800.0,TraceDetection,TimeTotal,132.95311317358053
88800.0,TraceDetection,NumTotal,1.0
88800.0,TraceDetection,SystemResponseTime_Success,2907.951222229794
88800.0,TraceDetection,BusyServers,1.0
88800.0,TraceDetection,TimeQueue,71.10855198355215
88800.0,TraceDetection,TimeService,61.90684773961466
88800.0,TraceDetection,NumQueue,0.0
88800.0,Varchi,TimeTotal,16.36434424140299
88800.0,Varchi,NumTotal,1.0
88800.0,Varchi,SystemResponseTime_Success,2907.951222229794
88800.0,Varchi,BusyServers,1.0
88800.0,Varchi,TimeQueue,2.888460233201646
88800.0,Varchi,TimeService,13.475627734557929
88800.0,Varchi,NumQueue,0.0
88800.0,XRay,TimeTotal,2713.9200439922756
88800.0,XRay,NumTotal,561.0
88800.0,XRay,SystemResponseTime_Success,2907.951222229794
88800.0,XRay,BusyServers,6.0
88800.0,XRay,TimeQueue,2665.041004178261
88800.0,XRay,TimeService,49.70284616722144
88800.0,XRay,NumQueue,555.0
88800.0,Recupero,TimeTotal,125.51994578269601
88800.0,Recupero,NumTotal,17.0
88800.0,Recupero,SystemResponseTime_Success,2907.951222229794
88800.0,Recupero,BusyServers,17.0
88800.0,Recupero,TimeQueue,0.0
88800.0,Recupero,TimeService,125.51994578269601
88800.0,Recupero,NumQueue,0.0
89200.0,TraceDetection,TimeTotal,132.80084436756687
89200.0,TraceDetection,NumTotal,2.0
89200.0,TraceDetection,SystemResponseTime_Success,2914.857786046095
89200.0,TraceDetection,BusyServers,1.0
89200.0,TraceDetection,TimeQueue,70.89365926913705
89200.0,TraceDetection,TimeService,61.891269830556965
89200.0,TraceDetection,NumQueue,1.0
89200.0,CheckIn,TimeTotal,109.50524327735684
89200.0,CheckIn,NumTotal,5.0
89200.0,CheckIn,SystemResponseTime_Success,2914.857786046095
89200.0,CheckIn,BusyServers,5.0
89200.0,CheckIn,TimeQueue,5.1804329553543855
89200.0,CheckIn,TimeService,104.31890602184819
89200.0,CheckIn,NumQueue,0.0
89200.0,XRay,TimeTotal,2720.5148460573064
89200.0,XRay,NumTotal,568.0
89200.0,XRay,SystemResponseTime_Success,2914.857786046095
89200.0,XRay,BusyServers,6.0
89200.0,XRay,TimeQueue,2671.6421613149955
89200.0,XRay,TimeService,49.71279973745922
89200.0,XRay,NumQueue,562.0
89200.0,Varchi,TimeTotal,16.359554240607796
89200.0,Varchi,NumTotal,1.0
89200.0,Varchi,SystemResponseTime_Success,2914.857786046095
89200.0,Varchi,BusyServers,1.0
89200.0,Varchi,TimeQueue,2.883819383476351
89200.0,Varchi,TimeService,13.47548023772606
89200.0,Varchi,NumQueue,0.0
89200.0,Recupero,TimeTotal,125.49291303124005
89200.0,Recupero,NumTotal,12.0
89200.0,Recupero,SystemResponseTime_Success,2914.857786046095
89200.0,Recupero,BusyServers,12.0
89200.0,Recupero,TimeQueue,0.0
89200.0,Recupero,TimeService,125.49291303124005
89200.0,Recupero,NumQueue,0.0
89600.0,CheckIn,TimeTotal,109.48042344258357
89600.0,CheckIn,NumTotal,7.0
89600.0,CheckIn,SystemResponseTime_Success,2921.0731640626896
89600.0,CheckIn,BusyServers,7.0
89600.0,CheckIn,TimeQueue,5.1584803699547255
89600.0,CheckIn,TimeService,104.31527893862977
89600.0,CheckIn,NumQueue,0.0
89600.0,XRay,TimeTotal,2726.9352201914944
89600.0,XRay,NumTotal,571.0
89600.0,XRay,SystemResponseTime_Success,2921.0731640626896
89600.0,XRay,BusyServers,6.0
89600.0,XRay,TimeQueue,2678.069546843317
89600.0,XRay,TimeService,49.713329391551035
89600.0,XRay,NumQueue,565.0
89600.0,Varchi,TimeTotal,16.358123239746746
89600.0,Varchi,NumTotal,5.0
89600.0,Varchi,SystemResponseTime_Success,2921.0731640626896
89600.0,Varchi,BusyServers,3.0
89600.0,Varchi,TimeQueue,2.8839378924826025
89600.0,Varchi,TimeService,13.47480812614231
89600.0,Varchi,NumQueue,2.0
89600.0,TraceDetection,TimeTotal,132.56689617039447
89600.0,TraceDetection,NumTotal,2.0
89600.0,TraceDetection,SystemResponseTime_Success,2921.0731640626896
89600.0,TraceDetection,BusyServers,1.0
89600.0,TraceDetection,TimeQueue,70.71511168781748
89600.0,TraceDetection,TimeService,61.82447481198704
89600.0,TraceDetection,NumQueue,1.0
89600.0,Recupero,TimeTotal,125.4397002329745
89600.0,Recupero,NumTotal,14.0
89600.0,Recupero,SystemResponseTime_Success,2921.0731640626896
89600.0,Recupero,BusyServers,14.0
89600.0,Recupero,TimeQueue,0.0
89600.0,Recupero,TimeService,125.4397002329745
89600.0,Recupero,NumQueue,0.0
90000.0,CheckIn,TimeTotal,109.47366952984028
90000.0,CheckIn,NumTotal,5.0
90000.0,CheckIn,SystemResponseTime_Success,2927.6334952819443
90000.0,CheckIn,BusyServers,5.0
90000.0,CheckIn,TimeQueue,5.136360955143365
90000.0,CheckIn,TimeService,104.33150608830385
90000.0,CheckIn,NumQueue,0.0
90000.0,XRay,TimeTotal,2733.8850499932264
90000.0,XRay,NumTotal,577.0
90000.0,XRay,SystemResponseTime_Success,2927.6334952819443
90000.0,XRay,BusyServers,6.0
90000.0,XRay,TimeQueue,2685.050081185511
90000.0,XRay,TimeService,49.71381015214493
90000.0,XRay,NumQueue,571.0
90000.0,Varchi,TimeTotal,16.36270580518409
90000.0,Varchi,NumTotal,2.0
90000.0,Varchi,SystemResponseTime_Success,2927.6334952819443
90000.0,Varchi,BusyServers,1.0
90000.0,Varchi,TimeQueue,2.888030883706232
90000.0,Varchi,TimeService,13.475524413379215
90000.0,Varchi,NumQueue,1.0
90000.0,TraceDetection,TimeTotal,132.95841536415298
90000.0,TraceDetection,NumTotal,2.0
90000.0,TraceDetection,SystemResponseTime_Success,2927.6334952819443
90000.0,TraceDetection,BusyServers,1.0
90000.0,TraceDetection,TimeQueue,71.10289565510548
90000.0,TraceDetection,TimeService,61.89215392892069
90000.0,TraceDetection,NumQueue,1.0
90000.0,Recupero,TimeTotal,125.46034651419009
90000.0,Recupero,NumTotal,17.0
90000.0,Recupero,SystemResponseTime_Success,2927.6334952819443
90000.0,Recupero,BusyServers,17.0
90000.0,Recupero,TimeQueue,0.0
90000.0,Recupero,TimeService,125.46034651419009
90000.0,Recupero,NumQueue,0.0
90400.0,XRay,TimeTotal,2741.327354795356
90400.0,XRay,NumTotal,578.0
90400.0,XRay,SystemResponseTime_Success,2935.8704598605495
90400.0,XRay,BusyServers,6.0
90400.0,XRay,TimeQueue,2692.5118232009263
90400.0,XRay,TimeService,49.70599288464042
90400.0,XRay,NumQueue,572.0
90400.0,TraceDetection,TimeTotal,133.054849591428
90400.0,TraceDetection,NumTotal,3.0
90400.0,TraceDetection,SystemResponseTime_Success,2935.8704598605495
90400.0,TraceDetection,BusyServers,1.0
90400.0,TraceDetection,TimeQueue,71.12852051270015
90400.0,TraceDetection,TimeService,61.87956167699333
90400.0,TraceDetection,NumQueue,2.0
90400.0,CheckIn,TimeTotal,109.45886664509929
90400.0,CheckIn,NumTotal,5.0
90400.0,CheckIn,SystemResponseTime_Success,2935.8704598605495
90400.0,CheckIn,BusyServers,5.0
90400.0,CheckIn,TimeQueue,5.117880681861986
90400.0,CheckIn,TimeService,104.33522517903891
90400.0,CheckIn,NumQueue,0.0
90400.0,Recupero,TimeTotal,125.45978274966868
90400.0,Recupero,NumTotal,11.0
90400.0,Recupero,SystemResponseTime_Success,2935.8704598605495
90400.0,Recupero,BusyServers,11.0
90400.0,Recupero,TimeQueue,0.0
90400.0,Recupero,TimeService,125.45978274966868
90400.0,Recupero,NumQueue,0.0
90400.0,Varchi,TimeTotal,16.3665812368897
90400.0,Varchi,NumTotal,2.0
90400.0,Varchi,SystemResponseTime_Success,2935.8704598605495
90400.0,Varchi,BusyServers,2.0
90400.0,Varchi,TimeQueue,2.8885390971115985
90400.0,Varchi,TimeService,13.477538909970079
90400.0,Varchi,NumQueue,0.0
90800.0,Recupero,TimeTotal,125.44249245160775
90800.0,Recupero,NumTotal,18.0
90800.0,Recupero,SystemResponseTime_Success,2942.6036222397147
90800.0,Recupero,BusyServers,18.0
90800.0,Recupero,TimeQueue,0.0
90800.0,Recupero,TimeService,125.44249245160775
90800.0,Recupero,NumQueue,0.0
90800.0,TraceDetection,TimeTotal,133.04470503852642
90800.0,TraceDetection,NumTotal,1.0
90800.0,TraceDetection,SystemResponseTime_Success,2942.6036222397147
90800.0,TraceDetection,BusyServers,1.0
90800.0,TraceDetection,TimeQueue,71.22172452124813
90800.0,TraceDetection,TimeService,61.759313377984306
90800.0,TraceDetection,NumQueue,0.0
90800.0,XRay,TimeTotal,2748.6690680051897
90800.0,XRay,NumTotal,581.0
90800.0,XRay,SystemResponseTime_Success,2942.6036222397147
90800.0,XRay,BusyServers,6.0
90800.0,XRay,TimeQueue,2699.869525782676
90800.0,XRay,TimeService,49.69969715607905
90800.0,XRay,NumQueue,575.0
90800.0,Varchi,TimeTotal,16.359764321476916
90800.0,Varchi,NumTotal,3.0
90800.0,Varchi,SystemResponseTime_Success,2942.6036222397147
90800.0,Varchi,BusyServers,2.0
90800.0,Varchi,TimeQueue,2.884401099176886
90800.0,Varchi,TimeService,13.47486302268153
90800.0,Varchi,NumQueue,1.0
90800.0,CheckIn,TimeTotal,109.45709621216572
90800.0,CheckIn,NumTotal,4.0
90800.0,CheckIn,SystemResponseTime_Success,2942.6036222397147
90800.0,CheckIn,BusyServers,4.0
90800.0,CheckIn,TimeQueue,5.096107342642242
90800.0,CheckIn,TimeService,104.35642041829745
90800.0,CheckIn,NumQueue,0.0
91200.0,Varchi,TimeTotal,16.365129430139554
91200.0,Varchi,NumTotal,1.0
91200.0,Varchi,SystemResponseTime_Success,2951.011446963423
91200.0,Varchi,BusyServers,1.0
91200.0,Varchi,TimeQueue,2.8882911654234498
91200.0,Varchi,TimeService,13.476588973229216
91200.0,Varchi,NumQueue,0.0
91200.0,XRay,TimeTotal,2756.8733024083595
91200.0,XRay,NumTotal,579.0
91200.0,XRay,SystemResponseTime_Success,2951.011446963423
91200.0,XRay,BusyServers,6.0
91200.0,XRay,TimeQueue,2708.091249403647
91200.0,XRay,TimeService,49.672086558635684
91200.0,XRay,NumQueue,573.0
91200.0,TraceDetection,TimeTotal,132.78764090267134
91200.0,TraceDetection,NumTotal,2.0
91200.0,TraceDetection,SystemResponseTime_Success,2951.011446963423
91200.0,TraceDetection,BusyServers,1.0
91200.0,TraceDetection,TimeQueue,71.0692042048135
91200.0,TraceDetection,TimeService,61.773110976139705
91200.0,TraceDetection,NumQueue,1.0
91200.0,CheckIn,TimeTotal,109.50406111748877
91200.0,CheckIn,NumTotal,3.0
91200.0,CheckIn,SystemResponseTime_Success,2951.011446963423
91200.0,CheckIn,BusyServers,3.0
91200.0,CheckIn,TimeQueue,5.152063806356588
91200.0,CheckIn,TimeService,104.34855265068666
91200.0,CheckIn,NumQueue,0.0
91200.0,Recupero,TimeTotal,125.46677885444925
91200.0,Recupero,NumTotal,18.0
91200.0,Recupero,SystemResponseTime_Success,2951.011446963423
91200.0,Recupero,BusyServers,18.0
91200.0,Recupero,TimeQueue,0.0
91200.0,Recupero,TimeService,125.46677885444925
91200.0,Recupero,NumQueue,0.0
91600.0,XRay,TimeTotal,2763.627882733388
91600.0,XRay,NumTotal,581.0
91600.0,XRay,SystemResponseTime_Success,2957.889349028115
91600.0,XRay,BusyServers,6.0
91600.0,XRay,TimeQueue,2714.8668372282827
91600.0,XRay,TimeService,49.682279093490116
91600.0,XRay,NumQueue,575.0
91600.0,Recupero,TimeTotal,125.45161865620838
91600.0,Recupero,NumTotal,15.0
91600.0,Recupero,SystemResponseTime_Success,2957.889349028115
91600.0,Recupero,BusyServers,15.0
91600.0,Recupero,TimeQueue,0.0
91600.0,Recupero,TimeService,125.45161865620838
91600.0,Recupero,NumQueue,0.0
91600.0,Varchi,TimeTotal,16.35964584816962
91600.0,Varchi,NumTotal,0.0
91600.0,Varchi,SystemResponseTime_Success,2957.889349028115
91600.0,Varchi,BusyServers,0.0
91600.0,Varchi,TimeQueue,2.8845847557311566
91600.0,Varchi,TimeService,13.475061092438322
91600.0,Varchi,NumQueue,0.0
91600.0,TraceDetection,TimeTotal,132.97314806849587
91600.0,TraceDetection,NumTotal,4.0
91600.0,TraceDetection,SystemResponseTime_Success,2957.889349028115
91600.0,TraceDetection,BusyServers,1.0
91600.0,TraceDetection,TimeQueue,71.21207046493942
91600.0,TraceDetection,TimeService,61.80943448961993
91600.0,TraceDetection,NumQueue,3.0
91600.0,CheckIn,TimeTotal,109.50260316439703
91600.0,CheckIn,NumTotal,5.0
91600.0,CheckIn,SystemResponseTime_Success,2957.889349028115
91600.0,CheckIn,BusyServers,5.0
91600.0,CheckIn,TimeQueue,5.183081537824203
91600.0,CheckIn,TimeService,104.33545827732748
91600.0,CheckIn,NumQueue,0.0
92000.0,XRay,TimeTotal,2771.467330794034
92000.0,XRay,NumTotal,575.0
92000.0,XRay,SystemResponseTime_Success,2966.540786086297
92000.0,XRay,BusyServers,6.0
92000.0,XRay,TimeQueue,2722.713986558313
92000.0,XRay,TimeService,49.66613681471072
92000.0,XRay,NumQueue,569.0
92000.0,Recupero,TimeTotal,125.44492534214787
92000.0,Recupero,NumTotal,11.0
92000.0,Recupero,SystemResponseTime_Success,2966.540786086297
92000.0,Recupero,BusyServers,11.0
92000.0,Recupero,TimeQueue,0.0
92000.0,Recupero,TimeService,125.44492534214787
92000.0,Recupero,NumQueue,0.0
92000.0,CheckIn,TimeTotal,109.49820090729969
92000.0,CheckIn,NumTotal,4.0
92000.0,CheckIn,SystemResponseTime_Success,2966.540786086297
92000.0,CheckIn,BusyServers,4.0
92000.0,CheckIn,TimeQueue,5.163626385220314
92000.0,CheckIn,TimeService,104.33000999046814
92000.0,CheckIn,NumQueue,0.0
92000.0,TraceDetection,TimeTotal,133.40072164465687
92000.0,TraceDetection,NumTotal,1.0
92000.0,TraceDetection,SystemResponseTime_Success,2966.540786086297
92000.0,TraceDetection,BusyServers,1.0
92000.0,TraceDetection,TimeQueue,71.57511686861378
92000.0,TraceDetection,TimeService,61.758774601562514
92000.0,TraceDetection,NumQueue,0.0
92000.0,Varchi,TimeTotal,16.355018403564365
92000.0,Varchi,NumTotal,3.0
92000.0,Varchi,SystemResponseTime_Success,2966.540786086297
92000.0,Varchi,BusyServers,2.0
92000.0,Varchi,TimeQueue,2.881714710374983
92000.0,Varchi,TimeService,13.472810206638961
92000.0,Varchi,NumQueue,1.0
92400.0,XRay,TimeTotal,2778.762229469823
92400.0,XRay,NumTotal,590.0
92400.0,XRay,SystemResponseTime_Success,2973.7470762946255
92400.0,XRay,BusyServers,6.0
92400.0,XRay,TimeQueue,2730.01644120466
92400.0,XRay,TimeService,49.66585302962987
92400.0,XRay,NumQueue,584.0
92400.0,Varchi,TimeTotal,16.358260155938307
92400.0,Varchi,NumTotal,1.0
92400.0,Varchi,SystemResponseTime_Success,2973.7470762946255
92400.0,Varchi,BusyServers,1.0
92400.0,Varchi,TimeQueue,2.88516011156651
92400.0,Varchi,TimeService,13.472878347845944
92400.0,Varchi,NumQueue,0.0
92400.0,TraceDetection,TimeTotal,133.19891202682066
92400.0,TraceDetection,NumTotal,0.0
92400.0,TraceDetection,SystemResponseTime_Success,2973.7470762946255
92400.0,TraceDetection,BusyServers,0.0
92400.0,TraceDetection,TimeQueue,71.40437576292979
92400.0,TraceDetection,TimeService,61.79453626389078
92400.0,TraceDetection,NumQueue,0.0
92400.0,Recupero,TimeTotal,125.4459289299311
92400.0,Recupero,NumTotal,14.0
92400.0,Recupero,SystemResponseTime_Success,2973.7470762946255
92400.0,Recupero,BusyServers,14.0
92400.0,Recupero,TimeQueue,0.0
92400.0,Recupero,TimeService,125.4459289299311
92400.0,Recupero,NumQueue,0.0
92400.0,CheckIn,TimeTotal,109.51288579886985
92400.0,CheckIn,NumTotal,8.0
92400.0,CheckIn,SystemResponseTime_Success,2973.7470762946255
92400.0,CheckIn,BusyServers,8.0
92400.0,CheckIn,TimeQueue,5.149341120700579
92400.0,CheckIn,TimeService,104.35448093142217
92400.0,CheckIn,NumQueue,0.0
92800.0,TraceDetection,TimeTotal,132.98556360781103
92800.0,TraceDetection,NumTotal,2.0
92800.0,TraceDetection,SystemResponseTime_Success,2980.4226883937413
92800.0,TraceDetection,BusyServers,1.0
92800.0,TraceDetection,TimeQueue,71.14949241746228
92800.0,TraceDetection,TimeService,61.81921897450406
92800.0,TraceDetection,NumQueue,1.0
92800.0,XRay,TimeTotal,2785.97441824885
92800.0,XRay,NumTotal,589.0
92800.0,XRay,SystemResponseTime_Success,2980.4226883937413
92800.0,XRay,BusyServers,6.0
92800.0,XRay,TimeQueue,2737.2315585894835
92800.0,XRay,TimeService,49.68236954308073
92800.0,XRay,NumQueue,583.0
92800.0,Varchi,TimeTotal,16.359117773399674
92800.0,Varchi,NumTotal,0.0
92800.0,Varchi,SystemResponseTime_Success,2980.4226883937413
92800.0,Varchi,BusyServers,0.0
92800.0,Varchi,TimeQueue,2.8877495110673332
92800.0,Varchi,TimeService,13.471368262332213
92800.0,Varchi,NumQueue,0.0
92800.0,Recupero,TimeTotal,125.46879995057971
92800.0,Recupero,NumTotal,15.0
92800.0,Recupero,SystemResponseTime_Success,2980.4226883937413
92800.0,Recupero,BusyServers,15.0
92800.0,Recupero,TimeQueue,0.0
92800.0,Recupero,TimeService,125.46879995057971
92800.0,Recupero,NumQueue,0.0
92800.0,CheckIn,TimeTotal,109.49078848722863
92800.0,CheckIn,NumTotal,5.0
92800.0,CheckIn,SystemResponseTime_Success,2980.4226883937413
92800.0,CheckIn,BusyServers,5.0
92800.0,CheckIn,TimeQueue,5.133555971655296
92800.0,CheckIn,TimeService,104.35160608421467
92800.0,CheckIn,NumQueue,0.0
93200.0,Recupero,TimeTotal,125.45653926092399
93200.0,Recupero,NumTotal,16.0
93200.0,Recupero,SystemResponseTime_Success,2987.9130275016605
93200.0,Recupero,BusyServers,16.0
93200.0,Recupero,TimeQueue,0.0
93200.0,Recupero,TimeService,125.45653926092399
93200.0,Recupero,NumQueue,0.0
93200.0,CheckIn,TimeTotal,109.54852406939038
93200.0,CheckIn,NumTotal,8.0
93200.0,CheckIn,SystemResponseTime_Success,2987.9130275016605
93200.0,CheckIn,BusyServers,8.0
93200.0,CheckIn,TimeQueue,5.243508982071146
93200.0,CheckIn,TimeService,104.37853603299632
93200.0,CheckIn,NumQueue,0.0
93200.0,TraceDetection,TimeTotal,132.7226108625662
93200.0,TraceDetection,NumTotal,0.0
93200.0,TraceDetection,SystemResponseTime_Success,2987.9130275016605
93200.0,TraceDetection,BusyServers,0.0
93200.0,TraceDetection,TimeQueue,70.9540919561689
93200.0,TraceDetection,TimeService,61.768518906397226
93200.0,TraceDetection,NumQueue,0.0
93200.0,XRay,TimeTotal,2793.4286749553635
93200.0,XRay,NumTotal,598.0
93200.0,XRay,SystemResponseTime_Success,2987.9130275016605
93200.0,XRay,BusyServers,6.0
93200.0,XRay,TimeQueue,2744.7003125970928
93200.0,XRay,TimeService,49.685595534357205
93200.0,XRay,NumQueue,592.0
93200.0,Varchi,TimeTotal,16.353076208010897
93200.0,Varchi,NumTotal,2.0
93200.0,Varchi,SystemResponseTime_Success,2987.9130275016605
93200.0,Varchi,BusyServers,2.0
93200.0,Varchi,TimeQueue,2.8827177394392574
93200.0,Varchi,TimeService,13.470321852684865
93200.0,Varchi,NumQueue,0.0
93600.0,XRay,TimeTotal,2801.75147003332
93600.0,XRay,NumTotal,610.0
93600.0,XRay,SystemResponseTime_Success,2995.5947535899813
93600.0,XRay,BusyServers,6.0
93600.0,XRay,TimeQueue,2753.0393727318105
93600.0,XRay,TimeService,49.67633418221238
93600.0,XRay,NumQueue,604.0
93600.0,Varchi,TimeTotal,16.36108635316584
93600.0,Varchi,NumTotal,3.0
93600.0,Varchi,SystemResponseTime_Success,2995.5947535899813
93600.0,Varchi,BusyServers,2.0
93600.0,Varchi,TimeQueue,2.8904733418642214
93600.0,Varchi,TimeService,13.470127462277171
93600.0,Varchi,NumQueue,1.0
93600.0,Recupero,TimeTotal,125.4862270558077
93600.0,Recupero,NumTotal,17.0
93600.0,Recupero,SystemResponseTime_Success,2995.5947535899813
93600.0,Recupero,BusyServers,17.0
93600.0,Recupero,TimeQueue,0.0
93600.0,Recupero,TimeService,125.4862270558077
93600.0,Recupero,NumQueue,0.0
93600.0,TraceDetection,TimeTotal,132.7605489051615
93600.0,TraceDetection,NumTotal,3.0
93600.0,TraceDetection,SystemResponseTime_Success,2995.5947535899813
93600.0,TraceDetection,BusyServers,1.0
93600.0,TraceDetection,TimeQueue,71.04891045955702
93600.0,TraceDetection,TimeService,61.77117867648485
93600.0,TraceDetection,NumQueue,2.0
93600.0,CheckIn,TimeTotal,109.6324648605483
93600.0,CheckIn,NumTotal,7.0
93600.0,CheckIn,SystemResponseTime_Success,2995.5947535899813
93600.0,CheckIn,BusyServers,7.0
93600.0,CheckIn,TimeQueue,5.26482912721204
93600.0,CheckIn,TimeService,104.35964314953875
93600.0,CheckIn,NumQueue,0.0
94000.0,CheckIn,TimeTotal,109.61102202853169
94000.0,CheckIn,NumTotal,11.0
94000.0,CheckIn,SystemResponseTime_Success,3004.0768935978545
94000.0,CheckIn,BusyServers,8.0
94000.0,CheckIn,TimeQueue,5.246727410909209
94000.0,CheckIn,TimeService,104.36097216684631
94000.0,CheckIn,NumQueue,3.0
94000.0,Recupero,TimeTotal,125.47121545707748
94000.0,Recupero,NumTotal,13.0
94000.0,Recupero,SystemResponseTime_Success,3004.0768935978545
94000.0,Recupero,BusyServers,13.0
94000.0,Recupero,TimeQueue,0.0
94000.0,Recupero,TimeService,125.47121545707748
94000.0,Recupero,NumQueue,0.0
94000.0,TraceDetection,TimeTotal,133.19878953086
94000.0,TraceDetection,NumTotal,3.0
94000.0,TraceDetection,SystemResponseTime_Success,3004.0768935978545
94000.0,TraceDetection,BusyServers,1.0
94000.0,TraceDetection,TimeQueue,71.4334391967743
94000.0,TraceDetection,TimeService,61.77635523732981
94000.0,TraceDetection,NumQueue,2.0
94000.0,Varchi,TimeTotal,16.362360028831905
94000.0,Varchi,NumTotal,3.0
94000.0,Varchi,SystemResponseTime_Success,3004.0768935978545
94000.0,Varchi,BusyServers,3.0
94000.0,Varchi,TimeQueue,2.8930715873809207
94000.0,Varchi,TimeService,13.469430536676661
94000.0,Varchi,NumQueue,0.0
94000.0,XRay,TimeTotal,2809.774401570928
94000.0,XRay,NumTotal,609.0
94000.0,XRay,SystemResponseTime_Success,3004.0768935978545
94000.0,XRay,BusyServers,6.0
94000.0,XRay,TimeQueue,2761.069618239035
94000.0,XRay,TimeService,49.66310157665006
94000.0,XRay,NumQueue,603.0
94400.0,XRay,TimeTotal,2817.0809649262255
94400.0,XRay,NumTotal,615.0
94400.0,XRay,SystemResponseTime_Success,3011.7583817395935
94400.0,XRay,BusyServers,6.0
94400.0,XRay,TimeQueue,2768.372240990798
94400.0,XRay,TimeService,49.67282891249404
94400.0,XRay,NumQueue,609.0
94400.0,Recupero,TimeTotal,125.4817032361731
94400.0,Recupero,NumTotal,13.0
94400.0,Recupero,SystemResponseTime_Success,3011.7583817395935
94400.0,Recupero,BusyServers,13.0
94400.0,Recupero,TimeQueue,0.0
94400.0,Recupero,TimeService,125.4817032361731
94400.0,Recupero,NumQueue,0.0
94400.0,TraceDetection,TimeTotal,133.25573972454626
94400.0,TraceDetection,NumTotal,2.0
94400.0,TraceDetection,SystemResponseTime_Success,3011.7583817395935
94400.0,TraceDetection,BusyServers,1.0
94400.0,TraceDetection,TimeQueue,71.37011985050769
94400.0,TraceDetection,TimeService,61.82067890966132
94400.0,TraceDetection,NumQueue,1.0
94400.0,Varchi,TimeTotal,16.368176406984418
94400.0,Varchi,NumTotal,0.0
94400.0,Varchi,SystemResponseTime_Success,3011.7583817395935
94400.0,Varchi,BusyServers,0.0
94400.0,Varchi,TimeQueue,2.8957025343419134
94400.0,Varchi,TimeService,13.4724738726424
94400.0,Varchi,NumQueue,0.0
94400.0,CheckIn,TimeTotal,109.62345478351631
94400.0,CheckIn,NumTotal,8.0
94400.0,CheckIn,SystemResponseTime_Success,3011.7583817395935
94400.0,CheckIn,BusyServers,8.0
94400.0,CheckIn,TimeQueue,5.257232088925829
94400.0,CheckIn,TimeService,104.35717410235486
94400.0,CheckIn,NumQueue,0.0
94800.0,Varchi,TimeTotal,16.372850683985323
94800.0,Varchi,NumTotal,2.0
94800.0,Varchi,SystemResponseTime_Success,3019.4349263323247
94800.0,Varchi,BusyServers,2.0
94800.0,Varchi,TimeQueue,2.89792382480133
94800.0,Varchi,TimeService,13.474446234948916
94800.0,Varchi,NumQueue,0.0
94800.0,Recupero,TimeTotal,125.47954251508779
94800.0,Recupero,NumTotal,14.0
94800.0,Recupero,SystemResponseTime_Success,3019.4349263323247
94800.0,Recupero,BusyServers,14.0
94800.0,Recupero,TimeQueue,0.0
94800.0,Recupero,TimeService,125.47954251508779
94800.0,Recupero,NumQueue,0.0
94800.0,CheckIn,TimeTotal,109.57781239807065
94800.0,CheckIn,NumTotal,5.0
94800.0,CheckIn,SystemResponseTime_Success,3019.4349263323247
94800.0,CheckIn,BusyServers,5.0
94800.0,CheckIn,TimeQueue,5.244159586483991
94800.0,CheckIn,TimeService,104.32804168427394
94800.0,CheckIn,NumQueue,0.0
94800.0,XRay,TimeTotal,2824.6240403180745
94800.0,XRay,NumTotal,620.0
94800.0,XRay,SystemResponseTime_Success,3019.4349263323247
94800.0,XRay,BusyServers,6.0
94800.0,XRay,TimeQueue,2775.9230468594465
94800.0,XRay,TimeService,49.677902399979786
94800.0,XRay,NumQueue,614.0
94800.0,TraceDetection,TimeTotal,133.07543075858814
94800.0,TraceDetection,NumTotal,0.0
94800.0,TraceDetection,SystemResponseTime_Success,3019.4349263323247
94800.0,TraceDetection,BusyServers,0.0
94800.0,TraceDetection,TimeQueue,71.24842949081321
94800.0,TraceDetection,TimeService,61.82700126777485
94800.0,TraceDetection,NumQueue,0.0
95200.0,TraceDetection,TimeTotal,132.90571247611086
95200.0,TraceDetection,NumTotal,1.0
95200.0,TraceDetection,SystemResponseTime_Success,3026.0852459169355
95200.0,TraceDetection,BusyServers,1.0
95200.0,TraceDetection,TimeQueue,71.09907443522437
95200.0,TraceDetection,TimeService,61.81458310460953
95200.0,TraceDetection,NumQueue,0.0
95200.0,Varchi,TimeTotal,16.370448516283826
95200.0,Varchi,NumTotal,4.0
95200.0,Varchi,SystemResponseTime_Success,3026.0852459169355
95200.0,Varchi,BusyServers,3.0
95200.0,Varchi,TimeQueue,2.89536353437628
95200.0,Varchi,TimeService,13.474809494838588
95200.0,Varchi,NumQueue,1.0
95200.0,CheckIn,TimeTotal,109.51862727209422
95200.0,CheckIn,NumTotal,3.0
95200.0,CheckIn,SystemResponseTime_Success,3026.0852459169355
95200.0,CheckIn,BusyServers,3.0
95200.0,CheckIn,TimeQueue,5.2266748751048615
95200.0,CheckIn,TimeService,104.28861053325849
95200.0,CheckIn,NumQueue,0.0
95200.0,XRay,TimeTotal,2832.536652520842
95200.0,XRay,NumTotal,621.0
95200.0,XRay,SystemResponseTime_Success,3026.0852459169355
95200.0,XRay,BusyServers,6.0
95200.0,XRay,TimeQueue,2783.849463389203
95200.0,XRay,TimeService,49.67953463598132
95200.0,XRay,NumQueue,615.0
95200.0,Recupero,TimeTotal,125.48118958459136
95200.0,Recupero,NumTotal,20.0
95200.0,Recupero,SystemResponseTime_Success,3026.0852459169355
95200.0,Recupero,BusyServers,20.0
95200.0,Recupero,TimeQueue,0.0
95200.0,Recupero,TimeService,125.48118958459136
95200.0,Recupero,NumQueue,0.0
95600.0,TraceDetection,TimeTotal,132.92373787474844
95600.0,TraceDetection,NumTotal,3.0
95600.0,TraceDetection,SystemResponseTime_Success,3034.0408656566215
95600.0,TraceDetection,BusyServers,1.0
95600.0,TraceDetection,TimeQueue,71.09281704387774
95600.0,TraceDetection,TimeService,61.83738454241323
95600.0,TraceDetection,NumQueue,2.0
95600.0,Varchi,TimeTotal,16.37010704348021
95600.0,Varchi,NumTotal,2.0
95600.0,Varchi,SystemResponseTime_Success,3034.0408656566215
95600.0,Varchi,BusyServers,2.0
95600.0,Varchi,TimeQueue,2.896281693583336
95600.0,Varchi,TimeService,13.47351609814176
95600.0,Varchi,NumQueue,0.0
95600.0,CheckIn,TimeTotal,109.48873065553991
95600.0,CheckIn,NumTotal,5.0
95600.0,CheckIn,SystemResponseTime_Success,3034.0408656566215
95600.0,CheckIn,BusyServers,5.0
95600.0,CheckIn,TimeQueue,5.204504462060939
95600.0,CheckIn,TimeService,104.27870124182074
95600.0,CheckIn,NumQueue,0.0
95600.0,Recupero,TimeTotal,125.4907381342485
95600.0,Recupero,NumTotal,15.0
95600.0,Recupero,SystemResponseTime_Success,3034.0408656566215
95600.0,Recupero,BusyServers,15.0
95600.0,Recupero,TimeQueue,0.0
95600.0,Recupero,TimeService,125.4907381342485
95600.0,Recupero,NumQueue,0.0
95600.0,XRay,TimeTotal,2840.132904449551
95600.0,XRay,NumTotal,627.0
95600.0,XRay,SystemResponseTime_Success,3034.0408656566215
95600.0,XRay,BusyServers,6.0
95600.0,XRay,TimeQueue,2791.4346187373853
95600.0,XRay,TimeService,49.684715867544746
95600.0,XRay,NumQueue,621.0
96000.0,Varchi,TimeTotal,16.368730992183824
96000.0,Varchi,NumTotal,7.0
96000.0,Varchi,SystemResponseTime_Success,3043.198145061939
96000.0,Varchi,BusyServers,4.0
96000.0,Varchi,TimeQueue,2.8974042428099422
96000.0,Varchi,TimeService,13.472729502994927
96000.0,Varchi,NumQueue,3.0
96000.0,TraceDetection,TimeTotal,132.8180542352266
96000.0,TraceDetection,NumTotal,0.0
96000.0,TraceDetection,SystemResponseTime_Success,3043.198145061939
96000.0,TraceDetection,BusyServers,0.0
96000.0,TraceDetection,TimeQueue,71.00655284214366
96000.0,TraceDetection,TimeService,61.81150139308286
96000.0,TraceDetection,NumQueue,0.0
96000.0,XRay,TimeTotal,2848.6300156300217
96000.0,XRay,NumTotal,622.0
96000.0,XRay,SystemResponseTime_Success,3043.198145061939
96000.0,XRay,BusyServers,6.0
96000.0,XRay,TimeQueue,2799.9401694376184
96000.0,XRay,TimeService,49.67633296655758
96000.0,XRay,NumQueue,616.0
96000.0,Recupero,TimeTotal,125.49024462700034
96000.0,Recupero,NumTotal,15.0
96000.0,Recupero,SystemResponseTime_Success,3043.198145061939
96000.0,Recupero,BusyServers,15.0
96000.0,Recupero,TimeQueue,0.0
96000.0,Recupero,TimeService,125.49024462700034
96000.0,Recupero,NumQueue,0.0
96000.0,CheckIn,TimeTotal,109.48237185338138
96000.0,CheckIn,NumTotal,4.0
96000.0,CheckIn,SystemResponseTime_Success,3043.198145061939
96000.0,CheckIn,BusyServers,4.0
96000.0,CheckIn,TimeQueue,5.198248155797709
96000.0,CheckIn,TimeService,104.27972678647708
96000.0,CheckIn,NumQueue,0.0
96400.0,Varchi,TimeTotal,16.367102746571934
96400.0,Varchi,NumTotal,1.0
96400.0,Varchi,SystemResponseTime_Success,3051.4421580989974
96400.0,Varchi,BusyServers,1.0
96400.0,Varchi,TimeQueue,2.896966816256347
96400.0,Varchi,TimeService,13.46989961684651
96400.0,Varchi,NumQueue,0.0
96400.0,XRay,TimeTotal,2857.307480087114
96400.0,XRay,NumTotal,622.0
96400.0,XRay,SystemResponseTime_Success,3051.4421580989974
96400.0,XRay,BusyServers,6.0
96400.0,XRay,TimeQueue,2808.630935185996
96400.0,XRay,TimeService,49.664305083374984
96400.0,XRay,NumQueue,616.0
96400.0,Recupero,TimeTotal,125.4776903767133
96400.0,Recupero,NumTotal,14.0
96400.0,Recupero,SystemResponseTime_Success,3051.4421580989974
96400.0,Recupero,BusyServers,14.0
96400.0,Recupero,TimeQueue,0.0
96400.0,Recupero,TimeService,125.4776903767133
96400.0,Recupero,NumQueue,0.0
96400.0,TraceDetection,TimeTotal,132.67078691176107
96400.0,TraceDetection,NumTotal,4.0
96400.0,TraceDetection,SystemResponseTime_Success,3051.4421580989974
96400.0,TraceDetection,BusyServers,1.0
96400.0,TraceDetection,TimeQueue,70.8378446165591
96400.0,TraceDetection,TimeService,61.79073997156692
96400.0,TraceDetection,NumQueue,3.0
96400.0,CheckIn,TimeTotal,109.50685135336218
96400.0,CheckIn,NumTotal,5.0
96400.0,CheckIn,SystemResponseTime_Success,3051.4421580989974
96400.0,CheckIn,BusyServers,5.0
96400.0,CheckIn,TimeQueue,5.194862767781269
96400.0,CheckIn,TimeService,104.30764616392133
96400.0,CheckIn,NumQueue,0.0
96800.0,XRay,TimeTotal,2865.160238745915
96800.0,XRay,NumTotal,633.0
96800.0,XRay,SystemResponseTime_Success,3059.099024585197
96800.0,XRay,BusyServers,6.0
96800.0,XRay,TimeQueue,2816.4920003205725
96800.0,XRay,TimeService,49.67487074350904
96800.0,XRay,NumQueue,627.0
96800.0,CheckIn,TimeTotal,109.47895038892193
96800.0,CheckIn,NumTotal,3.0
96800.0,CheckIn,SystemResponseTime_Success,3059.099024585197
96800.0,CheckIn,BusyServers,3.0
96800.0,CheckIn,TimeQueue,5.1900729889982635
96800.0,CheckIn,TimeService,104.28561798628185
96800.0,CheckIn,NumQueue,0.0
96800.0,Varchi,TimeTotal,16.368119369522905
96800.0,Varchi,NumTotal,2.0
96800.0,Varchi,SystemResponseTime_Success,3059.099024585197
96800.0,Varchi,BusyServers,2.0
96800.0,Varchi,TimeQueue,2.900635612559752
96800.0,Varchi,TimeService,13.469432771066174
96800.0,Varchi,NumQueue,0.0
96800.0,Recupero,TimeTotal,125.45694943912588
96800.0,Recupero,NumTotal,15.0
96800.0,Recupero,SystemResponseTime_Success,3059.099024585197
96800.0,Recupero,BusyServers,15.0
96800.0,Recupero,TimeQueue,0.0
96800.0,Recupero,TimeService,125.45694943912588
96800.0,Recupero,NumQueue,0.0
96800.0,TraceDetection,TimeTotal,133.0128718100774
96800.0,TraceDetection,NumTotal,3.0
96800.0,TraceDetection,SystemResponseTime_Success,3059.099024585197
96800.0,TraceDetection,BusyServers,1.0
96800.0,TraceDetection,TimeQueue,71.15345584633901
96800.0,TraceDetection,TimeService,61.842620605083354
96800.0,TraceDetection,NumQueue,2.0
97200.0,CheckIn,TimeTotal,109.4399193790802
97200.0,CheckIn,NumTotal,6.0
97200.0,CheckIn,SystemResponseTime_Success,3067.371741063518
97200.0,CheckIn,BusyServers,6.0
97200.0,CheckIn,TimeQueue,5.170602102420113
97200.0,CheckIn,TimeService,104.26284323396094
97200.0,CheckIn,NumQueue,0.0
97200.0,Recupero,TimeTotal,125.45748931324066
97200.0,Recupero,NumTotal,16.0
97200.0,Recupero,SystemResponseTime_Success,3067.371741063518
97200.0,Recupero,BusyServers,16.0
97200.0,Recupero,TimeQueue,0.0
97200.0,Recupero,TimeService,125.45748931324066
97200.0,Recupero,NumQueue,0.0
97200.0,Varchi,TimeTotal,16.371843320438753
97200.0,Varchi,NumTotal,3.0
97200.0,Varchi,SystemResponseTime_Success,3067.371741063518
97200.0,Varchi,BusyServers,3.0
97200.0,Varchi,TimeQueue,2.904152719549504
97200.0,Varchi,TimeService,13.468337204983676
97200.0,Varchi,NumQueue,0.0
97200.0,XRay,TimeTotal,2873.0699786325504
97200.0,XRay,NumTotal,636.0
97200.0,XRay,SystemResponseTime_Success,3067.371741063518
97200.0,XRay,BusyServers,6.0
97200.0,XRay,TimeQueue,2824.3993205043867
97200.0,XRay,TimeService,49.66909929501288
97200.0,XRay,NumQueue,630.0
97200.0,TraceDetection,TimeTotal,133.06107329952968
97200.0,TraceDetection,NumTotal,2.0
97200.0,TraceDetection,SystemResponseTime_Success,3067.371741063518
97200.0,TraceDetection,BusyServers,1.0
97200.0,TraceDetection,TimeQueue,71.14178202151518
97200.0,TraceDetection,TimeService,61.8565006495753
97200.0,TraceDetection,NumQueue,1.0
97600.0,TraceDetection,TimeTotal,132.6512990383288
97600.0,TraceDetection,NumTotal,1.0
97600.0,TraceDetection,SystemResponseTime_Success,3074.97034560359
97600.0,TraceDetection,BusyServers,1.0
97600.0,TraceDetection,TimeQueue,70.78247350241212
97600.0,TraceDetection,TimeService,61.806735646879396
97600.0,TraceDetection,NumQueue,0.0
97600.0,Recupero,TimeTotal,125.47348682732976
97600.0,Recupero,NumTotal,18.0
97600.0,Recupero,SystemResponseTime_Success,3074.97034560359
97600.0,Recupero,BusyServers,18.0
97600.0,Recupero,TimeQueue,0.0
97600.0,Recupero,TimeService,125.47348682732976
97600.0,Recupero,NumQueue,0.0
97600.0,CheckIn,TimeTotal,109.42582545066298
97600.0,CheckIn,NumTotal,4.0
97600.0,CheckIn,SystemResponseTime_Success,3074.97034560359
97600.0,CheckIn,BusyServers,4.0
97600.0,CheckIn,TimeQueue,5.154000205874389
97600.0,CheckIn,TimeService,104.26754273526991
97600.0,CheckIn,NumQueue,0.0
97600.0,XRay,TimeTotal,2881.19739594489
97600.0,XRay,NumTotal,651.0
97600.0,XRay,SystemResponseTime_Success,3074.97034560359
97600.0,XRay,BusyServers,6.0
97600.0,XRay,TimeQueue,2832.5317124446838
97600.0,XRay,TimeService,49.678221984079215
97600.0,XRay,NumQueue,645.0
97600.0,Varchi,TimeTotal,16.364451243487057
97600.0,Varchi,NumTotal,2.0
97600.0,Varchi,SystemResponseTime_Success,3074.97034560359
97600.0,Varchi,BusyServers,2.0
97600.0,Varchi,TimeQueue,2.9016549048977667
97600.0,Varchi,TimeService,13.462329459280282
97600.0,Varchi,NumQueue,0.0
98000.0,TraceDetection,TimeTotal,132.44571292977528
98000.0,TraceDetection,NumTotal,1.0
98000.0,TraceDetection,SystemResponseTime_Success,3083.739345243373
98000.0,TraceDetection,BusyServers,1.0
98000.0,TraceDetection,TimeQueue,70.59685512784286
98000.0,TraceDetection,TimeService,61.78709327426145
98000.0,TraceDetection,NumQueue,0.0
98000.0,Recupero,TimeTotal,125.49347762607684
98000.0,Recupero,NumTotal,16.0
98000.0,Recupero,SystemResponseTime_Success,3083.739345243373
98000.0,Recupero,BusyServers,16.0
98000.0,Recupero,TimeQueue,0.0
98000.0,Recupero,TimeService,125.49347762607684
98000.0,Recupero,NumQueue,0.0
98000.0,XRay,TimeTotal,2889.485875898924
98000.0,XRay,NumTotal,659.0
98000.0,XRay,SystemResponseTime_Success,3083.739345243373
98000.0,XRay,BusyServers,6.0
98000.0,XRay,TimeQueue,2840.8583655793022
98000.0,XRay,TimeService,49.68567500363156
98000.0,XRay,NumQueue,653.0
98000.0,CheckIn,TimeTotal,109.39350266862238
98000.0,CheckIn,NumTotal,3.0
98000.0,CheckIn,SystemResponseTime_Success,3083.739345243373
98000.0,CheckIn,BusyServers,3.0
98000.0,CheckIn,TimeQueue,5.136941040939761
98000.0,CheckIn,TimeService,104.25337164152606
98000.0,CheckIn,NumQueue,0.0
98000.0,Varchi,TimeTotal,16.362192005013743
98000.0,Varchi,NumTotal,2.0
98000.0,Varchi,SystemResponseTime_Success,3083.739345243373
98000.0,Varchi,BusyServers,1.0
98000.0,Varchi,TimeQueue,2.8984572458164015
98000.0,Varchi,TimeService,13.463502604031381
98000.0,Varchi,NumQueue,1.0
98400.0,TraceDetection,TimeTotal,132.43832866682882
98400.0,TraceDetection,NumTotal,1.0
98400.0,TraceDetection,SystemResponseTime_Success,3092.442249897508
98400.0,TraceDetection,BusyServers,1.0
98400.0,TraceDetection,TimeQueue,70.53718364805091
98400.0,TraceDetection,TimeService,61.85178722332598
98400.0,TraceDetection,NumQueue,0.0
98400.0,CheckIn,TimeTotal,109.3773315418931
98400.0,CheckIn,NumTotal,7.0
98400.0,CheckIn,SystemResponseTime_Success,3092.442249897508
98400.0,CheckIn,BusyServers,7.0
98400.0,CheckIn,TimeQueue,5.121050317983667
98400.0,CheckIn,TimeService,104.24887780544073
98400.0,CheckIn,NumQueue,0.0
98400.0,XRay,TimeTotal,2898.2459828722317
98400.0,XRay,NumTotal,649.0
98400.0,XRay,SystemResponseTime_Success,3092.442249897508
98400.0,XRay,BusyServers,6.0
98400.0,XRay,TimeQueue,2849.612473536427
98400.0,XRay,TimeService,49.6760238664843
98400.0,XRay,NumQueue,643.0
98400.0,Varchi,TimeTotal,16.359706230530453
98400.0,Varchi,NumTotal,1.0
98400.0,Varchi,SystemResponseTime_Success,3092.442249897508
98400.0,Varchi,BusyServers,1.0
98400.0,Varchi,TimeQueue,2.8952036637436005
98400.0,Varchi,TimeService,13.464271412801635
98400.0,Varchi,NumQueue,0.0
98400.0,Recupero,TimeTotal,125.51840503088196
98400.0,Recupero,NumTotal,17.0
98400.0,Recupero,SystemResponseTime_Success,3092.442249897508
98400.0,Recupero,BusyServers,17.0
98400.0,Recupero,TimeQueue,0.0
98400.0,Recupero,TimeService,125.51840503088196
98400.0,Recupero,NumQueue,0.0
98800.0,XRay,TimeTotal,2906.6631187203725
98800.0,XRay,NumTotal,648.0
98800.0,XRay,SystemResponseTime_Success,3100.762700520556
98800.0,XRay,BusyServers,6.0
98800.0,XRay,TimeQueue,2858.041978861918
98800.0,XRay,TimeService,49.676406962062686
98800.0,XRay,NumQueue,642.0
98800.0,Varchi,TimeTotal,16.35528233985532
98800.0,Varchi,NumTotal,4.0
98800.0,Varchi,SystemResponseTime_Success,3100.762700520556
98800.0,Varchi,BusyServers,3.0
98800.0,Varchi,TimeQueue,2.891829346407923
98800.0,Varchi,TimeService,13.462979536084958
98800.0,Varchi,NumQueue,1.0
98800.0,Recupero,TimeTotal,125.54108501878831
98800.0,Recupero,NumTotal,15.0
98800.0,Recupero,SystemResponseTime_Success,3100.762700520556
98800.0,Recupero,BusyServers,15.0
98800.0,Recupero,TimeQueue,0.0
98800.0,Recupero,TimeService,125.54108501878831
98800.0,Recupero,NumQueue,0.0
98800.0,TraceDetection,TimeTotal,132.19847008542507
98800.0,TraceDetection,NumTotal,2.0
98800.0,TraceDetection,SystemResponseTime_Success,3100.762700520556
98800.0,TraceDetection,BusyServers,1.0
98800.0,TraceDetection,TimeQueue,70.30657244150466
98800.0,TraceDetection,TimeService,61.83086763312045
98800.0,TraceDetection,NumQueue,1.0
98800.0,CheckIn,TimeTotal,109.39000482309179
98800.0,CheckIn,NumTotal,7.0
98800.0,CheckIn,SystemResponseTime_Success,3100.762700520556
98800.0,CheckIn,BusyServers,7.0
98800.0,CheckIn,TimeQueue,5.152397090901533
98800.0,CheckIn,TimeService,104.2301942111962
98800.0,CheckIn,NumQueue,0.0
99200.0,CheckIn,TimeTotal,109.38284104946351
99200.0,CheckIn,NumTotal,4.0
99200.0,CheckIn,SystemResponseTime_Success,3109.579118474608
99200.0,CheckIn,BusyServers,4.0
99200.0,CheckIn,TimeQueue,5.1323816452407005
99200.0,CheckIn,TimeService,104.24625855982327
99200.0,CheckIn,NumQueue,0.0
99200.0,Recupero,TimeTotal,125.5692406178937
99200.0,Recupero,NumTotal,15.0
99200.0,Recupero,SystemResponseTime_Success,3109.579118474608
99200.0,Recupero,BusyServers,15.0
99200.0,Recupero,TimeQueue,0.0
99200.0,Recupero,TimeService,125.5692406178937
99200.0,Recupero,NumQueue,0.0
99200.0,TraceDetection,TimeTotal,132.02191457142723
99200.0,TraceDetection,NumTotal,0.0
99200.0,TraceDetection,SystemResponseTime_Success,3109.579118474608
99200.0,TraceDetection,BusyServers,0.0
99200.0,TraceDetection,TimeQueue,70.17117149518413
99200.0,TraceDetection,TimeService,61.85074307624305
99200.0,TraceDetection,NumQueue,0.0
99200.0,XRay,TimeTotal,2915.1478024768176
99200.0,XRay,NumTotal,653.0
99200.0,XRay,SystemResponseTime_Success,3109.579118474608
99200.0,XRay,BusyServers,6.0
99200.0,XRay,TimeQueue,2866.5588627126467
99200.0,XRay,TimeService,49.67718676561959
99200.0,XRay,NumQueue,647.0
99200.0,Varchi,TimeTotal,16.357516380886434
99200.0,Varchi,NumTotal,2.0
99200.0,Varchi,SystemResponseTime_Success,3109.579118474608
99200.0,Varchi,BusyServers,1.0
99200.0,Varchi,TimeQueue,2.892695698194924
99200.0,Varchi,TimeService,13.464591576426718
99200.0,Varchi,NumQueue,1.0
99600.0,Recupero,TimeTotal,125.5898053832396
99600.0,Recupero,NumTotal,13.0
99600.0,Recupero,SystemResponseTime_Success,3117.7969919562984
99600.0,Recupero,BusyServers,13.0
99600.0,Recupero,TimeQueue,0.0
99600.0,Recupero,TimeService,125.5898053832396
99600.0,Recupero,NumQueue,0.0
99600.0,Varchi,TimeTotal,16.352357887724267
99600.0,Varchi,NumTotal,3.0
99600.0,Varchi,SystemResponseTime_Success,3117.7969919562984
99600.0,Varchi,BusyServers,3.0
99600.0,Varchi,TimeQueue,2.88939949254335
99600.0,Varchi,TimeService,13.463220781885747
99600.0,Varchi,NumQueue,0.0
99600.0,XRay,TimeTotal,2923.075147005534
99600.0,XRay,NumTotal,664.0
99600.0,XRay,SystemResponseTime_Success,3117.7969919562984
99600.0,XRay,BusyServers,6.0
99600.0,XRay,TimeQueue,2874.480677851025
99600.0,XRay,TimeService,49.689484019178856
99600.0,XRay,NumQueue,658.0
99600.0,TraceDetection,TimeTotal,131.86094701914774
99600.0,TraceDetection,NumTotal,0.0
99600.0,TraceDetection,SystemResponseTime_Success,3117.7969919562984
99600.0,TraceDetection,BusyServers,0.0
99600.0,TraceDetection,TimeQueue,70.06036676619966
99600.0,TraceDetection,TimeService,61.80058025294801
99600.0,TraceDetection,NumQueue,0.0
99600.0,CheckIn,TimeTotal,109.38295337512298
99600.0,CheckIn,NumTotal,9.0
99600.0,CheckIn,SystemResponseTime_Success,3117.7969919562984
99600.0,CheckIn,BusyServers,8.0
99600.0,CheckIn,TimeQueue,5.162635401481383
99600.0,CheckIn,TimeService,104.25370211468612
99600.0,CheckIn,NumQueue,1.0
